,userId,movieId,rating,timestamp
3750000,25511,2355,4.5,1134574579
3750001,25511,2356,3.0,1134574835
3750002,25511,2363,2.0,1134885015
3750003,25511,2369,3.0,1134801619
3750004,25511,2375,0.5,1134943288
3750005,25511,2385,0.5,1134574923
3750006,25511,2386,0.5,1132169031
3750007,25511,2389,1.0,1134453956
3750008,25511,2390,4.0,1134574615
3750009,25511,2391,5.0,1134574645
3750010,25511,2392,0.5,1134455281
3750011,25511,2394,3.0,1134574734
3750012,25511,2395,5.0,1134574634
3750013,25511,2396,4.0,1134574636
3750014,25511,2400,1.5,1134456563
3750015,25511,2406,4.0,1132168786
3750016,25511,2413,3.0,1134803007
3750017,25511,2424,1.0,1134574875
3750018,25511,2427,4.0,1134574736
3750019,25511,2428,2.5,1134456852
3750020,25511,2431,0.5,1134453878
3750021,25511,2432,0.5,1134574933
3750022,25511,2433,4.0,1134574744
3750023,25511,2435,2.5,1134574794
3750024,25511,2442,3.5,1134574618
3750025,25511,2446,1.5,1134574377
3750026,25511,2447,3.0,1134574407
3750027,25511,2455,4.0,1134802820
3750028,25511,2459,3.0,1134799231
3750029,25511,2462,0.5,1132666737
3750030,25511,2485,0.5,1134574423
3750031,25511,2490,1.0,1134574225
3750032,25511,2491,0.5,1134574425
3750033,25511,2496,3.5,1134574179
3750034,25511,2497,0.5,1134875211
3750035,25511,2500,1.0,1134574385
3750036,25511,2502,4.0,1132168782
3750037,25511,2504,2.0,1134574304
3750038,25511,2505,2.0,1134574341
3750039,25511,2509,0.5,1134574171
3750040,25511,2529,4.0,1134801949
3750041,25511,2539,3.0,1134574176
3750042,25511,2541,4.0,1134574206
3750043,25511,2542,4.5,1134572920
3750044,25511,2546,0.5,1134574338
3750045,25511,2549,0.5,1132667592
3750046,25511,2551,4.5,1134803568
3750047,25511,2558,0.5,1134574421
3750048,25511,2560,4.0,1134553845
3750049,25511,2563,3.5,1134554982
3750050,25511,2567,1.5,1134454305
3750051,25511,2571,4.0,1134553499
3750052,25511,2572,3.5,1134574233
3750053,25511,2580,4.0,1134572883
3750054,25511,2581,0.5,1134574433
3750055,25511,2583,4.0,1134572864
3750056,25511,2596,3.5,1134555711
3750057,25511,2597,0.5,1134574428
3750058,25511,2598,1.0,1134453903
3750059,25511,2599,4.0,1134572931
3750060,25511,2600,4.0,1134574199
3750061,25511,2602,3.0,1134876442
3750062,25511,2605,0.5,1134574381
3750063,25511,2606,2.0,1134574410
3750064,25511,2616,1.5,1134799227
3750065,25511,2617,3.0,1134574213
3750066,25511,2622,2.5,1134574280
3750067,25511,2628,2.5,1134801412
3750068,25511,2629,0.5,1134453901
3750069,25511,2657,3.5,1134799656
3750070,25511,2671,3.5,1134574256
3750071,25511,2676,1.5,1134574358
3750072,25511,2683,3.0,1134574193
3750073,25511,2690,4.0,1134572885
3750074,25511,2692,4.0,1134553521
3750075,25511,2694,3.5,1134574324
3750076,25511,2699,4.5,1132168795
3750077,25511,2700,4.5,1134572852
3750078,25511,2701,0.5,1134453954
3750079,25511,2702,2.5,1134883334
3750080,25511,2706,4.0,1134572854
3750081,25511,2710,3.0,1134574307
3750082,25511,2712,3.5,1134553748
3750083,25511,2713,1.0,1134574353
3750084,25511,2716,4.0,1134799019
3750085,25511,2718,0.5,1134574229
3750086,25511,2719,0.5,1134455265
3750087,25511,2721,3.5,1134554306
3750088,25511,2723,3.5,1134574315
3750089,25511,2724,0.5,1134453829
3750090,25511,2735,0.5,1134883588
3750091,25511,2759,2.0,1134574169
3750092,25511,2761,5.0,1134572927
3750093,25511,2762,3.0,1132168910
3750094,25511,2763,4.0,1134572832
3750095,25511,2769,3.5,1134572483
3750096,25511,2770,3.5,1134574311
3750097,25511,2771,1.0,1134574393
3750098,25511,2772,3.5,1134574313
3750099,25511,2779,4.0,1134800452
3750100,25511,2791,3.5,1134802245
3750101,25511,2797,4.0,1134800370
3750102,25511,2798,0.5,1134883840
3750103,25511,2799,1.0,1132168980
3750104,25511,2800,2.5,1134879075
3750105,25511,2802,0.5,1134875179
3750106,25511,2805,1.0,1134574343
3750107,25511,2809,0.5,1134574426
3750108,25511,2819,5.0,1134801589
3750109,25511,2827,1.0,1134453891
3750110,25511,2829,1.0,1134454431
3750111,25511,2840,0.5,1134453958
3750112,25511,2841,4.0,1134572858
3750113,25511,2844,2.5,1134878395
3750114,25511,2858,4.0,1132168928
3750115,25511,2876,2.0,1134879341
3750116,25511,2881,0.5,1134453844
3750117,25511,2888,0.5,1134574400
3750118,25511,2890,4.0,1134572892
3750119,25511,2908,4.5,1134572900
3750120,25511,2912,4.5,1134572913
3750121,25511,2915,4.0,1134799224
3750122,25511,2918,4.0,1132168931
3750123,25511,2919,3.0,1134800455
3750124,25511,2944,4.0,1134800143
3750125,25511,2953,1.0,1134454795
3750126,25511,2959,5.0,1134553459
3750127,25511,2973,5.0,1134802899
3750128,25511,2976,4.0,1134553745
3750129,25511,2978,0.5,1134453807
3750130,25511,2985,4.0,1134799035
3750131,25511,2987,5.0,1134799530
3750132,25511,2995,2.5,1134574365
3750133,25511,2997,5.0,1134572935
3750134,25511,3005,0.5,1134454165
3750135,25511,3006,4.0,1134572958
3750136,25511,3019,5.0,1134800113
3750137,25511,3034,3.5,1134799195
3750138,25511,3037,3.5,1134799207
3750139,25511,3052,4.0,1134572842
3750140,25511,3053,0.5,1134574361
3750141,25511,3072,4.0,1134799210
3750142,25511,3074,4.0,1134874018
3750143,25511,3081,4.0,1134555493
3750144,25511,3083,4.0,1134572961
3750145,25511,3099,0.5,1134883886
3750146,25511,3114,4.0,1134572945
3750147,25511,3115,2.0,1134574164
3750148,25511,3125,3.5,1134572896
3750149,25511,3129,4.5,1134572941
3750150,25511,3145,4.0,1134574166
3750151,25511,3146,2.5,1134574368
3750152,25511,3147,3.5,1132168802
3750153,25511,3148,3.0,1134572917
3750154,25511,3157,4.0,1134574209
3750155,25511,3159,3.5,1134555030
3750156,25511,3160,4.0,1134572924
3750157,25511,3166,0.5,1132168964
3750158,25511,3168,2.0,1134799187
3750159,25511,3169,4.5,1134874674
3750160,25511,3173,2.0,1134454416
3750161,25511,3174,4.0,1134572822
3750162,25511,3175,4.0,1134572867
3750163,25511,3176,4.0,1134574247
3750164,25511,3185,3.5,1134572530
3750165,25511,3186,3.0,1134572799
3750166,25511,3194,1.5,1134874021
3750167,25511,3210,4.5,1134799201
3750168,25511,3221,4.0,1134555021
3750169,25511,3238,0.5,1134453906
3750170,25511,3246,4.5,1134857759
3750171,25511,3247,3.0,1134799199
3750172,25511,3253,4.0,1134803106
3750173,25511,3254,4.0,1134800463
3750174,25511,3255,3.5,1134555480
3750175,25511,3261,3.5,1134799203
3750176,25511,3264,2.5,1134801560
3750177,25511,3267,4.5,1134803392
3750178,25511,3271,4.5,1134800471
3750179,25511,3273,1.0,1134572448
3750180,25511,3275,4.5,1134572666
3750181,25511,3287,2.0,1134572440
3750182,25511,3299,1.0,1134453939
3750183,25511,3307,5.0,1134553729
3750184,25511,3317,4.5,1134572653
3750185,25511,3326,0.5,1134453963
3750186,25511,3328,4.0,1134572682
3750187,25511,3350,4.5,1134882969
3750188,25511,3355,3.0,1134572475
3750189,25511,3362,3.5,1134857454
3750190,25511,3388,0.5,1134942708
3750191,25511,3396,3.5,1134857407
3750192,25511,3400,2.5,1134876408
3750193,25511,3401,0.5,1134877800
3750194,25511,3408,3.5,1134572730
3750195,25511,3409,0.5,1134572389
3750196,25511,3418,2.5,1134800382
3750197,25511,3421,5.0,1134803378
3750198,25511,3425,3.5,1134874294
3750199,25511,3435,5.0,1134800120
3750200,25511,3438,3.0,1134456199
3750201,25511,3439,2.0,1134801804
3750202,25511,3440,2.5,1132169183
3750203,25511,3454,2.0,1134455952
3750204,25511,3471,4.0,1134801418
3750205,25511,3476,4.0,1134799167
3750206,25511,3477,4.0,1134576097
3750207,25511,3481,4.0,1134572630
3750208,25511,3483,3.5,1134572384
3750209,25511,3489,1.0,1134802998
3750210,25511,3499,4.5,1134801924
3750211,25511,3507,4.0,1134800420
3750212,25511,3509,2.5,1134572424
3750213,25511,3524,3.0,1134801931
3750214,25511,3527,4.0,1134802824
3750215,25511,3534,2.0,1134572363
3750216,25511,3535,4.5,1134572610
3750217,25511,3536,3.5,1134572569
3750218,25511,3556,4.5,1134572712
3750219,25511,3562,1.0,1134572374
3750220,25511,3565,0.5,1134572370
3750221,25511,3578,3.0,1134572626
3750222,25511,3594,0.5,1134572375
3750223,25511,3609,3.5,1132666592
3750224,25511,3611,2.0,1134879800
3750225,25511,3614,4.0,1134856559
3750226,25511,3615,0.5,1134875163
3750227,25511,3616,3.5,1134572426
3750228,25511,3617,3.5,1134572596
3750229,25511,3623,0.5,1134799014
3750230,25511,3671,5.0,1134800426
3750231,25511,3672,2.0,1134883906
3750232,25511,3673,2.0,1134874433
3750233,25511,3674,2.0,1134877313
3750234,25511,3683,5.0,1134803364
3750235,25511,3686,3.0,1134799148
3750236,25511,3693,2.5,1134455831
3750237,25511,3694,2.0,1132667407
3750238,25511,3697,0.5,1134883620
3750239,25511,3707,0.5,1134453952
3750240,25511,3717,1.0,1134572365
3750241,25511,3735,2.5,1134799152
3750242,25511,3751,4.0,1134572710
3750243,25511,3752,3.5,1134572413
3750244,25511,3753,3.0,1134572557
3750245,25511,3755,3.0,1134572432
3750246,25511,3783,4.0,1134883232
3750247,25511,3785,3.5,1134572409
3750248,25511,3786,1.0,1134572487
3750249,25511,3793,3.5,1134572680
3750250,25511,3798,0.5,1134572372
3750251,25511,3809,4.0,1134800430
3750252,25511,3812,3.5,1134801477
3750253,25511,3820,0.5,1132169041
3750254,25511,3825,0.5,1134572396
3750255,25511,3826,1.0,1134453880
3750256,25511,3858,1.0,1134454201
3750257,25511,3865,3.0,1134572600
3750258,25511,3882,3.5,1134572541
3750259,25511,3884,2.5,1132667455
3750260,25511,3893,1.0,1134572511
3750261,25511,3897,5.0,1134572632
3750262,25511,3911,4.0,1134572649
3750263,25511,3915,4.0,1134572728
3750264,25511,3948,3.5,1134555068
3750265,25511,3949,4.5,1134553475
3750266,25511,3952,3.5,1134572684
3750267,25511,3955,1.0,1134453813
3750268,25511,3967,4.0,1134572623
3750269,25511,3968,0.5,1134572455
3750270,25511,3973,0.5,1134453717
3750271,25511,3977,2.0,1134454354
3750272,25511,3979,1.0,1134803516
3750273,25511,3983,4.5,1134553649
3750274,25511,3993,4.5,1134572715
3750275,25511,3994,3.0,1134572550
3750276,25511,3996,3.5,1134572638
3750277,25511,4002,4.5,1134799125
3750278,25511,4007,4.0,1134799770
3750279,25511,4011,4.5,1134882898
3750280,25511,4014,4.0,1134572668
3750281,25511,4015,1.5,1134572467
3750282,25511,4016,3.5,1134555539
3750283,25511,4017,3.5,1134572618
3750284,25511,4020,3.0,1134572547
3750285,25511,4021,4.0,1134572643
3750286,25511,4023,0.5,1134572387
3750287,25511,4025,2.0,1134572407
3750288,25511,4027,4.5,1134572635
3750289,25511,4029,4.5,1134572536
3750290,25511,4030,0.5,1134877942
3750291,25511,4034,4.0,1132168811
3750292,25511,4040,0.5,1136314650
3750293,25511,4041,2.0,1134555162
3750294,25511,4055,3.5,1134572720
3750295,25511,4090,3.5,1134801805
3750296,25511,4103,4.0,1134882861
3750297,25511,4105,4.5,1134799140
3750298,25511,4126,1.0,1134454232
3750299,25511,4128,4.0,1134799134
3750300,25511,4143,0.5,1134454951
3750301,25511,4148,2.0,1134455321
3750302,25511,4149,3.5,1134571987
3750303,25511,4153,0.5,1134454311
3750304,25511,4161,3.0,1134571924
3750305,25511,4166,4.0,1134571718
3750306,25511,4226,5.0,1132168856
3750307,25511,4239,4.0,1134571704
3750308,25511,4246,4.0,1134571729
3750309,25511,4247,0.5,1134453811
3750310,25511,4248,3.5,1134571967
3750311,25511,4255,2.5,1132169072
3750312,25511,4262,4.0,1134802847
3750313,25511,4267,1.5,1134454210
3750314,25511,4270,1.0,1134572044
3750315,25511,4296,1.0,1134454390
3750316,25511,4299,2.0,1134571943
3750317,25511,4305,0.5,1134572026
3750318,25511,4306,5.0,1134571784
3750319,25511,4308,4.0,1134555054
3750320,25511,4313,3.5,1134571902
3750321,25511,4317,0.5,1134880152
3750322,25511,4321,3.0,1134857394
3750323,25511,4322,5.0,1132168903
3750324,25511,4340,1.5,1134572040
3750325,25511,4343,2.0,1134571970
3750326,25511,4345,3.5,1134571882
3750327,25511,4361,3.5,1134799130
3750328,25511,4367,2.0,1134802537
3750329,25511,4369,1.0,1134571975
3750330,25511,4388,1.0,1134454916
3750331,25511,4447,3.5,1134571816
3750332,25511,4448,3.5,1134571876
3750333,25511,4452,3.5,1134571808
3750334,25511,4501,2.0,1134879307
3750335,25511,4526,0.5,1134877569
3750336,25511,4545,2.5,1134883319
3750337,25511,4570,4.0,1134874221
3750338,25511,4621,2.0,1134457158
3750339,25511,4623,3.5,1134555499
3750340,25511,4628,3.0,1134874234
3750341,25511,4638,1.0,1134572030
3750342,25511,4639,1.5,1134454328
3750343,25511,4641,4.5,1134571788
3750344,25511,4643,2.0,1134454419
3750345,25511,4686,1.0,1132169010
3750346,25511,4699,2.5,1134571962
3750347,25511,4720,3.5,1134571744
3750348,25511,4725,3.0,1134571854
3750349,25511,4728,3.0,1134571932
3750350,25511,4734,3.5,1134571843
3750351,25511,4738,4.0,1134571756
3750352,25511,4744,0.5,1134453904
3750353,25511,4745,3.0,1134571889
3750354,25511,4748,2.0,1132169152
3750355,25511,4749,0.5,1132666721
3750356,25511,4750,0.5,1132666738
3750357,25511,4757,0.5,1134454463
3750358,25511,4774,1.5,1134454251
3750359,25511,4782,3.5,1134571801
3750360,25511,4814,2.0,1134571984
3750361,25511,4816,3.5,1134455315
3750362,25511,4821,3.5,1134571939
3750363,25511,4844,3.5,1134571863
3750364,25511,4845,0.5,1136314666
3750365,25511,4848,5.0,1134571764
3750366,25511,4865,4.0,1134571674
3750367,25511,4867,2.0,1134571997
3750368,25511,4871,3.0,1134555532
3750369,25511,4876,3.0,1134571991
3750370,25511,4878,4.0,1134553469
3750371,25511,4881,4.5,1134571773
3750372,25511,4886,4.5,1134571791
3750373,25511,4888,4.0,1134571723
3750374,25511,4889,3.5,1134571845
3750375,25511,4890,3.5,1134571995
3750376,25511,4896,3.5,1134571752
3750377,25511,4963,4.0,1134569741
3750378,25511,4969,5.0,1132168925
3750379,25511,4973,4.0,1134553579
3750380,25511,4974,3.0,1134572008
3750381,25511,4979,5.0,1134571759
3750382,25511,4993,5.0,1134553513
3750383,25511,4995,3.0,1134571207
3750384,25511,5013,3.5,1134571731
3750385,25511,5014,3.5,1134571897
3750386,25511,5015,3.5,1134555646
3750387,25511,5025,3.5,1134571460
3750388,25511,5026,3.5,1134555200
3750389,25511,5038,4.5,1134555427
3750390,25511,5049,4.0,1134802839
3750391,25511,5060,4.5,1134799008
3750392,25511,5064,3.0,1134571170
3750393,25511,5065,2.5,1134454370
3750394,25511,5066,0.5,1134571558
3750395,25511,5076,3.0,1134884780
3750396,25511,5081,3.5,1134571464
3750397,25511,5092,3.5,1134571446
3750398,25511,5094,0.5,1132169019
3750399,25511,5095,3.5,1134571250
3750400,25511,5102,2.0,1134456021
3750401,25511,5103,4.0,1134803367
3750402,25511,5107,3.5,1134883896
3750403,25511,5108,3.0,1136314755
3750404,25511,5109,0.5,1134883579
3750405,25511,5128,0.5,1134856426
3750406,25511,5136,3.0,1132667348
3750407,25511,5145,5.0,1134018794
3750408,25511,5151,3.0,1134571539
3750409,25511,5159,2.5,1134801744
3750410,25511,5164,0.5,1132169115
3750411,25511,5218,3.0,1134554668
3750412,25511,5219,2.5,1134571569
3750413,25511,5222,3.5,1134554551
3750414,25511,5254,3.5,1134571261
3750415,25511,5255,0.5,1134453733
3750416,25511,5265,3.5,1134571452
3750417,25511,5266,3.5,1134571296
3750418,25511,5269,4.0,1134571308
3750419,25511,5291,5.0,1134553717
3750420,25511,5293,4.0,1134571289
3750421,25511,5294,4.5,1134571385
3750422,25511,5296,0.5,1134883672
3750423,25511,5298,3.5,1134553770
3750424,25511,5299,0.5,1134554205
3750425,25511,5304,4.5,1134553420
3750426,25511,5313,0.5,1134571600
3750427,25511,5315,2.5,1132667171
3750428,25511,5349,4.0,1134571388
3750429,25511,5363,2.5,1134571530
3750430,25511,5364,2.0,1134571479
3750431,25511,5377,4.0,1134571215
3750432,25511,5378,2.5,1134571481
3750433,25511,5380,3.5,1134555607
3750434,25511,5388,3.5,1134555453
3750435,25511,5391,5.0,1134571382
3750436,25511,5415,0.5,1134454504
3750437,25511,5418,4.0,1134571185
3750438,25511,5419,1.0,1134454359
3750439,25511,5421,4.5,1134801451
3750440,25511,5424,1.0,1132667268
3750441,25511,5444,3.0,1134555079
3750442,25511,5445,3.5,1132168808
3750443,25511,5448,2.5,1132169155
3750444,25511,5450,4.0,1134571380
3750445,25511,5451,1.0,1134455382
3750446,25511,5452,0.5,1132666757
3750447,25511,5472,3.5,1134883409
3750448,25511,5476,0.5,1134453809
3750449,25511,5478,2.5,1134571538
3750450,25511,5502,3.5,1134571332
3750451,25511,5504,4.0,1134571551
3750452,25511,5505,4.0,1134571321
3750453,25511,5507,0.5,1134454443
3750454,25511,5524,3.5,1134454445
3750455,25511,5528,4.5,1134571326
3750456,25511,5538,1.5,1134456968
3750457,25511,5539,0.5,1132169135
3750458,25511,5541,3.5,1134803257
3750459,25511,5548,3.0,1134883871
3750460,25511,5556,0.5,1132169023
3750461,25511,5569,0.5,1134454448
3750462,25511,5577,4.5,1134571357
3750463,25511,5591,2.0,1134876350
3750464,25511,5596,2.5,1134877299
3750465,25511,5609,0.5,1132169178
3750466,25511,5612,3.5,1134571543
3750467,25511,5617,4.0,1134571183
3750468,25511,5620,1.0,1134453913
3750469,25511,5630,3.5,1134571359
3750470,25511,5662,2.0,1134553897
3750471,25511,5666,3.5,1134571235
3750472,25511,5669,4.5,1134571197
3750473,25511,5673,4.5,1134571341
3750474,25511,5677,0.5,1134453762
3750475,25511,5679,3.5,1134555225
3750476,25511,5680,4.5,1134571300
3750477,25511,5693,0.5,1132666818
3750478,25511,5747,5.0,1136314171
3750479,25511,5784,0.5,1134454259
3750480,25511,5785,4.0,1134571413
3750481,25511,5791,4.0,1134571192
3750482,25511,5807,1.0,1134454846
3750483,25511,5808,1.0,1134454356
3750484,25511,5809,3.5,1134571401
3750485,25511,5810,4.5,1134571291
3750486,25511,5816,3.5,1134571376
3750487,25511,5875,4.0,1134571334
3750488,25511,5879,3.0,1134454440
3750489,25511,5893,4.5,1134856407
3750490,25511,5902,4.5,1134571218
3750491,25511,5945,5.0,1134883310
3750492,25511,5952,5.0,1132168936
3750493,25511,5954,4.5,1134571205
3750494,25511,5971,4.0,1132668241
3750495,25511,5989,4.0,1134571202
3750496,25511,5991,3.5,1134571158
3750497,25511,5992,3.5,1134571166
3750498,25511,5995,4.5,1134553574
3750499,25511,6001,4.5,1134856403
3750500,25511,6002,4.0,1134571278
3750501,25511,6003,4.0,1134571369
3750502,25511,6010,2.5,1134456158
3750503,25511,6040,0.5,1134571052
3750504,25511,6058,1.0,1134454386
3750505,25511,6059,3.5,1134803479
3750506,25511,6063,1.0,1134570802
3750507,25511,6155,0.5,1134453852
3750508,25511,6156,2.5,1134570972
3750509,25511,6162,4.0,1134570806
3750510,25511,6166,2.0,1134454709
3750511,25511,6170,4.0,1134856400
3750512,25511,6187,3.5,1134570828
3750513,25511,6188,4.0,1134554700
3750514,25511,6197,4.0,1134570903
3750515,25511,6212,1.0,1134454436
3750516,25511,6220,3.5,1134571036
3750517,25511,6222,0.5,1134454350
3750518,25511,6223,3.5,1134570819
3750519,25511,6242,2.0,1134574606
3750520,25511,6250,0.5,1134453977
3750521,25511,6259,3.0,1134874570
3750522,25511,6265,2.5,1136314889
3750523,25511,6266,3.0,1134571029
3750524,25511,6281,3.5,1134570855
3750525,25511,6287,1.0,1134453966
3750526,25511,6290,0.5,1134454227
3750527,25511,6297,4.5,1134570913
3750528,25511,6298,3.0,1134571010
3750529,25511,6316,2.0,1134877892
3750530,25511,6323,4.0,1134555257
3750531,25511,6326,3.5,1134570989
3750532,25511,6331,4.0,1134553601
3750533,25511,6332,0.5,1134453725
3750534,25511,6333,4.5,1134570733
3750535,25511,6337,3.5,1134554568
3750536,25511,6339,3.5,1134555411
3750537,25511,6365,3.0,1134570869
3750538,25511,6367,4.0,1134570929
3750539,25511,6368,4.0,1132168869
3750540,25511,6373,3.5,1134571046
3750541,25511,6377,5.0,1134570764
3750542,25511,6378,4.0,1134555395
3750543,25511,6379,0.5,1134453853
3750544,25511,6380,4.0,1134570788
3750545,25511,6440,4.5,1134799834
3750546,25511,6453,4.5,1134554365
3750547,25511,6466,2.0,1134554607
3750548,25511,6485,2.0,1132667450
3750549,25511,6491,3.0,1136314477
3750550,25511,6502,4.5,1134570713
3750551,25511,6503,1.0,1134453950
3750552,25511,6535,1.0,1134942780
3750553,25511,6536,2.0,1134455313
3750554,25511,6539,4.0,1134570752
3750555,25511,6541,0.5,1134802887
3750556,25511,6548,0.5,1134454206
3750557,25511,6557,0.5,1134876777
3750558,25511,6558,1.0,1134456399
3750559,25511,6591,4.0,1134570781
3750560,25511,6593,4.0,1134570831
3750561,25511,6615,0.5,1134454234
3750562,25511,6616,3.0,1134570950
3750563,25511,6618,3.0,1132668264
3750564,25511,6620,5.0,1134570770
3750565,25511,6624,1.0,1134453865
3750566,25511,6670,1.0,1134455766
3750567,25511,6695,0.5,1134453875
3750568,25511,6702,0.5,1134454476
3750569,25511,6703,0.5,1134453965
3750570,25511,6707,3.0,1134455362
3750571,25511,6708,4.0,1134570919
3750572,25511,6709,4.0,1134570940
3750573,25511,6750,2.0,1134570983
3750574,25511,6751,0.5,1132667380
3750575,25511,6753,3.5,1134570717
3750576,25511,6754,1.0,1134455322
3750577,25511,6755,4.5,1134570906
3750578,25511,6763,0.5,1134454002
3750579,25511,6765,0.5,1134454029
3750580,25511,6787,5.0,1132168923
3750581,25511,6793,2.0,1134877855
3750582,25511,6794,0.5,1132666777
3750583,25511,6827,1.0,1132169046
3750584,25511,6863,4.0,1134570921
3750585,25511,6870,4.5,1134570773
3750586,25511,6872,0.5,1132168968
3750587,25511,6873,3.5,1134570792
3750588,25511,6874,5.0,1134570742
3750589,25511,6880,0.5,1134454471
3750590,25511,6881,4.0,1134570927
3750591,25511,6883,2.5,1134570979
3750592,25511,6885,0.5,1134454036
3750593,25511,6886,0.5,1134571063
3750594,25511,6888,1.0,1134453729
3750595,25511,6890,4.0,1134570917
3750596,25511,6934,2.5,1134571032
3750597,25511,6936,4.0,1134570899
3750598,25511,6942,4.0,1134570719
3750599,25511,6947,4.0,1134570925
3750600,25511,6950,0.5,1134454033
3750601,25511,6951,0.5,1132169065
3750602,25511,6952,1.0,1134453989
3750603,25511,6953,4.5,1134570728
3750604,25511,6957,4.0,1134555102
3750605,25511,6987,5.0,1134553496
3750606,25511,6992,2.0,1134454384
3750607,25511,6993,5.0,1134802621
3750608,25511,7001,3.5,1134801752
3750609,25511,7022,5.0,1134572646
3750610,25511,7046,2.5,1134801728
3750611,25511,7059,4.5,1134555251
3750612,25511,7071,4.0,1134555239
3750613,25511,7090,4.0,1132668447
3750614,25511,7142,0.5,1134571059
3750615,25511,7147,4.5,1134570740
3750616,25511,7149,2.5,1134554395
3750617,25511,7150,3.0,1136314865
3750618,25511,7151,3.0,1134801715
3750619,25511,7153,5.0,1134553532
3750620,25511,7154,0.5,1134454031
3750621,25511,7160,4.0,1134570736
3750622,25511,7161,0.5,1134453995
3750623,25511,7163,1.0,1134454462
3750624,25511,7173,1.0,1132668666
3750625,25511,7174,0.5,1132667259
3750626,25511,7201,3.5,1134570814
3750627,25511,7226,3.0,1134570873
3750628,25511,7247,3.0,1134802640
3750629,25511,7254,3.0,1132668328
3750630,25511,7257,0.5,1132668683
3750631,25511,7265,1.0,1132668570
3750632,25511,7285,3.0,1134570896
3750633,25511,7293,3.5,1132668355
3750634,25511,7317,1.5,1132668637
3750635,25511,7318,1.0,1132668508
3750636,25511,7319,0.5,1132668668
3750637,25511,7325,2.5,1132668614
3750638,25511,7326,0.5,1132666657
3750639,25511,7346,1.0,1132668590
3750640,25511,7347,3.5,1132668474
3750641,25511,7348,3.0,1134570535
3750642,25511,7355,3.0,1134553936
3750643,25511,7360,4.0,1132668258
3750644,25511,7361,5.0,1132168901
3750645,25511,7362,2.0,1132668622
3750646,25511,7366,2.0,1132668469
3750647,25511,7367,3.5,1132668485
3750648,25511,7371,4.0,1132668272
3750649,25511,7373,4.0,1132668517
3750650,25511,7376,2.0,1132668611
3750651,25511,7382,4.0,1132668188
3750652,25511,7387,5.0,1134800337
3750653,25511,7438,5.0,1132668352
3750654,25511,7439,0.5,1132668609
3750655,25511,7442,4.0,1132668477
3750656,25511,7444,3.0,1132668490
3750657,25511,7448,0.5,1132667410
3750658,25511,7449,0.5,1132667574
3750659,25511,7451,3.5,1132668340
3750660,25511,7454,0.5,1132668663
3750661,25511,7458,3.5,1132668526
3750662,25511,7460,3.5,1132668494
3750663,25511,7484,5.0,1134018784
3750664,25511,7701,1.0,1132169036
3750665,25511,7790,4.0,1134570030
3750666,25511,7847,3.0,1134882548
3750667,25511,7982,4.0,1132668207
3750668,25511,8010,1.5,1134553751
3750669,25511,8360,3.5,1132668455
3750670,25511,8361,0.5,1132668626
3750671,25511,8363,0.5,1132169058
3750672,25511,8366,3.0,1132668313
3750673,25511,8368,4.0,1132668438
3750674,25511,8372,0.5,1134570596
3750675,25511,8373,1.0,1132668645
3750676,25511,8376,4.0,1132668288
3750677,25511,8411,0.5,1134574948
3750678,25511,8464,3.0,1132668350
3750679,25511,8501,2.0,1134554711
3750680,25511,8528,3.0,1132668556
3750681,25511,8530,4.0,1132168914
3750682,25511,8588,0.5,1132169168
3750683,25511,8612,3.0,1134874516
3750684,25511,8622,4.0,1132668286
3750685,25511,8636,4.0,1132668453
3750686,25511,8638,5.0,1132668238
3750687,25511,8640,0.5,1132668631
3750688,25511,8641,4.0,1132668537
3750689,25511,8644,0.5,1132668297
3750690,25511,8645,3.0,1132668309
3750691,25511,8665,4.0,1132668430
3750692,25511,8667,4.0,1132668213
3750693,25511,8701,0.5,1132666901
3750694,25511,8713,2.0,1134879501
3750695,25511,8761,2.0,1134553916
3750696,25511,8765,5.0,1132666610
3750697,25511,8781,4.0,1132668559
3750698,25511,8783,3.0,1132668619
3750699,25511,8784,3.0,1132668395
3750700,25511,8798,3.5,1132668389
3750701,25511,8800,3.5,1132668464
3750702,25511,8807,3.5,1132668348
3750703,25511,8810,0.5,1132668653
3750704,25511,8815,0.5,1132667609
3750705,25511,8830,0.5,1132169056
3750706,25511,8831,0.5,1132668607
3750707,25511,8833,0.5,1132668674
3750708,25511,8836,1.0,1132668655
3750709,25511,8850,2.0,1134878803
3750710,25511,8861,0.5,1132668662
3750711,25511,8862,2.5,1132668488
3750712,25511,8865,1.0,1132668635
3750713,25511,8868,0.5,1132668588
3750714,25511,8870,0.5,1132668659
3750715,25511,8871,2.0,1132668519
3750716,25511,8873,4.0,1132668367
3750717,25511,8874,5.0,1132668386
3750718,25511,8907,1.0,1132668602
3750719,25511,8910,4.5,1132668325
3750720,25511,8915,2.0,1132668229
3750721,25511,8916,1.0,1132668616
3750722,25511,8917,4.0,1132668303
3750723,25511,8919,3.5,1132168875
3750724,25511,8937,4.0,1132668280
3750725,25511,8947,0.5,1132668647
3750726,25511,8948,1.0,1132668671
3750727,25511,8949,4.5,1132668376
3750728,25511,8950,4.5,1132668345
3750729,25511,8951,4.0,1132668363
3750730,25511,8957,1.0,1132668318
3750731,25511,8958,2.0,1132668391
3750732,25511,8959,0.5,1132668680
3750733,25511,8961,4.0,1132168862
3750734,25511,8966,3.5,1132668373
3750735,25511,8967,2.5,1132667428
3750736,25511,8968,1.0,1132668634
3750737,25511,8969,0.5,1132668657
3750738,25511,8970,4.0,1132668432
3750739,25511,8972,3.5,1132668521
3750740,25511,8973,3.0,1132668252
3750741,25511,8974,3.5,1132668567
3750742,25511,8977,1.0,1132667565
3750743,25511,8981,2.0,1132668330
3750744,25511,8983,4.0,1132668358
3750745,25511,8985,3.0,1132668505
3750746,25511,9018,4.0,1132666561
3750747,25511,26131,5.0,1134553536
3750748,25511,26704,5.0,1134569846
3750749,25511,27266,2.0,1132667844
3750750,25511,27434,0.5,1132169180
3750751,25511,27648,1.0,1132668549
3750752,25511,27706,3.5,1132668371
3750753,25511,27772,0.5,1132666654
3750754,25511,27788,3.0,1132667975
3750755,25511,27790,5.0,1132667908
3750756,25511,27808,2.5,1132668261
3750757,25511,27822,3.0,1132668564
3750758,25511,27833,1.5,1132668551
3750759,25511,27837,2.5,1132668605
3750760,25511,27838,4.0,1132668267
3750761,25511,27839,0.5,1132668045
3750762,25511,27846,3.5,1132668316
3750763,25511,27878,4.0,1132666506
3750764,25511,30707,2.5,1132668383
3750765,25511,30749,4.5,1132168873
3750766,25511,30793,5.0,1132667930
3750767,25511,30810,4.5,1132668256
3750768,25511,30812,4.0,1132668449
3750769,25511,30818,2.0,1132668533
3750770,25511,30820,4.0,1132668301
3750771,25511,30822,3.5,1132668435
3750772,25511,30825,2.0,1132668539
3750773,25511,30846,3.5,1132668306
3750774,25511,30848,3.5,1132668196
3750775,25511,30892,4.0,1132666587
3750776,25511,30894,0.5,1132668053
3750777,25511,31032,3.5,1134553347
3750778,25511,31079,2.0,1134879217
3750779,25511,31410,5.0,1132667787
3750780,25511,31420,3.0,1132667984
3750781,25511,31422,0.5,1132667023
3750782,25511,31427,0.5,1132668057
3750783,25511,31431,0.5,1132168960
3750784,25511,31689,3.5,1132667894
3750785,25511,31696,1.0,1132667994
3750786,25511,31878,4.5,1132168933
3750787,25511,32019,0.5,1132668066
3750788,25511,32289,0.5,1132668032
3750789,25511,32291,2.5,1132667952
3750790,25511,32587,5.0,1132667938
3750791,25511,33004,3.5,1132668019
3750792,25511,33085,1.0,1132668048
3750793,25511,33138,4.0,1132667905
3750794,25511,33154,2.0,1132666522
3750795,25511,33162,3.0,1132667998
3750796,25511,33164,1.0,1132667389
3750797,25511,33166,4.5,1132667915
3750798,25511,33171,4.5,1132666513
3750799,25511,33493,4.5,1132667941
3750800,25511,33615,1.5,1136314289
3750801,25511,33639,4.0,1132666590
3750802,25511,33660,4.5,1134556150
3750803,25511,33669,0.5,1132668059
3750804,25511,33679,4.0,1132668007
3750805,25511,33794,5.0,1132168841
3750806,25511,33834,4.5,1132668005
3750807,25511,34048,2.5,1132668016
3750808,25511,34072,4.0,1132667861
3750809,25511,34153,4.5,1134453674
3750810,25511,34162,5.0,1132667936
3750811,25511,34164,2.0,1134553229
3750812,25511,34321,3.0,1134856587
3750813,25511,34323,2.0,1132667959
3750814,25511,34326,4.0,1132667863
3750815,25511,34405,5.0,1132168849
3750816,25511,34437,4.5,1132667873
3750817,25511,34520,1.5,1132668025
3750818,25511,34534,3.0,1132667977
3750819,25511,34542,3.5,1132666545
3750820,25511,35836,5.0,1132168890
3750821,25511,35957,3.5,1132667966
3750822,25511,36397,2.5,1136314282
3750823,25511,36401,4.0,1132667961
3750824,25511,37733,5.0,1132667922
3750825,25511,37741,5.0,1132168846
3750826,25511,39292,5.0,1132168836
3750827,25511,40583,4.0,1136314114
3750828,25511,40819,4.5,1134018140
3750829,25511,40826,2.5,1134018166
3750830,25511,40946,3.5,1132668148
3750831,25511,41569,4.5,1136314110
3750832,25512,1,3.5,1388379592
3750833,25512,32,3.0,1388379893
3750834,25512,34,3.0,1388379733
3750835,25512,47,3.5,1388379632
3750836,25512,50,3.5,1388377030
3750837,25512,110,3.5,1388379590
3750838,25512,141,3.0,1388379176
3750839,25512,150,3.0,1388379602
3750840,25512,207,3.5,1388376939
3750841,25512,231,2.5,1388379698
3750842,25512,260,3.0,1388377223
3750843,25512,296,3.0,1388379576
3750844,25512,316,3.5,1388379179
3750845,25512,318,4.0,1388377018
3750846,25512,344,2.5,1388379640
3750847,25512,356,4.5,1388379582
3750848,25512,364,3.5,1388377815
3750849,25512,367,2.5,1388379692
3750850,25512,377,2.5,1388379657
3750851,25512,380,3.5,1388379621
3750852,25512,440,4.0,1388379157
3750853,25512,457,3.0,1388379606
3750854,25512,480,3.0,1388379586
3750855,25512,500,3.0,1388379688
3750856,25512,527,3.5,1388377033
3750857,25512,587,3.0,1388379842
3750858,25512,588,3.5,1388379626
3750859,25512,589,3.0,1388379598
3750860,25512,590,4.0,1388378825
3750861,25512,592,3.0,1388379616
3750862,25512,593,3.5,1388377229
3750863,25512,595,3.5,1388378605
3750864,25512,597,3.0,1388379709
3750865,25512,599,4.5,1388377935
3750866,25512,608,3.0,1388379145
3750867,25512,648,3.0,1388379665
3750868,25512,678,3.0,1388377779
3750869,25512,733,3.5,1388379712
3750870,25512,780,2.5,1388379610
3750871,25512,858,3.5,1388379661
3750872,25512,898,3.0,1388377164
3750873,25512,899,4.5,1388377056
3750874,25512,905,2.5,1388377199
3750875,25512,910,4.0,1388377064
3750876,25512,911,3.0,1388378302
3750877,25512,912,4.5,1388379136
3750878,25512,914,4.5,1388377671
3750879,25512,915,3.0,1388378319
3750880,25512,919,4.0,1388377821
3750881,25512,920,3.0,1388377855
3750882,25512,926,4.5,1388377142
3750883,25512,940,3.0,1388378939
3750884,25512,950,3.5,1388377067
3750885,25512,951,3.0,1388377042
3750886,25512,953,4.0,1388378780
3750887,25512,969,4.0,1388377027
3750888,25512,1025,4.0,1388376919
3750889,25512,1028,5.0,1388377289
3750890,25512,1029,5.0,1388378223
3750891,25512,1032,3.5,1388377371
3750892,25512,1033,4.5,1388378682
3750893,25512,1035,5.0,1388379498
3750894,25512,1073,2.5,1388378218
3750895,25512,1091,2.5,1388376924
3750896,25512,1097,3.0,1388377717
3750897,25512,1104,3.5,1388376862
3750898,25512,1136,3.0,1388379746
3750899,25512,1178,3.0,1388377121
3750900,25512,1193,2.5,1388379759
3750901,25512,1196,4.0,1388377232
3750902,25512,1197,3.5,1388377242
3750903,25512,1198,4.0,1388377129
3750904,25512,1206,4.5,1388379133
3750905,25512,1210,3.0,1388379129
3750906,25512,1214,3.5,1388379840
3750907,25512,1217,3.5,1388377246
3750908,25512,1219,3.5,1388379123
3750909,25512,1232,2.0,1388377907
3750910,25512,1240,3.0,1388379119
3750911,25512,1250,5.0,1388378753
3750912,25512,1253,3.0,1388377785
3750913,25512,1257,3.0,1388377741
3750914,25512,1260,4.5,1388377194
3750915,25512,1262,3.5,1388378935
3750916,25512,1265,3.0,1388379749
3750917,25512,1269,3.5,1388378295
3750918,25512,1270,3.5,1388379114
3750919,25512,1272,4.5,1388377792
3750920,25512,1278,3.5,1388379372
3750921,25512,1287,3.5,1388377302
3750922,25512,1291,3.0,1388379764
3750923,25512,1292,1.5,1388376888
3750924,25512,1293,3.0,1388377754
3750925,25512,1307,3.5,1388377932
3750926,25512,1371,2.0,1388379359
3750927,25512,1374,3.0,1388378909
3750928,25512,1378,3.5,1388376829
3750929,25512,1380,3.0,1388378572
3750930,25512,1438,2.5,1388376874
3750931,25512,1580,3.0,1388379686
3750932,25512,1610,3.0,1388378777
3750933,25512,1625,3.0,1388379351
3750934,25512,1674,3.5,1388380020
3750935,25512,1690,3.0,1388379344
3750936,25512,1717,3.0,1388376832
3750937,25512,1721,2.0,1388379109
3750938,25512,1747,3.5,1388379327
3750939,25512,1884,3.0,1388379322
3750940,25512,1942,4.0,1388378774
3750941,25512,1947,4.0,1388379941
3750942,25512,1951,4.5,1388378199
3750943,25512,1953,2.0,1388377851
3750944,25512,1954,2.5,1388377722
3750945,25512,1961,3.5,1388379105
3750946,25512,1997,3.0,1388377867
3750947,25512,2018,3.0,1388378358
3750948,25512,2028,3.0,1388379673
3750949,25512,2046,3.0,1388380061
3750950,25512,2067,4.5,1388378657
3750951,25512,2076,2.5,1388377685
3750952,25512,2081,3.5,1388378207
3750953,25512,2105,2.5,1388379307
3750954,25512,2109,1.0,1388378287
3750955,25512,2115,4.0,1388377829
3750956,25512,2160,2.5,1388377881
3750957,25512,2300,5.0,1388376853
3750958,25512,2303,2.5,1388377299
3750959,25512,2335,2.5,1388379290
3750960,25512,2398,3.5,1388378268
3750961,25512,2405,2.5,1388376893
3750962,25512,2407,3.0,1388379276
3750963,25512,2420,3.5,1388379273
3750964,25512,2421,3.0,1388376879
3750965,25512,2427,1.5,1388379268
3750966,25512,2470,3.5,1388379265
3750967,25512,2565,4.0,1388377359
3750968,25512,2571,3.0,1388377168
3750969,25512,2616,2.0,1388376895
3750970,25512,2628,1.5,1388379754
3750971,25512,2657,3.0,1388379260
3750972,25512,2688,3.0,1388379255
3750973,25512,2706,3.0,1388379103
3750974,25512,2728,5.0,1388377796
3750975,25512,2739,3.5,1388379251
3750976,25512,2762,2.5,1388379669
3750977,25512,2819,3.5,1388378732
3750978,25512,2858,3.0,1388377235
3750979,25512,2863,2.5,1388377286
3750980,25512,2940,3.0,1388377297
3750981,25512,2944,4.5,1388378544
3750982,25512,2959,4.0,1388377124
3750983,25512,2970,3.0,1388380059
3750984,25512,3030,3.5,1388377139
3750985,25512,3034,3.5,1388378280
3750986,25512,3039,3.0,1388377751
3750987,25512,3062,3.5,1388378351
3750988,25512,3066,3.5,1388378346
3750989,25512,3196,4.0,1388378788
3750990,25512,3198,3.5,1388377677
3750991,25512,3210,2.5,1388379233
3750992,25512,3253,3.0,1388379228
3750993,25512,3363,3.5,1388379949
3750994,25512,3365,3.0,1388378709
3750995,25512,3421,3.5,1388377323
3750996,25512,3450,3.0,1388379223
3750997,25512,3467,3.5,1388379972
3750998,25512,3469,3.0,1388377765
3750999,25512,3555,3.5,1388376841
3751000,25512,3578,3.0,1388379736
3751001,25512,3608,2.5,1388376908
3751002,25512,3654,2.5,1388378354
3751003,25512,3671,4.0,1388377738
3751004,25512,3675,4.0,1388378204
3751005,25512,3742,4.0,1388378897
3751006,25512,3811,3.5,1388377913
3751007,25512,3826,3.0,1388379488
3751008,25512,4226,3.0,1388377196
3751009,25512,4298,3.5,1388378879
3751010,25512,4329,4.0,1388378654
3751011,25512,4361,3.0,1388378290
3751012,25512,4406,4.0,1388378703
3751013,25512,4720,2.5,1388379203
3751014,25512,4857,3.5,1388378202
3751015,25512,4886,3.0,1388379101
3751016,25512,4973,2.5,1388377132
3751017,25512,4995,3.0,1388379097
3751018,25512,5177,3.5,1388378946
3751019,25512,5291,3.0,1388377173
3751020,25512,5475,4.0,1388378744
3751021,25512,6016,3.5,1388379957
3751022,25512,7700,4.0,1388378820
3751023,25512,7895,3.5,1388378371
3751024,25512,8228,3.5,1388377942
3751025,25512,8874,3.0,1388379190
3751026,25512,25940,3.5,1388377833
3751027,25512,44555,3.0,1388380075
3751028,25512,48394,3.5,1388379188
3751029,25512,66934,3.0,1388377747
3751030,25512,69122,3.0,1388380066
3751031,25512,81845,3.0,1388377877
3751032,25512,93040,2.5,1388377713
3751033,25513,1,3.0,1255518751
3751034,25513,2,2.5,1255519260
3751035,25513,7,2.5,1255519869
3751036,25513,19,4.0,1255519280
3751037,25513,44,2.5,1255520984
3751038,25513,47,3.0,1255518824
3751039,25513,48,3.0,1255520011
3751040,25513,70,2.0,1255520603
3751041,25513,95,2.5,1255519145
3751042,25513,110,3.5,1235129019
3751043,25513,150,4.0,1255518717
3751044,25513,153,2.5,1255518854
3751045,25513,169,1.0,1235126776
3751046,25513,172,2.5,1255520513
3751047,25513,173,3.0,1255519854
3751048,25513,208,3.5,1255519028
3751049,25513,253,5.0,1255519047
3751050,25513,260,4.0,1284129138
3751051,25513,296,4.0,1284129098
3751052,25513,318,5.0,1275860363
3751053,25513,353,5.0,1255519572
3751054,25513,356,4.0,1255518691
3751055,25513,364,4.0,1276383705
3751056,25513,367,3.5,1255518913
3751057,25513,383,3.5,1235126521
3751058,25513,410,3.5,1255519399
3751059,25513,434,2.0,1255519109
3751060,25513,480,4.5,1235129343
3751061,25513,485,3.0,1255520505
3751062,25513,520,3.5,1255519924
3751063,25513,541,3.0,1255519132
3751064,25513,552,4.0,1255520492
3751065,25513,587,3.5,1255518965
3751066,25513,588,4.0,1276383749
3751067,25513,589,4.0,1276383667
3751068,25513,590,4.0,1255518768
3751069,25513,592,4.0,1255518729
3751070,25513,593,3.5,1255518697
3751071,25513,595,3.5,1255518847
3751072,25513,597,2.5,1255518896
3751073,25513,648,4.0,1255518814
3751074,25513,733,3.5,1255518908
3751075,25513,736,3.5,1255518869
3751076,25513,741,4.5,1235128665
3751077,25513,780,3.5,1255518756
3751078,25513,786,3.0,1255519473
3751079,25513,1036,4.0,1255519105
3751080,25513,1047,2.0,1235126357
3751081,25513,1059,4.0,1255521044
3751082,25513,1073,3.5,1255518976
3751083,25513,1089,4.0,1276037636
3751084,25513,1136,3.5,1276037617
3751085,25513,1196,4.0,1253654789
3751086,25513,1198,3.5,1235127382
3751087,25513,1200,3.0,1276037573
3751088,25513,1201,3.0,1255520592
3751089,25513,1214,3.5,1255519086
3751090,25513,1215,3.5,1276385003
3751091,25513,1220,5.0,1235127745
3751092,25513,1222,3.5,1276037585
3751093,25513,1240,4.0,1255518947
3751094,25513,1265,3.5,1255518991
3751095,25513,1282,4.0,1255520837
3751096,25513,1288,3.5,1255519847
3751097,25513,1291,3.5,1235127402
3751098,25513,1527,4.5,1276383588
3751099,25513,1552,3.0,1255520001
3751100,25513,1580,3.5,1276383804
3751101,25513,1584,4.0,1255519334
3751102,25513,1641,2.5,1255519593
3751103,25513,1676,4.5,1255519889
3751104,25513,1682,4.0,1276384808
3751105,25513,1721,3.5,1235128166
3751106,25513,1748,4.0,1235128648
3751107,25513,1772,3.0,1235127755
3751108,25513,1876,4.0,1255520845
3751109,25513,1917,2.5,1255519244
3751110,25513,2003,3.5,1276383818
3751111,25513,2004,3.5,1235126686
3751112,25513,2028,3.0,1235128673
3751113,25513,2115,3.0,1255519432
3751114,25513,2116,2.0,1235127262
3751115,25513,2162,2.5,1235127028
3751116,25513,2174,3.5,1255519389
3751117,25513,2291,4.0,1276384794
3751118,25513,2294,3.0,1255521072
3751119,25513,2379,3.0,1235126803
3751120,25513,2381,2.0,1235126899
3751121,25513,2382,2.5,1235126973
3751122,25513,2403,2.0,1235128128
3751123,25513,2571,5.0,1253654804
3751124,25513,2617,4.0,1255519562
3751125,25513,2662,1.0,1235126647
3751126,25513,2683,3.5,1255519179
3751127,25513,2700,5.0,1276383637
3751128,25513,2701,2.5,1255520963
3751129,25513,2712,3.5,1255519900
3751130,25513,2716,3.0,1255519099
3751131,25513,2762,4.0,1255518886
3751132,25513,2858,3.0,1255518801
3751133,25513,2959,4.5,1253654912
3751134,25513,2985,4.0,1255520031
3751135,25513,2987,4.0,1255519237
3751136,25513,3034,3.0,1295897408
3751137,25513,3114,2.5,1255519268
3751138,25513,3159,4.0,1235126734
3751139,25513,3264,2.0,1235126661
3751140,25513,3527,3.5,1255520537
3751141,25513,3578,4.5,1255519041
3751142,25513,3704,2.5,1235126561
3751143,25513,3751,4.0,1255519610
3751144,25513,3793,3.5,1255519187
3751145,25513,3897,4.5,1235127138
3751146,25513,3977,4.0,1255519620
3751147,25513,3996,3.0,1255519193
3751148,25513,3997,1.0,1255521793
3751149,25513,4085,2.0,1255521057
3751150,25513,4226,4.0,1235128252
3751151,25513,4306,3.5,1255519069
3751152,25513,4308,4.0,1276383686
3751153,25513,4446,3.5,1235127913
3751154,25513,4776,3.0,1350325637
3751155,25513,4886,4.5,1255519376
3751156,25513,4963,4.5,1255519455
3751157,25513,4993,5.0,1235127234
3751158,25513,5026,5.0,1276383729
3751159,25513,5218,3.5,1255521638
3751160,25513,5349,4.0,1255519437
3751161,25513,5445,3.5,1255519298
3751162,25513,5618,3.5,1282245954
3751163,25513,5952,4.5,1235127246
3751164,25513,6283,4.0,1235128645
3751165,25513,6294,2.0,1276036482
3751166,25513,6333,4.5,1255520547
3751167,25513,6365,3.0,1255519976
3751168,25513,6502,4.0,1235127477
3751169,25513,6539,3.5,1235129007
3751170,25513,6874,5.0,1235128694
3751171,25513,6934,3.5,1255521030
3751172,25513,6942,4.0,1235127658
3751173,25513,7099,4.0,1282245971
3751174,25513,7147,4.5,1235127543
3751175,25513,7153,4.0,1235127249
3751176,25513,7438,4.0,1235128989
3751177,25513,7502,4.5,1307986406
3751178,25513,8636,3.5,1255520572
3751179,25513,8810,3.0,1235126921
3751180,25513,8961,3.0,1255519913
3751181,25513,8985,2.0,1235128061
3751182,25513,31658,4.0,1276384450
3751183,25513,32587,4.0,1235128051
3751184,25513,33679,3.0,1235128446
3751185,25513,33794,3.5,1235127345
3751186,25513,34405,3.5,1235129568
3751187,25513,36529,4.5,1276383794
3751188,25513,37830,2.0,1235127908
3751189,25513,41569,3.5,1235128369
3751190,25513,44191,3.5,1235128679
3751191,25513,44665,4.0,1235128611
3751192,25513,45730,3.0,1283975307
3751193,25513,46347,3.5,1235129614
3751194,25513,46965,2.0,1235127711
3751195,25513,46976,4.5,1276384952
3751196,25513,48043,4.5,1253107435
3751197,25513,48394,4.5,1276039376
3751198,25513,49272,4.5,1235128620
3751199,25513,50601,5.0,1235128213
3751200,25513,52460,3.5,1235128300
3751201,25513,53000,3.0,1235127484
3751202,25513,53123,5.0,1295896273
3751203,25513,54259,4.5,1235128599
3751204,25513,54999,4.0,1235128030
3751205,25513,56367,4.0,1276384214
3751206,25513,56757,4.5,1307986365
3751207,25513,58559,4.0,1235127337
3751208,25513,59103,3.5,1276036553
3751209,25513,59315,3.5,1235127417
3751210,25513,59387,4.5,1235127511
3751211,25513,60684,2.5,1276105945
3751212,25513,62376,3.5,1276383865
3751213,25513,62394,4.0,1235128013
3751214,25513,64957,4.0,1235129519
3751215,25513,66934,5.0,1276037492
3751216,25513,67255,4.5,1276037514
3751217,25513,68319,4.0,1276103396
3751218,25513,68954,4.5,1282245982
3751219,25513,69524,1.5,1276036978
3751220,25513,69844,2.0,1253107059
3751221,25513,71057,3.0,1276383383
3751222,25513,72998,3.5,1276039402
3751223,25513,79132,4.0,1295896180
3751224,25513,80969,4.0,1307986339
3751225,25513,82242,4.5,1295896088
3751226,25514,1213,4.0,1424100704
3751227,25514,2571,4.0,1424100691
3751228,25514,2762,4.0,1424100798
3751229,25514,2826,3.5,1424100486
3751230,25514,3578,4.5,1424100959
3751231,25514,4011,3.5,1424100766
3751232,25514,4993,4.5,1424100427
3751233,25514,5952,4.5,1424100444
3751234,25514,6263,4.0,1424101113
3751235,25514,7153,4.0,1424100454
3751236,25514,7445,3.5,1424101046
3751237,25514,33794,3.5,1424100292
3751238,25514,44199,4.0,1424100952
3751239,25514,48394,4.5,1424100761
3751240,25514,48516,4.0,1424100865
3751241,25514,51662,4.0,1424101123
3751242,25514,58559,5.0,1424100274
3751243,25514,59315,3.5,1424100802
3751244,25514,68157,2.5,1424100870
3751245,25514,74458,4.0,1424100855
3751246,25514,79132,5.0,1424100681
3751247,25514,85414,2.5,1424101031
3751248,25514,89745,4.5,1424100688
3751249,25514,90600,4.0,1424101025
3751250,25514,91529,4.0,1424100302
3751251,25514,91542,3.5,1424100727
3751252,25514,92259,5.0,1424100714
3751253,25514,98809,4.5,1424100462
3751254,25514,102445,4.0,1424100904
3751255,25514,103249,4.0,1424101066
3751256,25514,106489,4.5,1424100472
3751257,25514,109673,3.0,1424101125
3751258,25514,110102,3.0,1424100925
3751259,25514,110730,3.5,1424100611
3751260,25514,111360,4.0,1424100613
3751261,25514,111364,3.5,1424100616
3751262,25514,111759,3.5,1424100579
3751263,25514,112852,4.0,1424100573
3751264,25514,114180,4.0,1424100609
3751265,25514,115149,4.0,1424100603
3751266,25514,115210,3.5,1424100882
3751267,25514,118696,4.0,1424100495
3751268,25515,6,4.0,845374894
3751269,25515,16,4.0,829306162
3751270,25515,21,5.0,829055259
3751271,25515,22,5.0,829307379
3751272,25515,31,4.0,829307379
3751273,25515,32,5.0,829306162
3751274,25515,34,4.0,829307378
3751275,25515,45,4.0,846578727
3751276,25515,47,5.0,829307379
3751277,25515,48,4.0,841232460
3751278,25515,50,4.0,829307380
3751279,25515,52,5.0,841233068
3751280,25515,62,4.0,841232435
3751281,25515,94,5.0,829055259
3751282,25515,95,3.0,841232373
3751283,25515,102,1.0,841231924
3751284,25515,110,5.0,839339833
3751285,25515,111,5.0,829055259
3751286,25515,122,3.0,829307378
3751287,25515,141,4.0,841232373
3751288,25515,145,2.0,829307378
3751289,25515,150,5.0,829307377
3751290,25515,151,4.0,829307379
3751291,25515,155,5.0,829307378
3751292,25515,161,5.0,829307379
3751293,25515,162,4.0,846578727
3751294,25515,164,4.0,829307379
3751295,25515,165,4.0,829307379
3751296,25515,194,5.0,846578367
3751297,25515,196,4.0,829307380
3751298,25515,203,4.0,846578589
3751299,25515,208,4.0,829307380
3751300,25515,215,4.0,841234294
3751301,25515,219,5.0,829307379
3751302,25515,222,5.0,829307378
3751303,25515,223,4.0,829307378
3751304,25515,225,4.0,829307379
3751305,25515,229,5.0,829307379
3751306,25515,230,5.0,846578324
3751307,25515,232,5.0,829307379
3751308,25515,234,3.0,829307379
3751309,25515,235,4.0,846579516
3751310,25515,236,3.0,829307379
3751311,25515,246,4.0,829307379
3751312,25515,259,3.0,829307379
3751313,25515,260,4.0,829307379
3751314,25515,263,5.0,829307379
3751315,25515,265,5.0,829307379
3751316,25515,266,5.0,829307379
3751317,25515,273,5.0,829307379
3751318,25515,280,5.0,829307379
3751319,25515,282,4.0,829307379
3751320,25515,288,2.0,829307379
3751321,25515,292,3.0,841232140
3751322,25515,293,5.0,829307379
3751323,25515,296,5.0,829307379
3751324,25515,300,5.0,829307379
3751325,25515,306,4.0,839339800
3751326,25515,307,5.0,829307380
3751327,25515,308,5.0,829307380
3751328,25515,315,3.0,829307380
3751329,25515,316,4.0,829307380
3751330,25515,317,4.0,841232249
3751331,25515,318,5.0,829307380
3751332,25515,319,4.0,829307379
3751333,25515,337,4.0,829307380
3751334,25515,339,4.0,829307380
3751335,25515,340,5.0,829307380
3751336,25515,342,5.0,829307379
3751337,25515,344,4.0,829307377
3751338,25515,345,4.0,846578242
3751339,25515,347,4.0,829307378
3751340,25515,348,5.0,829307378
3751341,25515,349,4.0,829307378
3751342,25515,350,5.0,841232314
3751343,25515,356,5.0,841232139
3751344,25515,357,4.0,841232285
3751345,25515,362,5.0,846578850
3751346,25515,364,4.0,841232173
3751347,25515,365,4.0,841232815
3751348,25515,367,3.0,841232210
3751349,25515,368,3.0,841232497
3751350,25515,373,4.0,841233406
3751351,25515,376,4.0,841233734
3751352,25515,377,3.0,841232209
3751353,25515,380,4.0,829307380
3751354,25515,383,4.0,841233734
3751355,25515,412,3.0,846578425
3751356,25515,416,3.0,829307378
3751357,25515,417,5.0,829307378
3751358,25515,428,5.0,846578610
3751359,25515,431,4.0,829307378
3751360,25515,432,3.0,829307378
3751361,25515,434,3.0,829307379
3751362,25515,435,2.0,829307379
3751363,25515,440,3.0,841232285
3751364,25515,442,2.0,841232313
3751365,25515,444,4.0,829307379
3751366,25515,448,5.0,841232973
3751367,25515,454,4.0,841232173
3751368,25515,457,4.0,841232102
3751369,25515,458,4.0,841233796
3751370,25515,469,4.0,845374786
3751371,25515,471,5.0,846578541
3751372,25515,475,5.0,841232815
3751373,25515,480,4.0,841232173
3751374,25515,481,4.0,846579459
3751375,25515,482,4.0,841233796
3751376,25515,490,5.0,841233235
3751377,25515,497,5.0,841233512
3751378,25515,500,4.0,841232210
3751379,25515,501,5.0,846579491
3751380,25515,508,5.0,841232406
3751381,25515,509,5.0,845374980
3751382,25515,521,4.0,841233406
3751383,25515,527,5.0,839339800
3751384,25515,529,5.0,846578751
3751385,25515,537,5.0,841233993
3751386,25515,538,5.0,846578645
3751387,25515,539,3.0,841232285
3751388,25515,541,5.0,841233586
3751389,25515,551,4.0,846578288
3751390,25515,553,5.0,829307380
3751391,25515,554,3.0,829307380
3751392,25515,555,5.0,829307380
3751393,25515,586,3.0,841232249
3751394,25515,587,3.0,841232249
3751395,25515,588,4.0,841232102
3751396,25515,589,4.0,841233702
3751397,25515,590,5.0,829307379
3751398,25515,592,4.0,829307378
3751399,25515,593,5.0,839339800
3751400,25515,595,4.0,841232103
3751401,25515,597,3.0,841232285
3751402,25515,608,4.0,841232815
3751403,25515,610,4.0,846578397
3751404,25515,628,4.0,841232973
3751405,25515,640,4.0,839339556
3751406,25515,648,5.0,841925641
3751407,25515,662,3.0,841232973
3751408,25515,707,3.0,845374749
3751409,25515,785,3.0,842273326
3751410,25515,809,2.0,841232865
3751411,25515,1023,5.0,846579329
3751412,25515,1028,5.0,846579437
3751413,25515,1035,5.0,846578589
3751414,25515,1036,4.0,841926256
3751415,25515,1079,4.0,846578425
3751416,25515,1084,5.0,846578645
3751417,25515,1103,5.0,846578850
3751418,25515,1136,5.0,846579516
3751419,25516,1,5.0,859293662
3751420,25516,3,1.0,859293699
3751421,25516,6,2.0,859293699
3751422,25516,7,3.0,859293699
3751423,25516,11,3.0,859299677
3751424,25516,17,3.0,859293662
3751425,25516,18,3.0,859293926
3751426,25516,26,3.0,859293967
3751427,25516,32,3.0,859293662
3751428,25516,34,4.0,859299611
3751429,25516,36,5.0,859293699
3751430,25516,39,3.0,859299678
3751431,25516,61,3.0,859293967
3751432,25516,62,5.0,859293662
3751433,25516,88,3.0,859293926
3751434,25516,92,3.0,859293967
3751435,25516,95,3.0,859293662
3751436,25516,100,2.0,859293856
3751437,25516,104,2.0,859293737
3751438,25516,110,5.0,859299612
3751439,25516,112,3.0,859293737
3751440,25516,113,3.0,859294158
3751441,25516,116,5.0,859294157
3751442,25516,135,3.0,859293774
3751443,25516,141,5.0,859293662
3751444,25516,150,5.0,859299610
3751445,25516,161,3.0,859299720
3751446,25516,246,4.0,859299720
3751447,25516,260,5.0,859293737
3751448,25516,318,3.0,859299612
3751449,25516,356,5.0,859299611
3751450,25516,364,4.0,859299677
3751451,25516,376,3.0,859293737
3751452,25516,377,3.0,859299678
3751453,25516,380,3.0,859299794
3751454,25516,457,4.0,859299612
3751455,25516,477,3.0,859299720
3751456,25516,480,5.0,859299611
3751457,25516,494,3.0,859293699
3751458,25516,508,4.0,859299678
3751459,25516,527,5.0,859299611
3751460,25516,585,4.0,859299720
3751461,25516,589,3.0,859299794
3751462,25516,590,4.0,859299611
3751463,25516,593,3.0,859299720
3751464,25516,595,3.0,859299720
3751465,25516,605,4.0,859294214
3751466,25516,608,4.0,859293699
3751467,25516,628,4.0,859293774
3751468,25516,635,3.0,859294387
3751469,25516,648,4.0,859293662
3751470,25516,653,2.0,859293737
3751471,25516,662,3.0,859294027
3751472,25516,708,3.0,859293737
3751473,25516,711,3.0,859293856
3751474,25516,714,3.0,859294239
3751475,25516,724,3.0,859293856
3751476,25516,733,3.0,859293699
3751477,25516,736,4.0,859293662
3751478,25516,780,4.0,859293662
3751479,25516,783,5.0,859293809
3751480,25516,784,3.0,859293737
3751481,25516,786,3.0,859293699
3751482,25516,798,3.0,859294188
3751483,25516,799,3.0,859293999
3751484,25516,802,5.0,859293774
3751485,25516,805,5.0,859293774
3751486,25516,818,3.0,859294055
3751487,25516,832,4.0,859293809
3751488,25516,839,2.0,859293926
3751489,25516,858,5.0,859294027
3751490,25516,880,1.0,859293999
3751491,25516,953,3.0,859299794
3751492,25516,991,3.0,859294214
3751493,25516,1006,3.0,859294188
3751494,25516,1036,4.0,859299794
3751495,25516,1042,5.0,859294086
3751496,25516,1049,3.0,859294086
3751497,25516,1050,4.0,859294446
3751498,25516,1073,3.0,859293699
3751499,25516,1097,3.0,859299677
3751500,25516,1196,5.0,859299677
3751501,25516,1197,3.0,859299720
3751502,25516,1198,5.0,859299612
3751503,25516,1210,5.0,859293856
3751504,25516,1242,3.0,859299794
3751505,25516,1270,4.0,859299794
3751506,25516,1291,5.0,859299794
3751507,25516,1307,3.0,859299720
3751508,25516,1356,4.0,859293774
3751509,25516,1366,3.0,859294291
3751510,25516,1367,3.0,859293926
3751511,25516,1391,3.0,859293999
3751512,25516,1393,5.0,859293892
3751513,25516,1409,3.0,859294086
3751514,25516,1416,3.0,859294127
3751515,25516,1429,2.0,859294263
3751516,25516,1476,4.0,859294429
3751517,25517,48,4.0,955226444
3751518,25517,188,4.0,955225388
3751519,25517,253,5.0,955225638
3751520,25517,364,4.0,955226347
3751521,25517,426,3.0,955225731
3751522,25517,588,4.0,955226266
3751523,25517,594,5.0,955226224
3751524,25517,595,4.0,955226224
3751525,25517,724,5.0,955225546
3751526,25517,742,5.0,955225808
3751527,25517,782,4.0,955224763
3751528,25517,829,4.0,955226478
3751529,25517,842,4.0,955225685
3751530,25517,879,4.0,955225870
3751531,25517,899,5.0,955226224
3751532,25517,900,4.0,955226312
3751533,25517,901,4.0,955226347
3751534,25517,914,5.0,955226179
3751535,25517,919,5.0,955226179
3751536,25517,938,4.0,955226179
3751537,25517,968,5.0,955225502
3751538,25517,1022,5.0,955226266
3751539,25517,1028,4.0,955226266
3751540,25517,1029,5.0,955226312
3751541,25517,1032,4.0,955226224
3751542,25517,1035,5.0,955226266
3751543,25517,1088,4.0,955226417
3751544,25517,1093,5.0,955226386
3751545,25517,1097,5.0,955224763
3751546,25517,1128,4.0,955225388
3751547,25517,1130,5.0,955225602
3751548,25517,1214,4.0,955225205
3751549,25517,1219,5.0,955225150
3751550,25517,1220,4.0,955226386
3751551,25517,1258,4.0,955225150
3751552,25517,1261,4.0,955225205
3751553,25517,1278,3.0,955225150
3751554,25517,1282,5.0,955226312
3751555,25517,1288,5.0,955226386
3751556,25517,1321,4.0,955225150
3751557,25517,1323,4.0,955226022
3751558,25517,1327,5.0,955225602
3751559,25517,1329,5.0,955225983
3751560,25517,1331,4.0,955225602
3751561,25517,1332,4.0,955225445
3751562,25517,1333,5.0,955225294
3751563,25517,1334,4.0,955225546
3751564,25517,1335,3.0,955226056
3751565,25517,1337,5.0,955225333
3751566,25517,1339,5.0,955225388
3751567,25517,1340,4.0,955225253
3751568,25517,1341,5.0,955225333
3751569,25517,1342,4.0,955225731
3751570,25517,1345,5.0,955225294
3751571,25517,1347,5.0,955225333
3751572,25517,1348,4.0,955225388
3751573,25517,1350,5.0,955225205
3751574,25517,1380,5.0,955226312
3751575,25517,1381,3.0,955226478
3751576,25517,1387,5.0,955225150
3751577,25517,1388,5.0,955225946
3751578,25517,1389,3.0,955226090
3751579,25517,1407,4.0,955225294
3751580,25517,1645,5.0,955225445
3751581,25517,1947,5.0,955226266
3751582,25517,1969,4.0,955225946
3751583,25517,1970,4.0,955225906
3751584,25517,1971,4.0,955225685
3751585,25517,1975,4.0,955225638
3751586,25517,1977,4.0,955225946
3751587,25517,1982,5.0,955225253
3751588,25517,1983,5.0,955225771
3751589,25517,1984,4.0,955226090
3751590,25517,1987,4.0,955225546
3751591,25517,1988,4.0,955225685
3751592,25517,1991,3.0,955224763
3751593,25517,1994,5.0,955225294
3751594,25517,1995,4.0,955225808
3751595,25517,1997,5.0,955225150
3751596,25517,1998,4.0,955225983
3751597,25517,1999,4.0,955225638
3751598,25517,2003,4.0,955225388
3751599,25517,2004,3.0,955225445
3751600,25517,2017,4.0,955226444
3751601,25517,2026,4.0,955225502
3751602,25517,2080,5.0,955226347
3751603,25517,2087,5.0,955226312
3751604,25517,2088,3.0,955226478
3751605,25517,2096,5.0,955226266
3751606,25517,2099,4.0,955226312
3751607,25517,2102,3.0,955224763
3751608,25517,2113,4.0,955226056
3751609,25517,2118,4.0,955225205
3751610,25517,2120,5.0,955225808
3751611,25517,2122,5.0,955225946
3751612,25517,2148,5.0,955225771
3751613,25517,2149,3.0,955225984
3751614,25517,2160,5.0,955225333
3751615,25517,2163,3.0,955226090
3751616,25517,2288,3.0,955225205
3751617,25517,2366,3.0,955225253
3751618,25517,2367,4.0,955225502
3751619,25517,2451,4.0,955225731
3751620,25517,2455,3.0,955225294
3751621,25517,2456,3.0,955225808
3751622,25517,2513,5.0,955225771
3751623,25517,2519,5.0,955225685
3751624,25517,2550,5.0,955225445
3751625,25517,2554,4.0,955225333
3751626,25517,2565,5.0,955226224
3751627,25517,2613,4.0,955225445
3751628,25517,2614,4.0,955225638
3751629,25517,2633,5.0,955225388
3751630,25517,2638,4.0,955225253
3751631,25517,2644,5.0,955225388
3751632,25517,2646,4.0,955225771
3751633,25517,2647,5.0,955225602
3751634,25517,2648,5.0,955225205
3751635,25517,2649,4.0,955225502
3751636,25517,2652,4.0,955225445
3751637,25517,2654,5.0,955225445
3751638,25517,2657,5.0,955225870
3751639,25517,2668,4.0,955225771
3751640,25517,2687,4.0,955224958
3751641,25517,2710,5.0,955225602
3751642,25517,2716,5.0,955225150
3751643,25517,2719,4.0,955225870
3751644,25517,2746,3.0,955225838
3751645,25517,2762,5.0,955224958
3751646,25517,2780,3.0,955225502
3751647,25517,2782,5.0,955225546
3751648,25517,2784,4.0,955225253
3751649,25517,2789,5.0,955225731
3751650,25517,2840,4.0,955225010
3751651,25517,2853,4.0,955225150
3751652,25517,2857,4.0,955226417
3751653,25517,2867,4.0,955225502
3751654,25517,2877,5.0,955226417
3751655,25517,2878,4.0,955226056
3751656,25517,2881,4.0,955225043
3751657,25517,2898,4.0,955225771
3751658,25517,2900,4.0,955225445
3751659,25517,2941,4.0,955226312
3751660,25517,2946,5.0,955226179
3751661,25517,2995,4.0,955225546
3751662,25517,3005,4.0,955225043
3751663,25517,3016,5.0,955225388
3751664,25517,3018,5.0,955225502
3751665,25517,3061,5.0,955226224
3751666,25517,3081,4.0,955225602
3751667,25517,3087,4.0,955224763
3751668,25517,3199,4.0,955226224
3751669,25517,3351,3.0,955226022
3751670,25517,3476,3.0,955225205
3751671,25517,3490,4.0,955225906
3751672,25517,3499,5.0,955225253
3751673,25517,3545,5.0,955226179
3751674,25517,3550,3.0,955225205
3751675,25517,5649,4.0,955225602
3751676,25518,34,3.0,829265623
3751677,25518,44,3.0,829265623
3751678,25518,57,3.0,829265623
3751679,25518,150,4.0,829265623
3751680,25518,161,4.0,829265623
3751681,25518,163,3.0,829265623
3751682,25518,165,4.0,829265623
3751683,25518,168,4.0,829265623
3751684,25518,204,5.0,829265623
3751685,25518,229,2.0,829265623
3751686,25518,254,2.0,829265623
3751687,25518,266,4.0,829265623
3751688,25518,277,3.0,829265623
3751689,25518,296,2.0,829265623
3751690,25518,303,4.0,829265623
3751691,25518,315,4.0,829265623
3751692,25518,318,4.0,829265623
3751693,25518,381,4.0,829265623
3751694,25518,432,4.0,829265623
3751695,25518,434,4.0,829265623
3751696,25518,590,4.0,829265623
3751697,25518,592,3.0,829265623
3751698,25518,624,3.0,829265623
3751699,25519,154,4.0,1171379675
3751700,25519,858,5.0,1171379583
3751701,25519,1029,3.0,1171379106
3751702,25519,1273,4.5,1171379962
3751703,25519,1279,5.0,1171379966
3751704,25519,1373,2.5,1171379201
3751705,25519,1652,4.0,1171379984
3751706,25519,1952,4.5,1171379240
3751707,25519,1953,4.5,1171379017
3751708,25519,2013,3.0,1171379295
3751709,25519,2300,4.5,1171379268
3751710,25519,2393,3.5,1171379148
3751711,25519,2471,2.5,1171379329
3751712,25519,2717,2.5,1171379185
3751713,25519,2857,3.0,1171379397
3751714,25519,2968,3.5,1171379090
3751715,25519,2976,4.0,1171379384
3751716,25519,3108,4.0,1171379138
3751717,25519,3521,4.5,1171379969
3751718,25519,4643,2.5,1171379193
3751719,25519,6947,4.5,1171379311
3751720,25519,7089,4.5,1171379747
3751721,25519,7460,4.0,1171379977
3751722,25519,26350,4.5,1171379722
3751723,25519,34437,4.5,1171379955
3751724,25520,50,4.0,1387165393
3751725,25520,318,4.5,1387165385
3751726,25520,527,4.5,1387165397
3751727,25520,750,4.5,1387165437
3751728,25520,858,5.0,1387165360
3751729,25520,898,5.0,1387165257
3751730,25520,904,5.0,1387165417
3751731,25520,908,4.5,1387165371
3751732,25520,912,5.0,1387165376
3751733,25520,920,5.0,1387165425
3751734,25520,922,5.0,1387165432
3751735,25520,969,4.5,1387165374
3751736,25520,1019,2.5,1387165269
3751737,25520,1020,3.0,1387165259
3751738,25520,1193,4.5,1387165429
3751739,25520,1204,5.0,1387165439
3751740,25520,1207,5.0,1387165383
3751741,25520,1212,5.0,1387165441
3751742,25520,1219,5.0,1387165369
3751743,25520,1221,5.0,1387165415
3751744,25520,1247,5.0,1387165388
3751745,25520,1250,5.0,1387165419
3751746,25520,1254,4.5,1387165367
3751747,25520,1262,4.5,1387165394
3751748,25520,1304,4.5,1387165391
3751749,25520,1663,3.5,1387165207
3751750,25520,1944,4.0,1387165400
3751751,25520,1945,4.5,1387165379
3751752,25520,1957,4.5,1387165244
3751753,25520,1967,2.0,1387165209
3751754,25520,2019,5.0,1387165412
3751755,25520,2067,3.5,1387165288
3751756,25520,2352,4.0,1387165263
3751757,25520,2366,4.0,1387165248
3751758,25520,2581,2.0,1387165233
3751759,25520,2881,2.5,1387165213
3751760,25520,3107,2.5,1387165215
3751761,25520,3608,2.5,1387165293
3751762,25520,4321,4.0,1387165242
3751763,25520,5013,5.0,1387165273
3751764,25520,6016,3.5,1387165423
3751765,25520,6947,3.5,1387165276
3751766,25520,58559,4.5,1387165434
3751767,25521,50,4.5,1337163647
3751768,25521,637,2.0,1337163005
3751769,25521,880,2.5,1337163052
3751770,25521,904,4.5,1337163651
3751771,25521,908,4.0,1337163661
3751772,25521,1100,2.5,1337163060
3751773,25521,1185,3.5,1337163064
3751774,25521,1298,3.5,1337163024
3751775,25521,1586,1.0,1337162948
3751776,25521,1635,4.0,1337163074
3751777,25521,1680,4.5,1337162931
3751778,25521,2018,3.5,1337162952
3751779,25521,2108,4.0,1337162961
3751780,25521,2391,3.5,1337163015
3751781,25521,2688,4.0,1337163034
3751782,25521,2881,4.5,1337163664
3751783,25521,2953,3.0,1337162982
3751784,25521,2959,3.5,1337163678
3751785,25521,3005,4.5,1337162991
3751786,25521,3148,3.0,1337162939
3751787,25521,3301,4.5,1337162997
3751788,25521,5388,3.5,1337163047
3751789,25522,47,5.0,836916877
3751790,25522,110,4.0,836916877
3751791,25522,153,3.0,836916801
3751792,25522,161,5.0,836916838
3751793,25522,231,4.0,836916822
3751794,25522,253,4.0,836916857
3751795,25522,288,3.0,836916878
3751796,25522,316,5.0,836916822
3751797,25522,317,4.0,836916941
3751798,25522,318,5.0,836916822
3751799,25522,344,4.0,836916801
3751800,25522,349,5.0,836916801
3751801,25522,356,5.0,836916894
3751802,25522,364,5.0,836916941
3751803,25522,367,4.0,836916996
3751804,25522,380,4.0,836916769
3751805,25522,420,3.0,836916941
3751806,25522,454,5.0,836916894
3751807,25522,480,3.0,836916941
3751808,25522,588,5.0,836916801
3751809,25522,592,4.0,836916769
3751810,25522,593,3.0,836916838
3751811,25522,595,4.0,836916822
3751812,25523,32,5.0,1287915566
3751813,25523,2389,5.0,1287912071
3751814,25523,2497,1.5,1287912150
3751815,25523,2907,3.5,1287912188
3751816,25523,3301,3.0,1287911918
3751817,25523,3404,5.0,1287912145
3751818,25523,3555,3.5,1287911906
3751819,25523,4370,5.0,1287915823
3751820,25523,5066,3.0,1287912232
3751821,25523,5364,3.0,1287912173
3751822,25523,5377,4.0,1287915872
3751823,25523,33585,5.0,1287915807
3751824,25523,35836,2.0,1287915733
3751825,25523,44943,5.0,1287915816
3751826,25523,51662,3.5,1287915701
3751827,25523,55069,4.0,1287915722
3751828,25523,55247,5.0,1287912090
3751829,25523,56949,1.0,1287915654
3751830,25523,58803,4.5,1287915637
3751831,25523,59387,5.0,1287912325
3751832,25523,59900,5.0,1287912341
3751833,25523,60397,3.0,1287912349
3751834,25523,63131,3.0,1287912265
3751835,25523,68135,1.5,1287915605
3751836,25523,68157,5.0,1287912003
3751837,25523,71057,4.0,1287915800
3751838,25523,71745,5.0,1287912387
3751839,25523,74789,3.5,1287917083
3751840,25523,76293,3.5,1287915465
3751841,25524,1,4.0,1109458943
3751842,25524,186,2.0,1109458364
3751843,25524,235,4.5,1109458285
3751844,25524,272,3.5,1109458450
3751845,25524,296,4.0,1109458918
3751846,25524,318,4.0,1109458937
3751847,25524,345,3.0,1109458429
3751848,25524,356,3.5,1109458922
3751849,25524,480,3.0,1109458928
3751850,25524,527,4.0,1109458632
3751851,25524,590,3.5,1109458907
3751852,25524,592,2.5,1109458933
3751853,25524,780,3.5,1109458940
3751854,25524,899,5.0,1109458482
3751855,25524,904,5.0,1109458335
3751856,25524,1094,3.5,1109458357
3751857,25524,1204,4.5,1109458383
3751858,25524,1208,5.0,1109458279
3751859,25524,1230,4.0,1109458298
3751860,25524,1252,4.5,1109458349
3751861,25524,1288,3.5,1109458342
3751862,25524,1304,3.0,1109458307
3751863,25524,1721,3.5,1109458652
3751864,25524,1859,4.0,1109459171
3751865,25524,2289,3.5,1109458479
3751866,25524,2657,1.5,1109458405
3751867,25524,3052,3.0,1109458446
3751868,25524,3289,3.5,1109459128
3751869,25524,3365,3.5,1109459007
3751870,25524,3448,3.5,1109458473
3751871,25524,3996,3.5,1109458625
3751872,25524,4194,4.0,1109459098
3751873,25524,4226,4.5,1109458638
3751874,25524,4334,3.5,1109459093
3751875,25524,4878,4.0,1109458759
3751876,25524,5825,4.0,1109459014
3751877,25524,6195,4.5,1109459054
3751878,25524,7088,4.5,1109458738
3751879,25524,7153,4.0,1109458747
3751880,25524,8125,4.0,1109459030
3751881,25524,8620,4.0,1109459044
3751882,25525,10,0.5,1238018297
3751883,25525,18,4.5,1234359171
3751884,25525,50,2.0,1238018220
3751885,25525,76,4.5,1234316402
3751886,25525,101,0.5,1234396701
3751887,25525,110,1.0,1238018145
3751888,25525,231,0.5,1234318841
3751889,25525,260,1.0,1234318747
3751890,25525,296,3.5,1234318775
3751891,25525,318,0.5,1234572385
3751892,25525,333,0.5,1234321286
3751893,25525,344,0.5,1238018254
3751894,25525,356,0.5,1234318773
3751895,25525,377,1.0,1238018223
3751896,25525,480,1.5,1234318771
3751897,25525,527,0.5,1238018211
3751898,25525,541,4.5,1238017567
3751899,25525,588,0.5,1238018215
3751900,25525,592,5.0,1234318752
3751901,25525,608,0.5,1238018217
3751902,25525,648,0.5,1238018233
3751903,25525,735,4.5,1234318921
3751904,25525,750,5.0,1234317714
3751905,25525,778,3.0,1234572238
3751906,25525,780,0.5,1238018202
3751907,25525,849,3.5,1234317681
3751908,25525,858,3.0,1234318828
3751909,25525,923,0.5,1234320250
3751910,25525,924,5.0,1234317019
3751911,25525,968,5.0,1234316856
3751912,25525,1080,5.0,1234316630
3751913,25525,1089,5.0,1234316536
3751914,25525,1097,1.0,1234319230
3751915,25525,1129,5.0,1234317682
3751916,25525,1136,3.5,1234316625
3751917,25525,1162,5.0,1234320293
3751918,25525,1193,2.5,1234318884
3751919,25525,1196,1.0,1234318797
3751920,25525,1197,5.0,1234317989
3751921,25525,1198,5.0,1234317061
3751922,25525,1201,5.0,1234317238
3751923,25525,1202,5.0,1234317081
3751924,25525,1206,5.0,1234317003
3751925,25525,1210,0.5,1238018205
3751926,25525,1214,3.5,1234318889
3751927,25525,1215,5.0,1234317941
3751928,25525,1217,0.5,1234318234
3751929,25525,1218,5.0,1234318937
3751930,25525,1222,5.0,1234316813
3751931,25525,1230,5.0,1234317451
3751932,25525,1235,5.0,1234316247
3751933,25525,1237,4.5,1234316413
3751934,25525,1240,0.5,1238018299
3751935,25525,1241,5.0,1234317521
3751936,25525,1244,3.5,1234320094
3751937,25525,1253,3.0,1234316298
3751938,25525,1255,5.0,1234405797
3751939,25525,1258,5.0,1234317562
3751940,25525,1261,5.0,1234317926
3751941,25525,1262,3.5,1234317690
3751942,25525,1265,0.5,1238018315
3751943,25525,1270,0.5,1238018240
3751944,25525,1273,5.0,1234396765
3751945,25525,1288,4.5,1234317404
3751946,25525,1291,3.0,1234317057
3751947,25525,1405,5.0,1238017594
3751948,25525,1449,5.0,1234317410
3751949,25525,1546,5.0,1234317226
3751950,25525,1639,0.5,1234317844
3751951,25525,1701,4.0,1234316425
3751952,25525,1748,5.0,1238017558
3751953,25525,1853,3.5,1234317428
3751954,25525,1924,5.0,1234319975
3751955,25525,1965,4.5,1234405805
3751956,25525,1982,3.5,1234316306
3751957,25525,2010,5.0,1238017723
3751958,25525,2019,1.0,1234318201
3751959,25525,2028,0.5,1238018267
3751960,25525,2115,5.0,1234317059
3751961,25525,2159,5.0,1234319421
3751962,25525,2163,5.0,1234318950
3751963,25525,2285,5.0,1234317168
3751964,25525,2288,5.0,1234319389
3751965,25525,2359,3.5,1234316261
3751966,25525,2395,0.5,1234317866
3751967,25525,2450,4.5,1234316388
3751968,25525,2455,4.5,1234319427
3751969,25525,2459,5.0,1234317351
3751970,25525,2460,5.0,1234317349
3751971,25525,2461,3.5,1234317364
3751972,25525,2462,1.0,1234317361
3751973,25525,2533,3.5,1234317685
3751974,25525,2551,5.0,1234318689
3751975,25525,2571,0.5,1238018235
3751976,25525,2600,5.0,1234320417
3751977,25525,2628,0.5,1238018321
3751978,25525,2652,2.0,1234318650
3751979,25525,2657,5.0,1234358983
3751980,25525,2716,0.5,1234317884
3751981,25525,2717,0.5,1234317886
3751982,25525,2730,5.0,1234320374
3751983,25525,2788,4.0,1234316627
3751984,25525,2791,5.0,1234317216
3751985,25525,2792,4.0,1234316380
3751986,25525,2858,2.5,1238018251
3751987,25525,2877,5.0,1234321284
3751988,25525,2959,0.5,1238018322
3751989,25525,2970,5.0,1234317670
3751990,25525,2985,5.0,1234319943
3751991,25525,2997,5.0,1234318562
3751992,25525,3002,5.0,1234319334
3751993,25525,3013,3.0,1234317119
3751994,25525,3016,5.0,1234316828
3751995,25525,3017,3.5,1234316831
3751996,25525,3018,5.0,1234317115
3751997,25525,3070,4.5,1234318163
3751998,25525,3202,5.0,1238017852
3751999,25525,3205,4.5,1234319629
3752000,25525,3265,5.0,1234317829
3752001,25525,3266,5.0,1234317934
3752002,25525,3275,5.0,1238017738
3752003,25525,3344,5.0,1234316693
3752004,25525,3360,2.0,1234316357
3752005,25525,3476,3.0,1234316349
3752006,25525,3521,5.0,1234317616
3752007,25525,3535,2.0,1238017652
3752008,25525,3587,5.0,1234317299
3752009,25525,3671,5.0,1234317104
3752010,25525,3676,5.0,1234316493
3752011,25525,3683,2.0,1234316352
3752012,25525,3696,4.5,1234316850
3752013,25525,3703,3.5,1234320383
3752014,25525,3740,5.0,1234316338
3752015,25525,3814,5.0,1234317464
3752016,25525,3869,2.0,1234316365
3752017,25525,3925,5.0,1234320368
3752018,25525,3933,3.0,1234318964
3752019,25525,4034,3.5,1234319258
3752020,25525,4105,5.0,1234317928
3752021,25525,4226,0.5,1234572306
3752022,25525,4370,2.0,1234317026
3752023,25525,4437,5.0,1234317292
3752024,25525,4533,5.0,1234318604
3752025,25525,4552,5.0,1234316959
3752026,25525,4553,5.0,1234319369
3752027,25525,4571,5.0,1234320314
3752028,25525,4624,5.0,1234395461
3752029,25525,4641,5.0,1234316612
3752030,25525,4697,5.0,1234319376
3752031,25525,4713,5.0,1238017689
3752032,25525,4734,0.5,1234317835
3752033,25525,4752,5.0,1234318536
3752034,25525,4855,5.0,1234318105
3752035,25525,4878,5.0,1234572216
3752036,25525,4979,0.5,1234317972
3752037,25525,4980,5.0,1234320317
3752038,25525,4993,0.5,1238018317
3752039,25525,5002,5.0,1234319149
3752040,25525,5003,3.5,1234319150
3752041,25525,5056,5.0,1234317632
3752042,25525,5059,5.0,1234405308
3752043,25525,5121,5.0,1234317588
3752044,25525,5160,5.0,1234316872
3752045,25525,5165,5.0,1234318580
3752046,25525,5208,4.0,1234319012
3752047,25525,5244,5.0,1234396677
3752048,25525,5291,1.5,1234359084
3752049,25525,5305,3.5,1234319006
3752050,25525,5378,0.5,1234572387
3752051,25525,5390,5.0,1234571103
3752052,25525,5413,4.0,1234318582
3752053,25525,5717,4.5,1234317270
3752054,25525,5770,5.0,1234318634
3752055,25525,5771,4.0,1234317422
3752056,25525,5772,5.0,1238017520
3752057,25525,5853,5.0,1234316754
3752058,25525,5914,5.0,1238017763
3752059,25525,5931,5.0,1234317600
3752060,25525,5952,1.0,1234318901
3752061,25525,5980,5.0,1234395386
3752062,25525,6104,3.5,1234316635
3752063,25525,6148,5.0,1234396686
3752064,25525,6365,1.0,1234572401
3752065,25525,6395,5.0,1234319411
3752066,25525,6433,4.0,1234318414
3752067,25525,6539,0.5,1234319182
3752068,25525,6731,5.0,1234316927
3752069,25525,6774,5.0,1234316768
3752070,25525,6807,5.0,1234316631
3752071,25525,6873,0.5,1234318059
3752072,25525,6880,0.5,1234317353
3752073,25525,6893,4.0,1234405291
3752074,25525,6987,5.0,1234318513
3752075,25525,6993,5.0,1234320086
3752076,25525,7022,5.0,1234317497
3752077,25525,7063,5.0,1234317571
3752078,25525,7115,5.0,1234317312
3752079,25525,7123,5.0,1234320376
3752080,25525,7153,1.0,1234319187
3752081,25525,7202,2.0,1234317122
3752082,25525,7222,5.0,1234318367
3752083,25525,7235,5.0,1234318039
3752084,25525,7360,1.0,1234316577
3752085,25525,7387,5.0,1234316579
3752086,25525,7460,5.0,1234319418
3752087,25525,7492,5.0,1234318662
3752088,25525,7757,4.0,1234320379
3752089,25525,7766,1.5,1234359070
3752090,25525,7802,5.0,1238017808
3752091,25525,7883,4.5,1234319612
3752092,25525,7884,5.0,1234407921
3752093,25525,7926,1.5,1234359101
3752094,25525,7954,3.5,1234405801
3752095,25525,7983,5.0,1234318152
3752096,25525,8126,4.0,1234318631
3752097,25525,8225,4.5,1234316859
3752098,25525,8636,1.5,1234319193
3752099,25525,8854,3.5,1234316878
3752100,25525,8874,5.0,1234317531
3752101,25525,8893,3.0,1234319378
3752102,25525,8906,5.0,1234317268
3752103,25525,8957,0.5,1234317390
3752104,25525,26241,5.0,1234321274
3752105,25525,26258,5.0,1234320366
3752106,25525,26285,5.0,1234319775
3752107,25525,26400,5.0,1238017777
3752108,25525,26684,4.0,1234319222
3752109,25525,26974,4.0,1234358994
3752110,25525,27317,2.0,1234318658
3752111,25525,27537,5.0,1238017700
3752112,25525,27773,3.0,1234572250
3752113,25525,30810,0.5,1234396773
3752114,25525,31101,4.0,1234320683
3752115,25525,31150,5.0,1234319159
3752116,25525,31547,5.0,1238017864
3752117,25525,32314,4.5,1234318312
3752118,25525,33493,0.5,1234572398
3752119,25525,33794,0.5,1234316705
3752120,25525,34292,5.0,1238017611
3752121,25525,34542,5.0,1234317579
3752122,25525,37545,5.0,1234319318
3752123,25525,38061,2.5,1234405395
3752124,25525,39446,0.5,1234317391
3752125,25525,41014,4.5,1234317432
3752126,25525,43897,4.0,1234319270
3752127,25525,44889,4.0,1234318370
3752128,25525,48518,0.5,1234317356
3752129,25525,48877,0.5,1234317392
3752130,25525,51498,2.0,1234317017
3752131,25525,52281,5.0,1234318303
3752132,25525,52831,4.5,1234318537
3752133,25525,53447,0.5,1234358976
3752134,25525,53887,5.0,1234317155
3752135,25525,54286,0.5,1234319255
3752136,25525,54785,4.5,1234359256
3752137,25525,55205,5.0,1234319750
3752138,25525,55577,0.5,1234317394
3752139,25525,55820,1.5,1234319244
3752140,25525,58559,0.5,1234316727
3752141,25525,59315,3.0,1234319177
3752142,25525,59369,3.0,1234317190
3752143,25525,59615,2.5,1234317065
3752144,25525,60069,0.5,1234319247
3752145,25525,60333,5.0,1234319296
3752146,25525,60522,5.0,1234316971
3752147,25525,61132,0.5,1234317950
3752148,25525,61323,2.0,1234316984
3752149,25525,62434,0.5,1234317853
3752150,25525,63436,0.5,1234317397
3752151,25525,64499,4.0,1234319111
3752152,25525,64501,4.0,1234319113
3752153,25525,64614,5.0,1234321154
3752154,25525,64839,4.5,1234316678
3752155,25525,65601,1.0,1234317420
3752156,25526,2,3.0,832519954
3752157,25526,19,4.0,832526872
3752158,25526,20,3.0,832518745
3752159,25526,34,5.0,832519368
3752160,25526,48,4.0,832519596
3752161,25526,107,3.0,832525803
3752162,25526,125,2.0,832526834
3752163,25526,141,3.0,832526367
3752164,25526,146,3.0,832525898
3752165,25526,150,4.0,832519987
3752166,25526,153,3.0,832519977
3752167,25526,158,3.0,832525737
3752168,25526,161,3.0,832518885
3752169,25526,165,3.0,832519977
3752170,25526,169,4.0,832525836
3752171,25526,181,3.0,832525989
3752172,25526,185,4.0,832520277
3752173,25526,208,3.0,832520277
3752174,25526,231,3.0,832520085
3752175,25526,238,3.0,832525737
3752176,25526,239,3.0,832525736
3752177,25526,253,1.0,832520214
3752178,25526,261,4.0,832525605
3752179,25526,292,4.0,832520214
3752180,25526,313,3.0,832525802
3752181,25526,316,3.0,832520085
3752182,25526,317,3.0,832525737
3752183,25526,329,4.0,832520085
3752184,25526,339,2.0,832519538
3752185,25526,344,4.0,832519977
3752186,25526,349,3.0,832519977
3752187,25526,362,3.0,832519368
3752188,25526,364,5.0,832518885
3752189,25526,367,5.0,832519538
3752190,25526,380,4.0,832519987
3752191,25526,410,3.0,832520346
3752192,25526,415,2.0,832518627
3752193,25526,420,3.0,832526553
3752194,25526,432,3.0,832526634
3752195,25526,434,3.0,832520214
3752196,25526,435,3.0,832527011
3752197,25526,437,3.0,832526633
3752198,25526,440,3.0,832519280
3752199,25526,454,3.0,832519596
3752200,25526,457,3.0,832518885
3752201,25526,531,4.0,832525660
3752202,25526,552,3.0,832518885
3752203,25526,588,5.0,832519977
3752204,25526,592,4.0,832519987
3752205,25526,593,1.0,832519538
3752206,25526,595,5.0,832519280
3752207,25526,610,4.0,832526293
3752208,25526,616,3.0,832519280
3752209,25526,637,3.0,832526430
3752210,25526,709,3.0,832525803
3752211,25527,2,3.0,1016304168
3752212,25527,10,5.0,1016303322
3752213,25527,110,5.0,1016302211
3752214,25527,165,3.0,1016306624
3752215,25527,169,1.0,1016304578
3752216,25527,260,4.0,1016303740
3752217,25527,296,5.0,1016303347
3752218,25527,329,3.0,1016306744
3752219,25527,370,3.0,1016306484
3752220,25527,527,5.0,1016304130
3752221,25527,541,5.0,1016305802
3752222,25527,589,3.0,1016306348
3752223,25527,590,5.0,1016306796
3752224,25527,594,5.0,1016304071
3752225,25527,733,4.0,1016303809
3752226,25527,780,4.0,1016302899
3752227,25527,786,2.0,1016306892
3752228,25527,828,1.0,1016304130
3752229,25527,831,4.0,1016304071
3752230,25527,832,4.0,1016306249
3752231,25527,968,1.0,1016302999
3752232,25527,1036,3.0,1016306624
3752233,25527,1047,4.0,1016306766
3752234,25527,1089,5.0,1016303277
3752235,25527,1100,2.0,1016304968
3752236,25527,1101,5.0,1016305831
3752237,25527,1136,5.0,1016305859
3752238,25527,1196,5.0,1016302278
3752239,25527,1199,3.0,1016306069
3752240,25527,1206,4.0,1016305676
3752241,25527,1208,5.0,1016305575
3752242,25527,1210,5.0,1016302309
3752243,25527,1220,4.0,1016302429
3752244,25527,1222,5.0,1016305600
3752245,25527,1228,4.0,1016303419
3752246,25527,1265,4.0,1016302811
3752247,25527,1270,4.0,1016305088
3752248,25527,1288,3.0,1016306348
3752249,25527,1291,5.0,1016304042
3752250,25527,1298,3.0,1016302379
3752251,25527,1356,3.0,1016306744
3752252,25527,1370,3.0,1016306624
3752253,25527,1371,3.0,1016306744
3752254,25527,1372,3.0,1016306744
3752255,25527,1373,2.0,1016306744
3752256,25527,1374,4.0,1016306744
3752257,25527,1375,3.0,1016306744
3752258,25527,1376,4.0,1016304968
3752259,25527,1380,3.0,1016302379
3752260,25527,1388,2.0,1016302309
3752261,25527,1391,1.0,1016305621
3752262,25527,1464,2.0,1016305416
3752263,25527,1479,2.0,1016306300
3752264,25527,1517,3.0,1016306041
3752265,25527,1544,1.0,1016304282
3752266,25527,1610,4.0,1016306432
3752267,25527,1721,1.0,1016303740
3752268,25527,1769,1.0,1016303021
3752269,25527,1784,5.0,1016305234
3752270,25527,1961,3.0,1016306249
3752271,25527,2003,2.0,1016306432
3752272,25527,2028,5.0,1016305432
3752273,25527,2080,5.0,1016305960
3752274,25527,2115,4.0,1016305892
3752275,25527,2167,3.0,1016305481
3752276,25527,2231,4.0,1016304777
3752277,25527,2273,3.0,1016304302
3752278,25527,2393,3.0,1016306744
3752279,25527,2427,3.0,1016304089
3752280,25527,2431,4.0,1016304404
3752281,25527,2542,5.0,1016305547
3752282,25527,2549,1.0,1016304982
3752283,25527,2571,5.0,1016306844
3752284,25527,2628,4.0,1016306868
3752285,25527,2716,5.0,1016305650
3752286,25527,2717,3.0,1016305650
3752287,25527,2762,4.0,1016302759
3752288,25527,2763,4.0,1016304917
3752289,25527,2841,3.0,1016302351
3752290,25527,2901,2.0,1016306937
3752291,25527,2916,4.0,1016306822
3752292,25527,3147,5.0,1016305370
3752293,25527,3178,3.0,1016304678
3752294,25527,3253,4.0,1016303451
3752295,25527,3263,4.0,1016304302
3752296,25527,3399,4.0,1016303067
3752297,25527,3438,2.0,1016304168
3752298,25527,3527,4.0,1016302976
3752299,25527,3578,4.0,1016304865
3752300,25527,3753,4.0,1016306213
3752301,25527,3837,3.0,1016306937
3752302,25527,3838,2.0,1016306937
3752303,25527,3863,2.0,1016304468
3752304,25527,3897,4.0,1016305234
3752305,25527,3911,3.0,1016304345
3752306,25527,3946,1.0,1016304744
3752307,25527,3948,4.0,1016303522
3752308,25527,4019,3.0,1016306109
3752309,25527,4022,4.0,1016302862
3752310,25527,4034,5.0,1016307033
3752311,25527,4085,4.0,1016303626
3752312,25527,4148,2.0,1016306151
3752313,25527,4223,3.0,1016303626
3752314,25527,4226,4.0,1016306213
3752315,25527,4306,3.0,1016305191
3752316,25527,4369,3.0,1016302899
3752317,25527,4448,3.0,1016305778
3752318,25527,4677,3.0,1016305919
3752319,25527,4718,4.0,1016302666
3752320,25527,4734,4.0,1016302666
3752321,25527,4757,3.0,1016302646
3752322,25527,4816,3.0,1016302646
3752323,25527,4848,2.0,1016303388
3752324,25527,4963,4.0,1016304239
3752325,25527,4975,3.0,1016306370
3752326,25527,4993,5.0,1016302504
3752327,25527,4995,4.0,1016303626
3752328,25527,5076,1.0,1016303114
3752329,25527,5103,3.0,1016306301
3752330,25527,5159,1.0,1016306109
3752331,25528,17,5.0,1048724178
3752332,25528,21,5.0,1048724235
3752333,25528,25,4.0,1048724154
3752334,25528,30,3.0,1048723916
3752335,25528,34,5.0,1048723937
3752336,25528,36,5.0,1048723937
3752337,25528,110,4.0,1037137624
3752338,25528,154,5.0,1048723608
3752339,25528,161,4.0,1048722873
3752340,25528,199,5.0,1048724154
3752341,25528,260,5.0,1037139500
3752342,25528,266,4.0,1048723350
3752343,25528,293,5.0,1048724087
3752344,25528,296,5.0,1048723519
3752345,25528,306,5.0,1048723608
3752346,25528,318,5.0,1048723539
3752347,25528,334,4.0,1048723865
3752348,25528,350,2.0,1037139247
3752349,25528,356,4.0,1048722900
3752350,25528,427,1.0,1037139328
3752351,25528,515,5.0,1048723937
3752352,25528,517,2.0,1037139299
3752353,25528,527,4.0,1048723502
3752354,25528,541,5.0,1037138360
3752355,25528,593,5.0,1048723656
3752356,25528,608,4.0,1048723790
3752357,25528,647,4.0,1048722900
3752358,25528,648,3.0,1037139267
3752359,25528,707,5.0,1037138499
3752360,25528,750,4.0,1048722698
3752361,25528,780,3.0,1048723350
3752362,25528,800,4.0,1037138990
3752363,25528,858,5.0,1037138077
3752364,25528,903,4.0,1037138824
3752365,25528,904,5.0,1037138824
3752366,25528,909,5.0,1048723990
3752367,25528,912,5.0,1048722698
3752368,25528,913,3.0,1037138434
3752369,25528,922,5.0,1037138360
3752370,25528,923,5.0,1048723477
3752371,25528,924,5.0,1048723630
3752372,25528,926,5.0,1048723630
3752373,25528,930,4.0,1037138384
3752374,25528,942,4.0,1037138384
3752375,25528,946,5.0,1048722804
3752376,25528,953,5.0,1048723722
3752377,25528,969,5.0,1048722746
3752378,25528,991,4.0,1037137606
3752379,25528,994,5.0,1048723990
3752380,25528,1060,5.0,1048724154
3752381,25528,1084,4.0,1048723579
3752382,25528,1090,4.0,1048722746
3752383,25528,1092,2.0,1037139247
3752384,25528,1094,5.0,1048722746
3752385,25528,1097,4.0,1037137606
3752386,25528,1131,5.0,1048723656
3752387,25528,1132,5.0,1048723559
3752388,25528,1136,5.0,1037139473
3752389,25528,1172,5.0,1048723736
3752390,25528,1179,3.0,1048722405
3752391,25528,1183,5.0,1048722829
3752392,25528,1184,5.0,1048723259
3752393,25528,1193,5.0,1037139473
3752394,25528,1196,5.0,1048723679
3752395,25528,1204,5.0,1048722698
3752396,25528,1207,5.0,1048723519
3752397,25528,1208,5.0,1037139556
3752398,25528,1210,3.0,1037137646
3752399,25528,1212,5.0,1037138990
3752400,25528,1213,5.0,1048723519
3752401,25528,1221,5.0,1037137588
3752402,25528,1222,5.0,1048722851
3752403,25528,1231,5.0,1048723973
3752404,25528,1233,5.0,1048722698
3752405,25528,1237,5.0,1048724178
3752406,25528,1242,5.0,1048722772
3752407,25528,1245,5.0,1048724303
3752408,25528,1247,5.0,1048723559
3752409,25528,1248,4.0,1037138434
3752410,25528,1250,5.0,1048722746
3752411,25528,1252,5.0,1037138360
3752412,25528,1256,5.0,1048722719
3752413,25528,1259,4.0,1048723865
3752414,25528,1260,5.0,1048722381
3752415,25528,1267,4.0,1037138384
3752416,25528,1284,5.0,1037138486
3752417,25528,1288,5.0,1048723679
3752418,25528,1296,5.0,1048723736
3752419,25528,1358,5.0,1048724111
3752420,25528,1391,4.0,1048723374
3752421,25528,1408,3.0,1037137588
3752422,25528,1411,3.0,1048723865
3752423,25528,1459,3.0,1037139280
3752424,25528,1589,3.0,1037139170
3752425,25528,1616,2.0,1048723302
3752426,25528,1617,4.0,1037138384
3752427,25528,1625,2.0,1037139152
3752428,25528,1635,5.0,1048724129
3752429,25528,1644,2.0,1037139328
3752430,25528,1674,4.0,1048724178
3752431,25528,1676,3.0,1048723350
3752432,25528,1682,3.0,1037137665
3752433,25528,1699,5.0,1048723953
3752434,25528,1704,5.0,1048724275
3752435,25528,1732,5.0,1037139186
3752436,25528,1748,4.0,1037138486
3752437,25528,1783,2.0,1048722460
3752438,25528,1805,2.0,1037139205
3752439,25528,1909,2.0,1037139267
3752440,25528,1944,5.0,1048722559
3752441,25528,1953,5.0,1048724303
3752442,25528,1955,5.0,1048724111
3752443,25528,1960,3.0,1048722804
3752444,25528,2019,5.0,1048723768
3752445,25528,2024,4.0,1037139205
3752446,25528,2028,4.0,1048722698
3752447,25528,2076,4.0,1037139170
3752448,25528,2106,4.0,1048723374
3752449,25528,2186,5.0,1037138434
3752450,25528,2248,5.0,1048724111
3752451,25528,2269,2.0,1037137665
3752452,25528,2289,5.0,1048723844
3752453,25528,2338,1.0,1037139328
3752454,25528,2357,5.0,1048723722
3752455,25528,2360,2.0,1048723790
3752456,25528,2414,5.0,1037139267
3752457,25528,2427,5.0,1048722873
3752458,25528,2467,4.0,1037139027
3752459,25528,2501,5.0,1048724069
3752460,25528,2583,5.0,1037139170
3752461,25528,2726,4.0,1048722405
3752462,25528,2727,5.0,1048722405
3752463,25528,2731,5.0,1048723679
3752464,25528,2732,5.0,1048723829
3752465,25528,2804,5.0,1048723656
3752466,25528,2844,5.0,1037139247
3752467,25528,2858,5.0,1048723502
3752468,25528,2890,5.0,1048722772
3752469,25528,2920,5.0,1048723722
3752470,25528,2959,3.0,1048724070
3752471,25528,2966,5.0,1048724087
3752472,25528,2987,3.0,1037138486
3752473,25528,3006,5.0,1048723768
3752474,25528,3044,4.0,1037139027
3752475,25528,3117,5.0,1048723281
3752476,25528,3134,5.0,1048723630
3752477,25528,3135,4.0,1048723894
3752478,25528,3163,5.0,1048724235
3752479,25528,3169,4.0,1048723937
3752480,25528,3176,4.0,1037139152
3752481,25528,3201,5.0,1037139537
3752482,25528,3224,5.0,1048723844
3752483,25528,3262,4.0,1037139299
3752484,25528,3334,4.0,1037138434
3752485,25528,3359,5.0,1048723806
3752486,25528,3363,4.0,1048723768
3752487,25528,3364,5.0,1048722381
3752488,25528,3418,5.0,1048724332
3752489,25528,3421,5.0,1037139556
3752490,25528,3435,4.0,1037138360
3752491,25528,3436,1.0,1037137646
3752492,25528,3441,5.0,1048723386
3752493,25528,3448,4.0,1048723259
3752494,25528,3476,5.0,1037139006
3752495,25528,3504,5.0,1048724070
3752496,25528,3543,5.0,1048723954
3752497,25528,3545,5.0,1037139500
3752498,25528,3551,5.0,1037139556
3752499,25528,3683,5.0,1048722381
3752500,25528,3698,2.0,1037137588
3752501,25528,3706,3.0,1037138486
3752502,25528,3730,5.0,1037138990
3752503,25528,3741,5.0,1048723608
3752504,25528,3753,4.0,1048723302
3752505,25528,3783,4.0,1048724111
3752506,25528,3788,5.0,1037138990
3752507,25528,3822,5.0,1048724218
3752508,25528,3897,4.0,1048723865
3752509,25528,3949,5.0,1048724111
3752510,25528,3967,4.0,1048723954
3752511,25528,4008,3.0,1048722851
3752512,25528,4033,4.0,1048722829
3752513,25528,4034,3.0,1048723768
3752514,25528,4037,4.0,1037138360
3752515,25528,4103,3.0,1048722873
3752516,25528,4144,5.0,1048724289
3752517,25528,4186,5.0,1048723916
3752518,25528,4226,5.0,1037138825
3752519,25528,4353,5.0,1048723282
3752520,25528,4424,5.0,1037139500
3752521,25528,4432,4.0,1037138360
3752522,25528,4496,2.0,1037139267
3752523,25528,4641,5.0,1048724264
3752524,25528,4848,5.0,1048724045
3752525,25528,4865,4.0,1037139205
3752526,25528,4878,3.0,1048724004
3752527,25528,4903,4.0,1037137735
3752528,25528,4928,3.0,1048723608
3752529,25528,4967,4.0,1048723829
3752530,25528,5010,5.0,1048722772
3752531,25528,5013,5.0,1037139006
3752532,25528,5015,4.0,1048724070
3752533,25528,5034,5.0,1048723894
3752534,25528,5060,5.0,1037139537
3752535,25528,5064,3.0,1037137750
3752536,25528,5112,4.0,1037139353
3752537,25528,5225,5.0,1048724111
3752538,25528,5236,5.0,1048723806
3752539,25528,5269,3.0,1037137794
3752540,25528,5287,4.0,1037139027
3752541,25528,5349,3.0,1037137735
3752542,25528,5385,5.0,1037139407
3752543,25528,5400,2.0,1037137794
3752544,25528,5420,4.0,1048723350
3752545,25528,5445,5.0,1037137624
3752546,25528,5656,4.0,1037137735
3752547,25528,5693,5.0,1048723894
3752548,25528,5937,5.0,1048722873
3752549,25528,5945,3.0,1048724129
3752550,25528,5989,4.0,1048724199
3752551,25528,5991,3.0,1048723844
3752552,25528,5995,3.0,1048722698
3752553,25529,14,3.5,1240598934
3752554,25529,191,3.5,1240599190
3752555,25529,455,5.0,1240598909
3752556,25529,527,5.0,1240599647
3752557,25529,661,4.0,1240598881
3752558,25529,858,5.0,1240599629
3752559,25529,1030,3.0,1240599063
3752560,25529,1203,5.0,1240599611
3752561,25529,1207,4.5,1240599656
3752562,25529,1221,5.0,1240599631
3752563,25529,1476,4.5,1240598961
3752564,25529,2052,5.0,1240599159
3752565,25529,2354,2.5,1240599330
3752566,25529,2429,3.0,1240599272
3752567,25529,2581,5.0,1240598927
3752568,25529,2687,4.5,1240599008
3752569,25529,2888,5.0,1240599345
3752570,25529,3148,5.0,1240598948
3752571,25529,4867,5.0,1240599261
3752572,25529,7380,4.0,1240599686
3752573,25529,36401,2.0,1240599266
3752574,25529,58559,5.0,1240599618
3752575,25529,59369,5.0,1240599540
3752576,25529,61250,5.0,1240599467
3752577,25529,63859,4.5,1240599598
3752578,25529,63992,3.0,1240600242
3752579,25530,260,2.5,1337201627
3752580,25530,261,2.0,1337165042
3752581,25530,296,3.0,1337201934
3752582,25530,318,3.0,1337201608
3752583,25530,527,4.0,1337201637
3752584,25530,541,1.5,1337201634
3752585,25530,593,4.0,1337201592
3752586,25530,599,2.5,1337202198
3752587,25530,608,3.0,1337202030
3752588,25530,750,4.5,1337202023
3752589,25530,858,4.0,1337201697
3752590,25530,898,3.5,1337202273
3752591,25530,899,4.0,1337165069
3752592,25530,903,4.0,1337201778
3752593,25530,904,3.5,1337202078
3752594,25530,908,4.0,1337201994
3752595,25530,910,3.0,1337165021
3752596,25530,911,4.0,1337202102
3752597,25530,912,4.0,1337201687
3752598,25530,913,4.5,1337164993
3752599,25530,923,4.0,1337201939
3752600,25530,924,5.0,1337202148
3752601,25530,928,2.5,1337202181
3752602,25530,933,3.0,1337202288
3752603,25530,940,3.0,1337201891
3752604,25530,950,3.0,1337201847
3752605,25530,954,3.0,1337201923
3752606,25530,965,3.5,1337201884
3752607,25530,969,4.0,1337201758
3752608,25530,1029,2.5,1337165084
3752609,25530,1035,4.0,1337427024
3752610,25530,1059,2.5,1337165056
3752611,25530,1086,3.0,1337201912
3752612,25530,1088,2.5,1337165026
3752613,25530,1090,3.0,1337201616
3752614,25530,1096,3.0,1337427056
3752615,25530,1104,3.5,1337202340
3752616,25530,1172,4.5,1337201532
3752617,25530,1193,5.0,1337201724
3752618,25530,1201,3.0,1337202067
3752619,25530,1204,4.0,1337201649
3752620,25530,1206,4.5,1337202300
3752621,25530,1207,5.0,1337201755
3752622,25530,1208,4.5,1337201646
3752623,25530,1213,2.5,1337201977
3752624,25530,1214,2.5,1337201896
3752625,25530,1221,3.5,1337201706
3752626,25530,1222,2.0,1337201616
3752627,25530,1224,3.0,1337201552
3752628,25530,1225,3.5,1337201657
3752629,25530,1228,3.0,1337201761
3752630,25530,1230,4.0,1337202293
3752631,25530,1231,2.5,1337201654
3752632,25530,1233,4.0,1337201539
3752633,25530,1234,2.5,1337201772
3752634,25530,1237,4.5,1337202242
3752635,25530,1240,1.0,1337201598
3752636,25530,1242,4.0,1337165001
3752637,25530,1244,3.5,1337202218
3752638,25530,1246,4.5,1337201576
3752639,25530,1247,4.0,1337201792
3752640,25530,1250,3.5,1337201673
3752641,25530,1252,3.0,1337201690
3752642,25530,1254,2.5,1337201815
3752643,25530,1256,3.0,1337202125
3752644,25530,1259,3.0,1337201621
3752645,25530,1262,3.5,1337201677
3752646,25530,1263,4.5,1337201542
3752647,25530,1267,4.0,1337201835
3752648,25530,1272,4.0,1337201547
3752649,25530,1276,3.5,1337201693
3752650,25530,1282,3.0,1337165007
3752651,25530,1283,3.0,1337201915
3752652,25530,1293,4.5,1337165059
3752653,25530,1299,4.0,1337201545
3752654,25530,1304,4.0,1337201727
3752655,25530,1387,1.5,1337201991
3752656,25530,1405,1.5,1337165103
3752657,25530,1617,3.0,1337201714
3752658,25530,1704,3.5,1337201603
3752659,25530,1747,3.0,1337165037
3752660,25530,1777,2.5,1337164971
3752661,25530,1944,3.0,1337202034
3752662,25530,1945,3.0,1337201930
3752663,25530,1947,4.0,1337427052
3752664,25530,1949,4.0,1337201536
3752665,25530,1950,5.0,1337201710
3752666,25530,1953,3.5,1337202158
3752667,25530,1961,4.0,1337201589
3752668,25530,1962,4.0,1337427009
3752669,25530,2019,3.5,1337201844
3752670,25530,2028,4.0,1337202234
3752671,25530,2080,3.5,1337165063
3752672,25530,2203,3.0,1337202007
3752673,25530,2313,3.5,1337201746
3752674,25530,2329,2.5,1337201900
3752675,25530,2571,3.5,1337201802
3752676,25530,2648,2.0,1337202211
3752677,25530,2726,3.5,1337202038
3752678,25530,2728,3.0,1337201557
3752679,25530,2763,5.0,1337164984
3752680,25530,2858,3.5,1337201570
3752681,25530,2920,3.0,1337201908
3752682,25530,2959,1.5,1337201784
3752683,25530,3022,3.0,1337202064
3752684,25530,3072,2.5,1337165097
3752685,25530,3083,3.0,1337427034
3752686,25530,3088,4.0,1337202315
3752687,25530,3089,3.0,1337202097
3752688,25530,3095,4.0,1337201987
3752689,25530,3168,3.5,1337427059
3752690,25530,3196,3.5,1337202185
3752691,25530,3307,3.0,1337202255
3752692,25530,3334,2.5,1337201752
3752693,25530,3435,2.5,1337201820
3752694,25530,3451,4.0,1337427003
3752695,25530,3468,3.5,1337201828
3752696,25530,3470,3.5,1337202155
3752697,25530,3498,4.0,1337427021
3752698,25530,3504,3.0,1337202263
3752699,25530,3629,3.5,1337202310
3752700,25530,3730,3.0,1337202021
3752701,25530,3801,3.0,1337202251
3752702,25530,4187,4.0,1337427027
3752703,25530,4226,4.0,1337201806
3752704,25530,4326,4.0,1337201585
3752705,25530,4427,3.0,1337202326
3752706,25530,4973,4.5,1337201776
3752707,25530,4993,3.0,1337201957
3752708,25530,5952,3.0,1337202130
3752709,25530,6016,3.5,1337201731
3752710,25530,6787,4.0,1337201527
3752711,25530,7153,3.5,1337201919
3752712,25530,7669,3.0,1337202276
3752713,25530,8228,3.5,1337201664
3752714,25530,44555,3.0,1337201719
3752715,25530,58559,2.5,1337201741
3752716,25530,81845,3.0,1337202260
3752717,25530,89745,2.5,1337201857
3752718,25531,6,3.5,1078543175
3752719,25531,31,3.5,1078536813
3752720,25531,47,4.5,1078542926
3752721,25531,110,4.0,1078542045
3752722,25531,111,4.0,1078544293
3752723,25531,150,3.0,1078542040
3752724,25531,153,1.5,1078544125
3752725,25531,165,4.0,1078544131
3752726,25531,223,4.5,1078543079
3752727,25531,260,3.0,1078542058
3752728,25531,288,3.0,1078544243
3752729,25531,292,3.5,1078544166
3752730,25531,296,5.0,1078542006
3752731,25531,306,4.0,1078536977
3752732,25531,315,3.0,1078536713
3752733,25531,318,4.0,1078537137
3752734,25531,322,3.5,1078543044
3752735,25531,356,3.5,1078542021
3752736,25531,357,3.5,1078544223
3752737,25531,367,1.5,1078544207
3752738,25531,377,3.5,1078544119
3752739,25531,410,2.0,1078544366
3752740,25531,434,2.5,1078544212
3752741,25531,454,3.5,1078544202
3752742,25531,457,4.0,1078542024
3752743,25531,475,4.5,1078536803
3752744,25531,480,2.5,1078537120
3752745,25531,508,4.5,1078543017
3752746,25531,509,3.5,1078544379
3752747,25531,527,4.0,1078542950
3752748,25531,539,3.5,1078544216
3752749,25531,589,3.0,1078543178
3752750,25531,592,1.5,1078542035
3752751,25531,593,4.0,1078537090
3752752,25531,648,3.5,1078544137
3752753,25531,736,3.5,1078544150
3752754,25531,760,4.0,1078543281
3752755,25531,778,4.0,1078544506
3752756,25531,780,3.5,1078544112
3752757,25531,858,4.0,1078544170
3752758,25531,1036,4.0,1078542071
3752759,25531,1080,4.5,1078536702
3752760,25531,1175,3.5,1078543556
3752761,25531,1213,4.0,1078544404
3752762,25531,1216,3.0,1078541197
3752763,25531,1240,3.5,1078544277
3752764,25531,1265,3.5,1078544282
3752765,25531,1291,3.5,1078543430
3752766,25531,1375,1.5,1078536787
3752767,25531,1387,3.0,1078544409
3752768,25531,1393,4.0,1078543359
3752769,25531,1527,2.5,1078544498
3752770,25531,1610,4.5,1078542934
3752771,25531,1617,4.0,1078543212
3752772,25531,1639,3.5,1078543349
3752773,25531,1680,3.5,1078543347
3752774,25531,1704,4.0,1078542903
3752775,25531,1721,3.5,1078544248
3752776,25531,1784,4.0,1078543020
3752777,25531,1917,3.0,1078536705
3752778,25531,1923,3.0,1078544534
3752779,25531,1961,4.0,1078543453
3752780,25531,2011,2.5,1078536727
3752781,25531,2028,4.5,1078542883
3752782,25531,2268,4.0,1078542918
3752783,25531,2302,2.5,1078543123
3752784,25531,2324,4.0,1078543068
3752785,25531,2353,4.0,1078543194
3752786,25531,2571,4.0,1078542886
3752787,25531,2617,2.0,1078536760
3752788,25531,2671,4.0,1078536797
3752789,25531,2706,2.0,1078543115
3752790,25531,2762,3.5,1078543202
3752791,25531,2858,4.5,1078544191
3752792,25531,2959,4.0,1078542892
3752793,25531,2997,3.0,1078543136
3752794,25531,3005,3.5,1078536925
3752795,25531,3052,3.0,1078543085
3752796,25531,3267,3.0,1078543519
3752797,25531,3386,3.5,1078536982
3752798,25531,3408,3.5,1078541369
3752799,25531,3556,2.5,1078541589
3752800,25531,3578,4.0,1078541253
3752801,25531,3717,2.5,1078542276
3752802,25531,3744,2.0,1078542308
3752803,25531,3753,4.0,1078541792
3752804,25531,3897,2.0,1078541285
3752805,25531,3948,3.5,1078541438
3752806,25531,3949,4.0,1078541343
3752807,25531,3981,1.0,1078542541
3752808,25531,4014,4.0,1078536915
3752809,25531,4022,2.0,1078541385
3752810,25531,4025,1.5,1078542128
3752811,25531,4034,3.5,1078541325
3752812,25531,4157,4.0,1078542209
3752813,25531,4161,2.5,1078542233
3752814,25531,4167,3.5,1078542151
3752815,25531,4223,4.5,1078541932
3752816,25531,4239,3.0,1078541472
3752817,25531,4246,3.5,1078541417
3752818,25531,4270,2.5,1078542341
3752819,25531,4306,3.5,1078536754
3752820,25531,4310,4.0,1078542227
3752821,25531,4448,3.5,1078542743
3752822,25531,4643,0.5,1078542318
3752823,25531,4776,2.0,1078541541
3752824,25531,4848,3.5,1078541585
3752825,25531,4852,2.5,1078542698
3752826,25531,4874,4.0,1078541851
3752827,25531,4885,2.5,1078542460
3752828,25531,4903,2.5,1078541443
3752829,25531,4963,3.5,1078541277
3752830,25531,4973,2.5,1078537001
3752831,25531,4979,2.5,1078536907
3752832,25531,4993,4.5,1078541898
3752833,25531,4995,4.0,1078541247
3752834,25531,5010,4.0,1078541380
3752835,25531,5064,4.0,1078542830
3752836,25531,5066,1.5,1078542260
3752837,25531,5093,2.5,1078542607
3752838,25531,5299,3.5,1078541402
3752839,25531,5312,2.5,1078542244
3752840,25531,5364,3.5,1078541833
3752841,25531,5388,3.0,1078541551
3752842,25531,5418,3.5,1078541346
3752843,25531,5445,3.0,1078541290
3752844,25531,5464,3.0,1078541298
3752845,25531,5528,2.5,1078541482
3752846,25531,5573,1.0,1078542659
3752847,25531,5630,2.5,1078541332
3752848,25531,5669,5.0,1078541872
3752849,25531,5675,0.5,1078542719
3752850,25531,5791,4.0,1078541414
3752851,25531,5810,4.0,1078541782
3752852,25531,5945,3.0,1078541570
3752853,25531,5952,5.0,1078541877
3752854,25531,5989,4.0,1078542786
3752855,25531,5992,4.0,1078541448
3752856,25531,5995,4.5,1078541270
3752857,25531,6058,3.5,1078542393
3752858,25531,6155,3.0,1078542165
3752859,25531,6235,3.5,1078543294
3752860,25531,6281,2.5,1078541765
3752861,25531,6287,1.5,1078542269
3752862,25531,6365,3.0,1078541715
3752863,25531,6985,4.0,1078543549
3752864,25531,7153,4.5,1078541902
3752865,25531,7318,5.0,1078541880
3752866,25532,1,3.5,1112416201
3752867,25532,2,3.0,1112452865
3752868,25532,16,3.0,1118434398
3752869,25532,34,4.0,1205042076
3752870,25532,39,5.0,1112416218
3752871,25532,48,4.0,1205044602
3752872,25532,104,4.5,1112395067
3752873,25532,185,3.5,1112415619
3752874,25532,207,3.5,1112495061
3752875,25532,223,3.0,1112416453
3752876,25532,231,0.5,1112458021
3752877,25532,236,4.5,1112395116
3752878,25532,265,4.0,1112416580
3752879,25532,293,4.0,1112452814
3752880,25532,296,3.0,1112416603
3752881,25532,339,3.5,1112496002
3752882,25532,342,3.0,1112415848
3752883,25532,344,2.0,1118434267
3752884,25532,356,3.0,1112395871
3752885,25532,357,4.0,1112418221
3752886,25532,364,3.0,1205041851
3752887,25532,368,4.0,1112394951
3752888,25532,374,3.5,1112495372
3752889,25532,377,3.0,1205041858
3752890,25532,440,4.0,1112458037
3752891,25532,454,3.5,1205042222
3752892,25532,480,3.5,1112457918
3752893,25532,500,4.0,1112417707
3752894,25532,509,2.0,1112418974
3752895,25532,515,3.0,1112418366
3752896,25532,527,4.0,1112416432
3752897,25532,529,4.0,1112418949
3752898,25532,532,2.5,1112395337
3752899,25532,539,4.5,1112417602
3752900,25532,543,4.5,1112452787
3752901,25532,549,4.5,1112418686
3752902,25532,580,1.5,1112495595
3752903,25532,588,3.0,1205042270
3752904,25532,590,3.5,1112495358
3752905,25532,595,3.0,1205042056
3752906,25532,597,3.5,1112395728
3752907,25532,608,5.0,1112416674
3752908,25532,728,3.5,1124155796
3752909,25532,736,2.5,1112452807
3752910,25532,745,4.0,1112396375
3752911,25532,805,4.0,1118434751
3752912,25532,837,3.0,1112416022
3752913,25532,838,4.0,1112415771
3752914,25532,852,4.0,1112452810
3752915,25532,858,4.0,1112416721
3752916,25532,919,3.5,1112396274
3752917,25532,920,4.0,1112457975
3752918,25532,934,4.0,1112495174
3752919,25532,953,4.0,1112418065
3752920,25532,969,4.0,1112418195
3752921,25532,1079,4.0,1112419316
3752922,25532,1092,3.5,1112395229
3752923,25532,1097,3.5,1112650333
3752924,25532,1101,3.5,1112452751
3752925,25532,1103,3.0,1112453013
3752926,25532,1148,3.5,1112395179
3752927,25532,1172,4.5,1112395264
3752928,25532,1173,3.0,1112417889
3752929,25532,1177,3.0,1112418547
3752930,25532,1186,3.0,1112650710
3752931,25532,1197,4.5,1112417981
3752932,25532,1199,2.0,1112417048
3752933,25532,1216,4.0,1112417834
3752934,25532,1246,3.5,1112418934
3752935,25532,1258,1.5,1112395088
3752936,25532,1265,4.0,1112457991
3752937,25532,1273,4.0,1112417205
3752938,25532,1275,4.0,1112453044
3752939,25532,1282,4.5,1112395218
3752940,25532,1289,4.0,1112452698
3752941,25532,1296,5.0,1112416293
3752942,25532,1302,3.0,1112457999
3752943,25532,1307,4.0,1112415936
3752944,25532,1358,3.5,1114373794
3752945,25532,1367,3.0,1112495561
3752946,25532,1391,4.0,1112457980
3752947,25532,1393,3.5,1112417770
3752948,25532,1453,4.0,1112395590
3752949,25532,1459,3.5,1112650428
3752950,25532,1461,4.0,1112452993
3752951,25532,1513,2.0,1118434849
3752952,25532,1517,2.0,1112394984
3752953,25532,1527,4.5,1112457931
3752954,25532,1552,3.5,1112452768
3752955,25532,1554,3.5,1112417901
3752956,25532,1569,3.5,1112417798
3752957,25532,1580,2.5,1112495686
3752958,25532,1674,3.5,1112395203
3752959,25532,1678,4.0,1112650676
3752960,25532,1682,3.5,1112395985
3752961,25532,1704,4.0,1112418844
3752962,25532,1777,1.5,1112395200
3752963,25532,1784,3.0,1205041911
3752964,25532,1885,1.0,1205040902
3752965,25532,1923,1.5,1112452731
3752966,25532,1961,3.0,1112457871
3752967,25532,1968,3.5,1112418923
3752968,25532,2058,4.0,1112458173
3752969,25532,2081,4.0,1118437484
3752970,25532,2085,4.0,1112495570
3752971,25532,2100,4.0,1205043455
3752972,25532,2108,4.0,1112418414
3752973,25532,2145,3.0,1112452960
3752974,25532,2174,2.5,1112651841
3752975,25532,2231,3.0,1112396098
3752976,25532,2291,4.0,1112495658
3752977,25532,2348,2.5,1112458151
3752978,25532,2355,1.0,1112494785
3752979,25532,2396,2.5,1118434143
3752980,25532,2424,4.5,1112415906
3752981,25532,2432,4.0,1112415653
3752982,25532,2502,3.0,1112418903
3752983,25532,2558,1.0,1112496026
3752984,25532,2574,4.0,1112495281
3752985,25532,2671,4.0,1112417382
3752986,25532,2692,4.0,1112395823
3752987,25532,2706,2.0,1112457725
3752988,25532,2716,3.5,1112457733
3752989,25532,2724,2.0,1112458128
3752990,25532,2732,3.0,1112417245
3752991,25532,2746,3.0,1112536172
3752992,25532,2797,3.5,1112495523
3752993,25532,2803,3.5,1112416351
3752994,25532,2805,3.0,1112395701
3752995,25532,2858,3.0,1112416478
3752996,25532,2881,4.0,1112452474
3752997,25532,2889,2.5,1112395934
3752998,25532,2918,4.0,1112416277
3752999,25532,2973,4.0,1131329832
3753000,25532,2997,3.5,1112416571
3753001,25532,3039,3.5,1112452913
3753002,25532,3071,4.0,1112419293
3753003,25532,3159,4.5,1112494834
3753004,25532,3173,2.0,1112641932
3753005,25532,3210,3.5,1112452920
3753006,25532,3221,3.5,1112396172
3753007,25532,3256,3.5,1112458097
3753008,25532,3408,5.0,1112415689
3753009,25532,3418,2.5,1112395190
3753010,25532,3424,3.5,1112455796
3753011,25532,3462,3.0,1112417065
3753012,25532,3521,4.0,1112417024
3753013,25532,3717,3.5,1112458084
3753014,25532,3824,2.5,1112416087
3753015,25532,3844,4.0,1112418460
3753016,25532,3871,3.5,1112418608
3753017,25532,3897,4.0,1149567743
3753018,25532,3911,4.5,1112395284
3753019,25532,3925,3.5,1112417277
3753020,25532,3998,4.0,1127079026
3753021,25532,4008,1.5,1112494864
3753022,25532,4018,2.5,1112396340
3753023,25532,4022,3.5,1112417566
3753024,25532,4025,3.5,1112496012
3753025,25532,4069,4.0,1112417858
3753026,25532,4090,4.0,1112457583
3753027,25532,4296,4.0,1112416068
3753028,25532,4355,3.5,1112495910
3753029,25532,4447,4.5,1112415668
3753030,25532,4500,3.5,1112415638
3753031,25532,4523,3.5,1112417521
3753032,25532,4656,4.0,1112419553
3753033,25532,4769,4.0,1114921328
3753034,25532,4890,2.0,1117930688
3753035,25532,4992,3.5,1112395760
3753036,25532,5014,2.0,1112417737
3753037,25532,5135,2.5,1113706379
3753038,25532,5292,4.0,1112495896
3753039,25532,5299,3.0,1112417528
3753040,25532,5303,3.0,1118434939
3753041,25532,5415,3.0,1112396024
3753042,25532,5417,3.5,1112395678
3753043,25532,5418,4.0,1112418942
3753044,25532,5620,3.0,1114970562
3753045,25532,5657,4.0,1117930572
3753046,25532,5782,4.0,1112416968
3753047,25532,5785,0.5,1112456127
3753048,25532,5900,4.0,1165460184
3753049,25532,5943,3.5,1112395640
3753050,25532,5957,3.5,1112410303
3753051,25532,6102,5.0,1112459011
3753052,25532,6134,4.0,1112418594
3753053,25532,6155,4.0,1205043518
3753054,25532,6373,2.0,1112452836
3753055,25532,6385,4.5,1112417972
3753056,25532,6482,0.5,1112415949
3753057,25532,6535,3.5,1205044465
3753058,25532,6942,2.0,1118434050
3753059,25532,7023,2.5,1211692302
3753060,25532,7067,4.0,1112409975
3753061,25532,7149,4.0,1118502882
3753062,25532,7209,4.0,1112409945
3753063,25532,7263,3.0,1112395905
3753064,25532,7294,2.5,1130084145
3753065,25532,7346,3.5,1114921303
3753066,25532,7380,4.5,1205044622
3753067,25532,7617,4.0,1112410179
3753068,25532,8464,4.0,1112416516
3753069,25532,8528,4.0,1127620728
3753070,25532,8529,3.5,1112396445
3753071,25532,8665,2.5,1112452852
3753072,25532,8798,3.0,1132840041
3753073,25532,8914,3.0,1130084099
3753074,25532,8937,1.5,1112535943
3753075,25532,8958,3.0,1112416486
3753076,25532,27808,1.5,1114230213
3753077,25532,30812,3.0,1118434098
3753078,25532,30822,3.5,1119924973
3753079,25532,30825,4.5,1117930517
3753080,25532,31223,4.0,1205042105
3753081,25532,31685,4.0,1124155647
3753082,25532,32298,4.0,1125864623
3753083,25532,34072,4.0,1165461266
3753084,25532,42197,2.0,1211604797
3753085,25532,44004,4.5,1165460136
3753086,25532,45668,2.5,1165460268
3753087,25532,45672,2.5,1162267658
3753088,25532,47099,2.0,1205040928
3753089,25532,49647,3.0,1205042128
3753090,25532,49910,3.5,1205042869
3753091,25532,53121,1.5,1205041979
3753092,25532,55276,4.0,1210187306
3753093,25532,55872,4.5,1206841835
3753094,25532,56171,4.5,1199848348
3753095,25532,56788,4.5,1211512427
3753096,25533,50,5.0,1173047395
3753097,25533,60,3.0,1173047200
3753098,25533,162,5.0,1172981400
3753099,25533,247,4.0,1173047794
3753100,25533,260,3.5,1173047486
3753101,25533,318,5.0,1173047283
3753102,25533,327,4.0,1172981427
3753103,25533,441,4.0,1173047194
3753104,25533,461,4.0,1173047767
3753105,25533,524,2.5,1172981332
3753106,25533,527,4.5,1173047448
3753107,25533,531,3.0,1173047209
3753108,25533,562,4.5,1172981432
3753109,25533,581,4.0,1173047968
3753110,25533,593,4.0,1173047392
3753111,25533,745,4.5,1173047370
3753112,25533,858,4.0,1173047423
3753113,25533,866,5.0,1172981358
3753114,25533,912,4.0,1173047473
3753115,25533,1019,2.0,1172981439
3753116,25533,1093,2.5,1172981326
3753117,25533,1136,5.0,1173047438
3753118,25533,1193,5.0,1173047345
3753119,25533,1198,3.5,1173047442
3753120,25533,1221,3.5,1173047429
3753121,25533,1223,4.5,1173047372
3753122,25533,1271,5.0,1173047137
3753123,25533,1373,2.5,1172981345
3753124,25533,1805,3.5,1172981353
3753125,25533,1897,4.0,1173047848
3753126,25533,1952,2.0,1173047181
3753127,25533,1965,3.0,1172981458
3753128,25533,2085,2.0,1173047177
3753129,25533,2145,2.0,1172981419
3753130,25533,2391,3.0,1172981388
3753131,25533,2571,3.5,1173047492
3753132,25533,2739,4.5,1173047807
3753133,25533,2774,3.0,1173047908
3753134,25533,2858,4.0,1173047378
3753135,25533,3046,4.5,1173047846
3753136,25533,3147,5.0,1173047270
3753137,25533,3361,2.0,1173047185
3753138,25533,3396,2.0,1172981455
3753139,25533,3786,5.0,1173047913
3753140,25533,4993,5.0,1173047381
3753141,25533,5222,3.0,1173047857
3753142,25533,5652,2.0,1173047931
3753143,25533,5952,5.0,1173047341
3753144,25533,5992,4.5,1173047852
3753145,25533,6218,3.0,1173047802
3753146,25533,6683,4.0,1173047898
3753147,25533,7153,5.0,1173047383
3753148,25533,7361,4.0,1173047335
3753149,25533,30749,4.0,1173048035
3753150,25533,33493,4.0,1172981465
3753151,25533,46723,4.5,1173047646
3753152,25534,1,2.0,831116149
3753153,25534,4,4.0,831116706
3753154,25534,8,3.0,831117430
3753155,25534,10,3.0,831116126
3753156,25534,16,3.0,831116451
3753157,25534,21,3.0,831116263
3753158,25534,31,3.0,831116438
3753159,25534,39,3.0,831116292
3753160,25534,40,2.0,831117131
3753161,25534,42,3.0,831448174
3753162,25534,46,3.0,831117109
3753163,25534,47,3.0,831116312
3753164,25534,48,4.0,831116463
3753165,25534,61,3.0,831116990
3753166,25534,63,2.0,831116977
3753167,25534,82,3.0,831117131
3753168,25534,99,1.0,831117387
3753169,25534,102,2.0,831116977
3753170,25534,103,3.0,831117072
3753171,25534,105,3.0,831116422
3753172,25534,122,3.0,831116761
3753173,25534,137,3.0,831117511
3753174,25534,140,3.0,831116761
3753175,25534,150,3.0,831116102
3753176,25534,153,2.0,831116127
3753177,25534,161,3.0,831116149
3753178,25534,163,3.0,831116551
3753179,25534,165,3.0,831116188
3753180,25534,185,4.0,831116282
3753181,25534,203,3.0,831116551
3753182,25534,204,4.0,831116438
3753183,25534,208,3.0,831116263
3753184,25534,217,2.0,831116941
3753185,25534,225,4.0,831116282
3753186,25534,227,3.0,831116498
3753187,25534,238,3.0,831116940
3753188,25534,246,3.0,831116451
3753189,25534,248,3.0,831116681
3753190,25534,249,1.0,831116626
3753191,25534,252,3.0,831116394
3753192,25534,257,3.0,831116551
3753193,25534,271,3.0,831116914
3753194,25534,276,3.0,831116481
3753195,25534,277,3.0,831116481
3753196,25534,286,3.0,831117443
3753197,25534,296,3.0,831116102
3753198,25534,315,3.0,831116348
3753199,25534,316,3.0,831116149
3753200,25534,318,2.0,831116149
3753201,25534,325,3.0,831117004
3753202,25534,329,3.0,831116188
3753203,25534,337,2.0,831116348
3753204,25534,338,3.0,831116706
3753205,25534,339,3.0,831116188
3753206,25534,343,3.0,831117055
3753207,25534,344,1.0,831116127
3753208,25534,349,3.0,831116126
3753209,25534,380,4.0,831116102
3753210,25534,381,3.0,831116513
3753211,25534,398,2.0,831117607
3753212,25534,418,2.0,831116941
3753213,25534,420,3.0,831116325
3753214,25534,426,3.0,831116957
3753215,25534,431,4.0,831116551
3753216,25534,434,3.0,831116188
3753217,25534,477,4.0,831116626
3753218,25534,494,3.0,831116706
3753219,25534,555,3.0,831116498
3753220,25534,588,4.0,831116126
3753221,25534,590,3.0,831116102
3753222,25534,592,2.0,831116102
3753223,25534,595,4.0,831116149
3753224,25534,613,4.0,831117387
3753225,25534,626,3.0,831117443
3753226,25534,631,3.0,831117258
3753227,25534,647,2.0,831117554
3753228,25534,661,3.0,831116977
3753229,25534,675,2.0,831117599
3753230,25534,684,2.0,831117650
3753231,25534,685,2.0,831117519
3753232,25534,692,2.0,831117453
3753233,25534,706,2.0,831448201
3753234,25534,709,3.0,831117089
3753235,25534,725,2.0,831117568
3753236,25534,737,3.0,831448162
3753237,25534,752,2.0,831117585
3753238,25534,766,2.0,831117672
3753239,25535,9,3.0,864833566
3753240,25535,62,3.0,864833345
3753241,25535,76,4.0,864833652
3753242,25535,86,5.0,864833652
3753243,25535,88,3.0,864833652
3753244,25535,95,4.0,864833345
3753245,25535,104,3.0,864833495
3753246,25535,112,3.0,864833495
3753247,25535,135,3.0,864833529
3753248,25535,141,4.0,864833345
3753249,25535,260,5.0,864833392
3753250,25535,376,4.0,864833494
3753251,25535,494,4.0,864833392
3753252,25535,639,5.0,864833959
3753253,25535,647,4.0,864833614
3753254,25535,653,4.0,864833495
3753255,25535,667,3.0,864833685
3753256,25535,704,3.0,864833848
3753257,25535,733,4.0,864833392
3753258,25535,736,4.0,864833345
3753259,25535,737,5.0,864833565
3753260,25535,762,5.0,864833495
3753261,25535,765,4.0,864833652
3753262,25535,780,3.0,864833345
3753263,25535,784,4.0,864833495
3753264,25535,785,3.0,864833614
3753265,25535,786,4.0,864833392
3753266,25535,788,3.0,864833494
3753267,25535,802,5.0,864833528
3753268,25535,805,4.0,864833528
3753269,25535,809,2.0,864834042
3753270,25535,832,4.0,864833565
3753271,25535,836,4.0,864833749
3753272,25535,849,4.0,864833685
3753273,25535,880,5.0,864833685
3753274,25535,991,4.0,864834000
3753275,25535,999,4.0,864833959
3753276,25535,1049,5.0,864833929
3753277,25535,1210,5.0,864833529
3753278,25535,1356,5.0,864833495
3753279,25535,1438,4.0,864834042
3753280,25536,1,1.0,833472930
3753281,25536,10,3.0,833472907
3753282,25536,32,3.0,833473004
3753283,25536,47,3.0,833472977
3753284,25536,50,4.0,833472977
3753285,25536,111,2.0,833472977
3753286,25536,150,3.0,833472823
3753287,25536,153,3.0,833472848
3753288,25536,161,3.0,833472907
3753289,25536,165,3.0,833472848
3753290,25536,185,2.0,833472930
3753291,25536,208,3.0,833472930
3753292,25536,231,1.0,833472867
3753293,25536,253,3.0,833472930
3753294,25536,292,3.0,833472907
3753295,25536,296,4.0,833472823
3753296,25536,316,2.0,833472867
3753297,25536,318,5.0,833472867
3753298,25536,329,3.0,833472867
3753299,25536,339,3.0,833472907
3753300,25536,344,2.0,833472848
3753301,25536,349,3.0,833472848
3753302,25536,380,3.0,833472823
3753303,25536,434,3.0,833472907
3753304,25536,527,4.0,833473004
3753305,25536,588,1.0,833472848
3753306,25536,589,4.0,833473004
3753307,25536,590,4.0,833472823
3753308,25536,592,3.0,833472823
3753309,25536,593,4.0,833472977
3753310,25536,595,1.0,833472867
3753311,25537,50,4.0,1114525060
3753312,25537,104,3.0,1114524786
3753313,25537,266,4.0,1114524743
3753314,25537,318,4.0,1114525054
3753315,25537,497,3.0,1114524782
3753316,25537,708,3.0,1114524754
3753317,25537,1080,4.0,1114524816
3753318,25537,1219,4.0,1114524818
3753319,25537,1230,3.0,1114524803
3753320,25537,1246,4.0,1114524811
3753321,25537,1258,3.5,1114524821
3753322,25537,1304,4.0,1114524806
3753323,25537,1357,3.5,1114524895
3753324,25537,1517,3.5,1114524771
3753325,25537,1584,4.0,1114524728
3753326,25537,1610,3.0,1114524735
3753327,25537,1947,5.0,1114525027
3753328,25537,2329,4.0,1114525072
3753329,25537,2987,3.0,1114524757
3753330,25537,3793,4.0,1114524793
3753331,25537,4226,4.5,1114525063
3753332,25537,4306,4.0,1114524788
3753333,25537,5902,5.0,1114525001
3753334,25537,7361,5.0,1114525018
3753335,25537,8961,4.0,1114525067
3753336,25538,1,3.0,1388802594
3753337,25538,47,3.5,1423940050
3753338,25538,50,5.0,1386116206
3753339,25538,110,3.0,1423938560
3753340,25538,208,4.0,1388802421
3753341,25538,231,3.0,1388803392
3753342,25538,260,3.5,1388802605
3753343,25538,293,3.0,1423940051
3753344,25538,296,4.5,1388802579
3753345,25538,318,4.0,1423940124
3753346,25538,356,5.0,1423940035
3753347,25538,367,3.0,1388803378
3753348,25538,374,2.0,1388802149
3753349,25538,480,4.0,1388801671
3753350,25538,502,4.0,1386113819
3753351,25538,527,5.0,1423940112
3753352,25538,586,2.0,1423938626
3753353,25538,589,4.5,1386118274
3753354,25538,593,3.5,1423940285
3753355,25538,595,2.5,1423938646
3753356,25538,608,5.0,1423940080
3753357,25538,765,4.0,1407937298
3753358,25538,858,5.0,1386116204
3753359,25538,1089,3.5,1386117718
3753360,25538,1092,4.0,1423939883
3753361,25538,1193,4.5,1427636934
3753362,25538,1196,4.0,1427636539
3753363,25538,1201,4.5,1386117635
3753364,25538,1206,3.5,1423938565
3753365,25538,1210,4.0,1427636760
3753366,25538,1213,4.0,1386116292
3753367,25538,1214,2.0,1423938650
3753368,25538,1221,5.0,1423940110
3753369,25538,1222,4.5,1423940031
3753370,25538,1240,4.0,1423939989
3753371,25538,1246,4.5,1427636975
3753372,25538,1251,5.0,1423940037
3753373,25538,1270,4.0,1388803367
3753374,25538,1293,4.5,1386118118
3753375,25538,1391,4.5,1386118871
3753376,25538,1517,3.5,1427636845
3753377,25538,1527,3.5,1423938500
3753378,25538,1562,4.0,1386118860
3753379,25538,1573,4.5,1388801968
3753380,25538,1591,4.5,1423940149
3753381,25538,1682,4.5,1427636995
3753382,25538,1721,4.5,1386118477
3753383,25538,1732,2.0,1423940004
3753384,25538,1917,3.5,1427636852
3753385,25538,2011,3.5,1423938622
3753386,25538,2012,3.5,1423938625
3753387,25538,2028,3.5,1423940067
3753388,25538,2085,2.0,1388801943
3753389,25538,2381,0.5,1423940201
3753390,25538,2394,3.5,1423940224
3753391,25538,2505,3.0,1386113808
3753392,25538,2571,5.0,1423940096
3753393,25538,2628,4.0,1423938633
3753394,25538,2692,2.0,1423940024
3753395,25538,2706,2.0,1423938639
3753396,25538,2716,2.5,1386118730
3753397,25538,2728,4.0,1411283928
3753398,25538,2858,5.0,1386185335
3753399,25538,2916,4.0,1388801647
3753400,25538,2959,4.0,1386116261
3753401,25538,2997,4.0,1386118726
3753402,25538,3114,3.5,1388801450
3753403,25538,3555,4.0,1386115996
3753404,25538,3578,3.0,1423940011
3753405,25538,3967,5.0,1386119099
3753406,25538,4226,4.5,1423940389
3753407,25538,4262,4.5,1386118209
3753408,25538,4270,3.5,1423938596
3753409,25538,4306,3.5,1423939871
3753410,25538,4369,3.0,1388801897
3753411,25538,4370,4.5,1423938602
3753412,25538,4643,3.0,1423939948
3753413,25538,4701,1.5,1423938579
3753414,25538,4973,5.0,1386116265
3753415,25538,4993,4.5,1386118721
3753416,25538,4995,4.0,1423939986
3753417,25538,5010,4.5,1389344718
3753418,25538,5218,4.0,1388790657
3753419,25538,5219,4.0,1423938585
3753420,25538,5349,4.0,1388801642
3753421,25538,5418,4.0,1388801689
3753422,25538,5445,4.5,1391017696
3753423,25538,5528,4.5,1407937136
3753424,25538,5617,4.5,1388802834
3753425,25538,5630,4.0,1388802042
3753426,25538,5679,1.0,1386118792
3753427,25538,5952,5.0,1386117641
3753428,25538,5989,5.0,1389344724
3753429,25538,5995,5.0,1386117833
3753430,25538,6016,5.0,1423940107
3753431,25538,6058,3.5,1423938568
3753432,25538,6222,4.5,1386114541
3753433,25538,6377,4.5,1388788155
3753434,25538,6378,4.0,1388801882
3753435,25538,6539,3.5,1427636611
3753436,25538,6595,4.0,1386113906
3753437,25538,6629,2.5,1386114244
3753438,25538,6863,0.5,1386118783
3753439,25538,6874,4.5,1423939996
3753440,25538,6934,4.5,1423938607
3753441,25538,7143,4.0,1423939861
3753442,25538,7147,4.0,1423939899
3753443,25538,7153,4.5,1386119084
3753444,25538,7361,4.5,1388801487
3753445,25538,7438,4.5,1386118780
3753446,25538,8360,3.0,1388801877
3753447,25538,8622,1.5,1386118776
3753448,25538,8861,3.0,1388802013
3753449,25538,8912,1.0,1423940187
3753450,25538,8958,4.5,1423938716
3753451,25538,8961,3.0,1423938678
3753452,25538,8970,5.0,1427637001
3753453,25538,27523,5.0,1386114288
3753454,25538,27773,4.0,1386117690
3753455,25538,30707,4.0,1423939958
3753456,25538,30749,5.0,1423940058
3753457,25538,31410,4.5,1388787696
3753458,25538,32587,4.5,1386118768
3753459,25538,33004,4.0,1386118930
3753460,25538,33660,4.0,1390983496
3753461,25538,33679,4.0,1386118766
3753462,25538,33794,4.0,1386118106
3753463,25538,34532,3.0,1423940195
3753464,25538,35836,5.0,1423938662
3753465,25538,36529,5.0,1388788103
3753466,25538,37380,1.0,1423938683
3753467,25538,39400,1.0,1423938698
3753468,25538,43932,1.5,1423938686
3753469,25538,44191,5.0,1386118279
3753470,25538,44665,4.5,1423938495
3753471,25538,45730,2.0,1423938467
3753472,25538,46578,4.5,1423938703
3753473,25538,46976,4.5,1423938709
3753474,25538,47610,4.0,1423939853
3753475,25538,48394,3.0,1423940062
3753476,25538,48780,3.5,1423940028
3753477,25538,49272,3.0,1427636617
3753478,25538,49278,1.0,1423939933
3753479,25538,49530,4.5,1388787652
3753480,25538,50872,4.0,1386118415
3753481,25538,50912,4.5,1386184908
3753482,25538,51077,2.5,1423938571
3753483,25538,51662,3.5,1423939856
3753484,25538,52722,3.5,1423939922
3753485,25538,54259,4.5,1388252483
3753486,25538,55247,4.5,1423938706
3753487,25538,55442,4.5,1386118131
3753488,25538,55765,5.0,1389344864
3753489,25538,55820,4.5,1423940020
3753490,25538,56367,4.5,1423939869
3753491,25538,56757,4.5,1423938666
3753492,25538,56801,3.0,1386114032
3753493,25538,56941,4.0,1423939915
3753494,25538,58559,4.0,1423940102
3753495,25538,58998,4.5,1423938670
3753496,25538,59315,4.5,1388790606
3753497,25538,60069,4.5,1386118758
3753498,25538,62374,4.5,1389344748
3753499,25538,63082,5.0,1388787620
3753500,25538,64231,4.0,1423940172
3753501,25538,64839,4.5,1427636967
3753502,25538,64957,5.0,1427637033
3753503,25538,65130,4.5,1423938478
3753504,25538,67255,4.5,1423939875
3753505,25538,68157,5.0,1388787706
3753506,25538,68954,5.0,1386117851
3753507,25538,69122,3.5,1423938714
3753508,25538,70286,4.0,1386118447
3753509,25538,72998,5.0,1388790631
3753510,25538,74458,4.5,1390978708
3753511,25538,76093,2.5,1423939886
3753512,25538,77561,3.5,1423938517
3753513,25538,78499,3.5,1386117914
3753514,25538,79132,4.5,1386116321
3753515,25538,80463,4.5,1386118897
3753516,25538,81591,5.0,1388787483
3753517,25538,81845,3.5,1423940065
3753518,25538,85414,3.5,1423938458
3753519,25538,88744,4.0,1423939912
3753520,25538,91500,4.0,1427636699
3753521,25538,91529,4.0,1423939879
3753522,25538,91658,3.5,1423939918
3753523,25538,94864,2.0,1388802196
3753524,25538,96079,2.5,1423938450
3753525,25538,98809,4.0,1427636630
3753526,25538,99114,5.0,1386117707
3753527,25538,104303,4.0,1391286178
3753528,25538,104913,4.0,1423938491
3753529,25538,106002,4.5,1398197379
3753530,25538,106487,4.0,1391004958
3753531,25538,106489,4.0,1427636664
3753532,25538,106782,5.0,1390979021
3753533,25538,106920,5.0,1410099090
3753534,25538,109487,3.5,1427636868
3753535,25538,111360,4.0,1409310451
3753536,25538,112552,5.0,1427636861
3753537,25539,110,3.5,1353074278
3753538,25539,170,3.0,1353072774
3753539,25539,1036,3.5,1353074292
3753540,25539,1270,3.5,1353074205
3753541,25539,2394,3.5,1353072823
3753542,25539,2571,4.5,1353074456
3753543,25539,3000,4.5,1353073275
3753544,25539,3793,4.5,1353074385
3753545,25539,4306,5.0,1353073520
3753546,25539,4896,4.5,1353074177
3753547,25539,4993,5.0,1353073310
3753548,25539,5618,4.5,1353073890
3753549,25539,5816,4.5,1353074163
3753550,25539,5952,5.0,1353073314
3753551,25539,6365,4.0,1353074425
3753552,25539,6934,3.5,1353074435
3753553,25539,7099,4.5,1353073915
3753554,25539,7153,5.0,1353073312
3753555,25539,8368,4.5,1353074175
3753556,25539,40815,4.5,1353074169
3753557,25539,44191,2.5,1353074502
3753558,25539,53138,4.0,1353073683
3753559,25539,53140,4.0,1353073672
3753560,25539,54001,4.5,1353074173
3753561,25539,69805,4.0,1353073685
3753562,25539,69844,4.5,1353074171
3753563,25539,81564,4.0,1353073572
3753564,25539,81834,4.5,1353074165
3753565,25539,88125,4.5,1353074166
3753566,25539,89745,2.0,1353073839
3753567,25539,92420,2.5,1353073800
3753568,25540,44,3.0,1338550251
3753569,25540,168,3.0,1338549750
3753570,25540,260,4.5,1338571254
3753571,25540,362,4.0,1338550391
3753572,25540,1092,4.5,1338550011
3753573,25540,1275,4.0,1338549991
3753574,25540,1876,5.0,1338549787
3753575,25540,1909,4.0,1338549866
3753576,25540,2421,3.0,1338550514
3753577,25540,2701,2.5,1338549978
3753578,25540,2858,4.0,1338571282
3753579,25540,2908,4.0,1338550380
3753580,25540,3354,4.5,1338550488
3753581,25540,3697,4.5,1338550580
3753582,25540,4018,5.0,1338571118
3753583,25540,4025,4.5,1338550348
3753584,25540,4643,5.0,1338550395
3753585,25540,4975,4.0,1338550453
3753586,25540,58559,4.5,1338571054
3753587,25540,79132,5.0,1338571150
3753588,25540,89745,5.0,1338556692
3753589,25541,2,4.5,1211730441
3753590,25541,6,5.0,1211729846
3753591,25541,16,5.0,1211729054
3753592,25541,18,3.0,1243802129
3753593,25541,19,3.0,1211730289
3753594,25541,21,3.5,1243140912
3753595,25541,25,5.0,1211729786
3753596,25541,32,5.0,1211726817
3753597,25541,47,5.0,1211727002
3753598,25541,50,5.0,1211726844
3753599,25541,65,2.5,1243013294
3753600,25541,95,2.0,1211729725
3753601,25541,104,5.0,1211730478
3753602,25541,110,1.0,1211726730
3753603,25541,150,4.0,1211726793
3753604,25541,153,0.5,1211727024
3753605,25541,165,4.0,1211726922
3753606,25541,170,4.5,1212946389
3753607,25541,180,5.0,1211732361
3753608,25541,185,2.0,1211727385
3753609,25541,198,4.5,1211733520
3753610,25541,208,2.0,1211730099
3753611,25541,223,5.0,1211730135
3753612,25541,231,4.0,1211729738
3753613,25541,253,5.0,1211727233
3753614,25541,288,2.5,1211730078
3753615,25541,292,4.0,1243140895
3753616,25541,296,5.0,1211726652
3753617,25541,316,4.5,1247020466
3753618,25541,318,4.0,1211731928
3753619,25541,327,2.5,1243013032
3753620,25541,344,3.0,1211727066
3753621,25541,353,4.0,1243135175
3753622,25541,356,4.0,1211726705
3753623,25541,357,4.5,1211730117
3753624,25541,367,1.5,1211727085
3753625,25541,368,4.0,1211730471
3753626,25541,370,5.0,1211755796
3753627,25541,377,2.5,1211726869
3753628,25541,379,2.0,1211726453
3753629,25541,380,2.5,1211726663
3753630,25541,428,5.0,1211726486
3753631,25541,431,3.0,1243141360
3753632,25541,435,3.0,1211755829
3753633,25541,442,3.5,1243141355
3753634,25541,454,5.0,1243012828
3753635,25541,457,4.0,1211731879
3753636,25541,480,4.5,1211726753
3753637,25541,485,2.5,1243013013
3753638,25541,508,4.5,1211730286
3753639,25541,539,3.0,1211727196
3753640,25541,541,5.0,1211729732
3753641,25541,589,4.5,1211726982
3753642,25541,590,3.5,1211726940
3753643,25541,592,5.0,1211726826
3753644,25541,593,2.0,1211726668
3753645,25541,608,2.0,1211726803
3753646,25541,648,2.5,1211726991
3753647,25541,736,4.5,1211726863
3753648,25541,741,4.0,1211732544
3753649,25541,778,5.0,1211728601
3753650,25541,780,2.0,1211729749
3753651,25541,786,1.5,1211730265
3753652,25541,788,2.0,1243141341
3753653,25541,836,3.0,1211726462
3753654,25541,858,4.5,1211726838
3753655,25541,924,5.0,1211729820
3753656,25541,968,4.0,1243012994
3753657,25541,1036,4.0,1211727117
3753658,25541,1080,3.0,1211730238
3753659,25541,1089,4.5,1211729976
3753660,25541,1101,3.5,1211730098
3753661,25541,1127,5.0,1211731691
3753662,25541,1129,3.5,1243802171
3753663,25541,1179,4.5,1243143170
3753664,25541,1193,2.0,1211727077
3753665,25541,1198,2.5,1211727016
3753666,25541,1199,4.0,1211731778
3753667,25541,1206,4.0,1211728729
3753668,25541,1208,3.5,1211729980
3753669,25541,1213,5.0,1211727986
3753670,25541,1214,4.0,1211727247
3753671,25541,1215,3.5,1212117046
3753672,25541,1221,5.0,1211727240
3753673,25541,1240,2.0,1211726935
3753674,25541,1245,4.0,1212260584
3753675,25541,1246,4.0,1243012982
3753676,25541,1261,2.0,1211726366
3753677,25541,1265,5.0,1211726996
3753678,25541,1270,5.0,1211726760
3753679,25541,1307,4.0,1211729729
3753680,25541,1339,3.0,1243141024
3753681,25541,1343,3.5,1243012964
3753682,25541,1370,5.0,1211730547
3753683,25541,1377,4.0,1243012960
3753684,25541,1391,3.0,1211730241
3753685,25541,1393,2.5,1211727382
3753686,25541,1466,4.5,1243124489
3753687,25541,1485,3.5,1211730055
3753688,25541,1499,2.0,1211726442
3753689,25541,1517,2.0,1211729962
3753690,25541,1527,3.0,1211727101
3753691,25541,1544,4.0,1211730412
3753692,25541,1552,3.0,1211731396
3753693,25541,1580,3.0,1211726900
3753694,25541,1584,4.5,1211727219
3753695,25541,1587,4.0,1211726397
3753696,25541,1610,4.5,1211727165
3753697,25541,1617,5.0,1243140855
3753698,25541,1625,5.0,1211732334
3753699,25541,1639,5.0,1211730292
3753700,25541,1641,4.0,1211730087
3753701,25541,1645,4.5,1211731744
3753702,25541,1653,5.0,1211729893
3753703,25541,1680,3.5,1243802135
3753704,25541,1682,2.0,1211729833
3753705,25541,1704,5.0,1211728822
3753706,25541,1721,2.0,1211726910
3753707,25541,1732,4.5,1247020785
3753708,25541,1746,2.5,1211947050
3753709,25541,1748,5.0,1211733054
3753710,25541,1882,2.0,1243140980
3753711,25541,1911,1.0,1211726386
3753712,25541,1917,3.0,1211727203
3753713,25541,1921,4.0,1243012935
3753714,25541,1923,3.5,1211726961
3753715,25541,1961,4.0,1212946153
3753716,25541,1968,5.0,1211729915
3753717,25541,2011,4.0,1211729736
3753718,25541,2012,4.0,1247020554
3753719,25541,2023,3.5,1243135441
3753720,25541,2028,5.0,1211726712
3753721,25541,2134,3.0,1211733519
3753722,25541,2144,4.0,1243135428
3753723,25541,2174,4.0,1211727361
3753724,25541,2231,4.5,1243802575
3753725,25541,2232,4.5,1211732397
3753726,25541,2268,3.5,1211730052
3753727,25541,2273,1.5,1243012910
3753728,25541,2278,5.0,1243134966
3753729,25541,2291,3.0,1211729702
3753730,25541,2302,4.0,1211730306
3753731,25541,2311,4.0,1211726530
3753732,25541,2329,4.0,1211727583
3753733,25541,2424,4.5,1211731713
3753734,25541,2455,4.0,1211755879
3753735,25541,2502,5.0,1211729764
3753736,25541,2513,4.0,1212946486
3753737,25541,2528,4.0,1243013194
3753738,25541,2541,3.5,1243140963
3753739,25541,2542,5.0,1211728744
3753740,25541,2567,2.0,1211726545
3753741,25541,2571,4.5,1211727096
3753742,25541,2580,5.0,1211732334
3753743,25541,2672,5.0,1211726567
3753744,25541,2683,2.0,1211727033
3753745,25541,2692,3.5,1211728594
3753746,25541,2706,4.0,1211729890
3753747,25541,2710,2.0,1211730027
3753748,25541,2716,3.5,1247020569
3753749,25541,2729,3.0,1211729005
3753750,25541,2762,5.0,1211727125
3753751,25541,2791,5.0,1300623928
3753752,25541,2797,4.0,1211727159
3753753,25541,2803,3.5,1211726512
3753754,25541,2808,1.0,1211726572
3753755,25541,2840,2.0,1243013178
3753756,25541,2858,5.0,1211726657
3753757,25541,2890,3.0,1243012893
3753758,25541,2916,5.0,1211727377
3753759,25541,2918,5.0,1211727183
3753760,25541,2959,5.0,1211726773
3753761,25541,2985,3.0,1211730266
3753762,25541,2987,3.0,1247020371
3753763,25541,2997,3.0,1211726904
3753764,25541,3020,4.0,1243802763
3753765,25541,3033,5.0,1211731694
3753766,25541,3052,4.0,1211729839
3753767,25541,3081,5.0,1211730360
3753768,25541,3087,4.0,1243135688
3753769,25541,3160,2.0,1211731382
3753770,25541,3175,4.5,1211730187
3753771,25541,3253,5.0,1211730201
3753772,25541,3256,3.5,1211755801
3753773,25541,3298,5.0,1211726502
3753774,25541,3354,3.5,1212946456
3753775,25541,3355,4.0,1212946452
3753776,25541,3409,4.0,1211726507
3753777,25541,3448,4.0,1211730415
3753778,25541,3471,4.0,1211729946
3753779,25541,3477,5.0,1244356585
3753780,25541,3481,5.0,1243134912
3753781,25541,3499,4.0,1300623919
3753782,25541,3510,3.5,1212117074
3753783,25541,3527,4.0,1211730244
3753784,25541,3578,3.5,1211726852
3753785,25541,3623,2.0,1211727122
3753786,25541,3686,4.5,1211734354
3753787,25541,3704,2.0,1211726473
3753788,25541,3717,4.0,1211731759
3753789,25541,3753,2.0,1243140934
3753790,25541,3755,0.5,1211731372
3753791,25541,3763,4.0,1212946440
3753792,25541,3783,5.0,1211732295
3753793,25541,3785,3.0,1243123010
3753794,25541,3831,4.5,1243013408
3753795,25541,3868,5.0,1243140930
3753796,25541,3897,3.5,1211726945
3753797,25541,3949,3.0,1211728343
3753798,25541,3972,1.5,1211755714
3753799,25541,3977,4.0,1211729711
3753800,25541,3994,4.0,1211729713
3753801,25541,3996,3.0,1247020399
3753802,25541,4007,5.0,1211726552
3753803,25541,4011,5.0,1211728625
3753804,25541,4018,4.5,1211731737
3753805,25541,4022,3.0,1211727057
3753806,25541,4034,3.0,1243012857
3753807,25541,4037,5.0,1244356536
3753808,25541,4084,2.0,1243013142
3753809,25541,4085,3.0,1211730364
3753810,25541,4215,4.5,1243013391
3753811,25541,4226,5.0,1211726677
3753812,25541,4235,4.0,1211727989
3753813,25541,4239,4.5,1243802662
3753814,25541,4262,4.0,1243012849
3753815,25541,4306,3.5,1211726785
3753816,25541,4351,4.0,1243013131
3753817,25541,4369,2.5,1243013128
3753818,25541,4370,1.5,1211730250
3753819,25541,4378,4.5,1243134959
3753820,25541,4383,5.0,1211743618
3753821,25541,4447,2.0,1243140926
3753822,25541,4571,4.0,1211731189
3753823,25541,4621,1.5,1243013124
3753824,25541,4643,3.5,1211731312
3753825,25541,4718,4.0,1211731443
3753826,25541,4720,5.0,1211743604
3753827,25541,4734,3.5,1211743125
3753828,25541,4738,3.0,1212125327
3753829,25541,4816,4.0,1211755798
3753830,25541,4848,2.5,1243802185
3753831,25541,4874,4.0,1243013118
3753832,25541,4878,3.0,1211728500
3753833,25541,4881,2.0,1212205263
3753834,25541,4963,5.0,1211726770
3753835,25541,4975,4.0,1211731317
3753836,25541,4993,2.0,1211726718
3753837,25541,5046,3.5,1211734836
3753838,25541,5110,5.0,1211732399
3753839,25541,5219,4.0,1211734894
3753840,25541,5265,5.0,1212798482
3753841,25541,5266,2.0,1243013113
3753842,25541,5319,5.0,1211728910
3753843,25541,5349,2.0,1211727029
3753844,25541,5388,4.0,1211731781
3753845,25541,5418,4.0,1211726987
3753846,25541,5445,3.0,1211726721
3753847,25541,5459,3.0,1211730324
3753848,25541,5500,5.0,1243802850
3753849,25541,5541,5.0,1243141386
3753850,25541,5574,3.0,1243141731
3753851,25541,5617,4.0,1211743030
3753852,25541,5669,5.0,1211729950
3753853,25541,5782,4.0,1243013109
3753854,25541,5816,2.5,1300623902
3753855,25541,5903,5.0,1211733054
3753856,25541,5945,0.5,1211755816
3753857,25541,5952,1.0,1211727009
3753858,25541,5989,5.0,1211729124
3753859,25541,6016,5.0,1211729174
3753860,25541,6157,2.5,1212946413
3753861,25541,6188,2.0,1211743093
3753862,25541,6323,5.0,1211743613
3753863,25541,6365,4.0,1211726876
3753864,25541,6373,5.0,1211730376
3753865,25541,6377,3.0,1211743025
3753866,25541,6378,4.0,1211730507
3753867,25541,6502,4.5,1211730169
3753868,25541,6503,2.5,1243013104
3753869,25541,6537,3.0,1300623896
3753870,25541,6539,3.5,1247020381
3753871,25541,6541,2.5,1243013098
3753872,25541,6571,3.5,1212798388
3753873,25541,6595,4.0,1243013353
3753874,25541,6618,5.0,1211743098
3753875,25541,6708,4.0,1211727545
3753876,25541,6711,5.0,1211726858
3753877,25541,6754,2.0,1243013093
3753878,25541,6806,4.5,1212117513
3753879,25541,6863,2.0,1211729958
3753880,25541,6874,3.0,1211726810
3753881,25541,6882,4.5,1211734640
3753882,25541,6902,5.0,1244356555
3753883,25541,6934,0.5,1211727189
3753884,25541,6942,3.0,1211730452
3753885,25541,6953,4.0,1211755819
3753886,25541,6979,5.0,1211733111
3753887,25541,7004,3.5,1212946400
3753888,25541,7022,4.5,1211728991
3753889,25541,7090,2.0,1211755697
3753890,25541,7137,3.5,1211743083
3753891,25541,7143,4.5,1211729771
3753892,25541,7153,1.0,1243012823
3753893,25541,7163,4.0,1211734893
3753894,25541,7173,2.5,1243013342
3753895,25541,7254,4.0,1211730597
3753896,25541,7293,4.0,1211743137
3753897,25541,7314,4.5,1211734899
3753898,25541,7347,3.0,1411529185
3753899,25541,7361,3.5,1211726821
3753900,25541,7438,3.5,1211726682
3753901,25541,7445,2.0,1211743600
3753902,25541,7481,5.0,1211733252
3753903,25541,7827,5.0,1211733068
3753904,25541,8360,4.0,1212946190
3753905,25541,8361,1.0,1211734823
3753906,25541,8369,2.5,1211743822
3753907,25541,8464,3.0,1211729895
3753908,25541,8528,3.5,1211731810
3753909,25541,8532,2.0,1211727977
3753910,25541,8533,3.5,1212798565
3753911,25541,8581,5.0,1243134920
3753912,25541,8622,3.5,1211729744
3753913,25541,8636,3.0,1243140918
3753914,25541,8641,3.0,1300624026
3753915,25541,8644,4.0,1211729938
3753916,25541,8665,3.5,1211727132
3753917,25541,8783,4.0,1211743792
3753918,25541,8784,4.0,1211728974
3753919,25541,8798,0.5,1211730141
3753920,25541,8800,4.5,1211734845
3753921,25541,8807,3.5,1211743114
3753922,25541,8865,3.5,1211734908
3753923,25541,8874,5.0,1211729353
3753924,25541,8914,5.0,1211734062
3753925,25541,8949,3.0,1211729973
3753926,25541,8950,4.5,1211728747
3753927,25541,8957,3.0,1211743623
3753928,25541,8961,4.0,1211726646
3753929,25541,8972,4.0,1211743757
3753930,25541,8984,4.0,1211731804
3753931,25541,26322,4.5,1247020512
3753932,25541,26554,5.0,1211732978
3753933,25541,27608,3.0,1211734832
3753934,25541,27611,3.0,1243136039
3753935,25541,27618,3.5,1212117379
3753936,25541,27660,4.0,1211733108
3753937,25541,27728,3.0,1211734079
3753938,25541,27773,5.0,1211729202
3753939,25541,27788,4.0,1243122982
3753940,25541,27803,2.0,1211728545
3753941,25541,27808,1.5,1243013332
3753942,25541,27831,5.0,1211727494
3753943,25541,27904,2.0,1211734070
3753944,25541,30707,3.0,1211729011
3753945,25541,30810,4.0,1211755748
3753946,25541,30812,4.0,1211731407
3753947,25541,31804,4.0,1211733569
3753948,25541,31807,5.0,1244356603
3753949,25541,31878,5.0,1211743035
3753950,25541,32031,3.5,1211734905
3753951,25541,32213,3.5,1211734819
3753952,25541,32587,4.5,1211726842
3753953,25541,33004,5.0,1211731365
3753954,25541,33166,3.0,1211729053
3753955,25541,33679,3.5,1211730315
3753956,25541,33794,4.0,1211726700
3753957,25541,34048,3.5,1211730215
3753958,25541,34162,3.0,1211729828
3753959,25541,34319,3.0,1211734343
3753960,25541,34338,2.5,1211743144
3753961,25541,34405,5.0,1211733849
3753962,25541,35836,4.0,1211729809
3753963,25541,36529,4.5,1212117561
3753964,25541,38061,4.5,1211767263
3753965,25541,39052,4.0,1211733131
3753966,25541,39446,4.0,1243013324
3753967,25541,40278,3.0,1212798270
3753968,25541,40815,3.0,1300623891
3753969,25541,41716,2.0,1211743103
3753970,25541,42015,3.5,1212798302
3753971,25541,42632,4.0,1211729287
3753972,25541,42718,4.0,1211947115
3753973,25541,43921,3.5,1244356580
3753974,25541,44058,5.0,1211742970
3753975,25541,44191,0.5,1211726881
3753976,25541,44195,3.5,1211728833
3753977,25541,44199,4.5,1211728924
3753978,25541,44665,4.5,1212798364
3753979,25541,44761,4.5,1243802161
3753980,25541,44849,4.0,1243123077
3753981,25541,45003,4.0,1247020460
3753982,25541,45447,3.0,1212798505
3753983,25541,45668,4.0,1212117228
3753984,25541,45728,4.5,1211743048
3753985,25541,46322,4.0,1212117541
3753986,25541,46965,3.0,1243013316
3753987,25541,46976,3.5,1211729322
3753988,25541,47610,4.0,1211730505
3753989,25541,47997,2.0,1211734828
3753990,25541,48385,4.0,1247020497
3753991,25541,48394,4.0,1211729245
3753992,25541,48516,4.5,1211726748
3753993,25541,48774,3.0,1211727245
3753994,25541,48780,3.0,1211728565
3753995,25541,48982,5.0,1211742893
3753996,25541,49272,4.5,1211727147
3753997,25541,49278,3.0,1211734404
3753998,25541,51037,4.0,1211743593
3753999,25541,51255,4.0,1211727211
3754000,25541,51412,4.0,1211734891
3754001,25541,51662,2.0,1211726931
3754002,25541,52241,3.5,1211743750
3754003,25541,52281,2.0,1211755747
3754004,25541,52328,3.5,1243123004
3754005,25541,52885,3.0,1244356572
3754006,25541,52950,3.0,1211754447
3754007,25541,53000,3.0,1211733490
3754008,25541,53318,5.0,1211742952
3754009,25541,53322,4.0,1212115330
3754010,25541,53956,4.5,1211932290
3754011,25541,53972,5.0,1211730309
3754012,25541,53996,3.5,1211730216
3754013,25541,54272,4.0,1211727089
3754014,25541,54286,4.0,1211726967
3754015,25541,54995,3.0,1211733844
3754016,25541,55232,4.0,1211734896
3754017,25541,55290,3.5,1212547800
3754018,25541,55721,5.0,1243123572
3754019,25541,55765,4.0,1211729158
3754020,25541,55820,0.5,1211726955
3754021,25541,55908,5.0,1211728881
3754022,25541,56174,3.5,1211729540
3754023,25541,56339,3.5,1212547814
3754024,25541,56367,2.0,1211726736
3754025,25541,56782,2.0,1211729524
3754026,25541,57368,2.0,1211729532
3754027,25541,57526,3.0,1211729553
3754028,25541,57669,4.0,1243122942
3754029,25541,58047,5.0,1212946071
3754030,25541,58162,3.5,1211753924
3754031,25541,58295,0.5,1211753868
3754032,25541,58297,3.5,1212349184
3754033,25541,58301,1.0,1211726692
3754034,25541,58559,4.0,1243135913
3754035,25541,58803,4.0,1211753912
3754036,25541,58998,3.0,1243122970
3754037,25541,59022,3.5,1211755475
3754038,25541,59315,4.0,1212880406
3754039,25541,59594,5.0,1212526856
3754040,25541,59784,4.0,1300624017
3754041,25541,60684,3.5,1411528579
3754042,25541,61132,3.0,1243141746
3754043,25541,62049,5.0,1243124168
3754044,25541,65740,3.5,1247020550
3754045,25541,68157,3.5,1300624011
3754046,25541,68358,3.5,1243802181
3754047,25541,70159,4.0,1411529195
3754048,25541,70286,3.5,1411528535
3754049,25541,72998,5.0,1411528629
3754050,25541,73017,5.0,1411528697
3754051,25541,74789,5.0,1411529053
3754052,25541,79132,5.0,1411528625
3754053,25541,79702,4.0,1411528703
3754054,25541,84152,3.5,1312939614
3754055,25541,85414,2.5,1312939608
3754056,25541,88744,5.0,1411528496
3754057,25541,103228,2.5,1411528473
3754058,25541,103341,3.5,1411528587
3754059,25541,104841,5.0,1411528600
3754060,25541,111921,4.0,1411528300
3754061,25542,1,3.5,1226268266
3754062,25542,10,4.5,1226268545
3754063,25542,47,4.5,1226268291
3754064,25542,231,2.0,1226268537
3754065,25542,260,5.0,1226268534
3754066,25542,261,3.0,1226267268
3754067,25542,296,5.0,1226268380
3754068,25542,318,5.0,1226267563
3754069,25542,344,3.0,1226268462
3754070,25542,356,4.5,1226267877
3754071,25542,357,3.0,1226268491
3754072,25542,364,3.0,1226268241
3754073,25542,377,3.5,1226268190
3754074,25542,480,5.0,1226268341
3754075,25542,500,3.5,1226268310
3754076,25542,527,5.0,1226267580
3754077,25542,531,2.5,1226267348
3754078,25542,593,5.0,1226268114
3754079,25542,595,1.5,1226268208
3754080,25542,597,4.0,1226268307
3754081,25542,608,4.0,1226268316
3754082,25542,648,3.5,1226268481
3754083,25542,720,4.0,1226267323
3754084,25542,736,3.5,1226268231
3754085,25542,745,4.0,1226267591
3754086,25542,750,4.5,1226267607
3754087,25542,780,2.5,1226268331
3754088,25542,858,4.0,1226267596
3754089,25542,904,3.5,1226267610
3754090,25542,924,5.0,1226268058
3754091,25542,1097,4.0,1226268304
3754092,25542,1136,4.5,1226268419
3754093,25542,1148,4.0,1226267593
3754094,25542,1172,4.5,1226267311
3754095,25542,1193,4.0,1226267586
3754096,25542,1196,5.0,1226268421
3754097,25542,1198,4.0,1226268213
3754098,25542,1219,5.0,1226267738
3754099,25542,1221,3.5,1226267598
3754100,25542,1258,5.0,1226267726
3754101,25542,1270,3.5,1226268146
3754102,25542,1464,4.5,1226267858
3754103,25542,1580,2.5,1226268169
3754104,25542,1619,4.0,1226267514
3754105,25542,1704,4.0,1226268383
3754106,25542,1721,2.5,1226268112
3754107,25542,1882,3.5,1226267405
3754108,25542,1961,4.0,1226268279
3754109,25542,2028,4.5,1226268198
3754110,25542,2288,3.5,1226267359
3754111,25542,2313,4.0,1226267434
3754112,25542,2321,4.5,1226268017
3754113,25542,2355,2.0,1226268476
3754114,25542,2396,4.0,1226268254
3754115,25542,2409,3.0,1226267484
3754116,25542,2628,4.0,1226268149
3754117,25542,2683,3.5,1226268366
3754118,25542,2706,3.0,1226268391
3754119,25542,2710,3.0,1226268540
3754120,25542,2719,2.5,1226267501
3754121,25542,2858,3.5,1226268161
3754122,25542,2949,4.0,1226267425
3754123,25542,2959,5.0,1226268194
3754124,25542,2997,4.0,1226268283
3754125,25542,3020,4.0,1226267449
3754126,25542,3178,4.0,1226267523
3754127,25542,3535,5.0,1226267744
3754128,25542,3578,4.0,1226268346
3754129,25542,3638,4.0,1226267526
3754130,25542,3751,4.0,1226268510
3754131,25542,3897,4.0,1226268388
3754132,25542,4022,4.0,1226268514
3754133,25542,4226,3.0,1226268179
3754134,25542,4306,3.0,1226268455
3754135,25542,4370,4.0,1226268067
3754136,25542,4718,2.5,1226268086
3754137,25542,4878,3.0,1226268614
3754138,25542,4886,3.5,1226268326
3754139,25542,4896,1.5,1226268450
3754140,25542,4973,4.5,1226267567
3754141,25542,4995,4.0,1226268405
3754142,25542,5009,3.5,1226268072
3754143,25542,5349,3.5,1226268248
3754144,25542,5378,3.0,1226268486
3754145,25542,5418,3.5,1226267903
3754146,25542,5952,3.5,1226268361
3754147,25542,6016,4.5,1226267582
3754148,25542,6365,3.5,1226268219
3754149,25542,6874,3.0,1226268174
3754150,25542,7153,3.5,1226268127
3754151,25542,7361,3.5,1226268137
3754152,25542,8368,1.0,1226268568
3754153,25542,8665,3.5,1226268441
3754154,25542,8784,3.5,1226267415
3754155,25542,8961,4.0,1226268251
3754156,25542,31410,4.5,1226268750
3754157,25542,32587,3.5,1226268236
3754158,25542,33794,4.0,1226268140
3754159,25542,44191,4.0,1226267371
3754160,25542,45722,0.5,1226268351
3754161,25542,46578,4.0,1226268397
3754162,25542,48385,4.5,1226268402
3754163,25542,51662,3.0,1226268320
3754164,25542,54272,3.5,1226268571
3754165,25542,55820,4.5,1226267806
3754166,25542,56174,3.5,1226268556
3754167,25542,56782,5.0,1226267708
3754168,25542,58559,5.0,1226267574
3754169,25542,59615,0.5,1226268560
3754170,25542,61323,3.0,1226267966
3754171,25543,1,4.5,1242651746
3754172,25543,158,4.0,1242651135
3754173,25543,260,5.0,1242651720
3754174,25543,261,4.5,1242651178
3754175,25543,277,4.0,1242651215
3754176,25543,356,4.0,1242651700
3754177,25543,480,4.0,1242651712
3754178,25543,592,4.5,1242651732
3754179,25543,593,4.0,1242651704
3754180,25543,780,4.0,1242651751
3754181,25543,1210,5.0,1242651756
3754182,25543,1282,3.0,1242651157
3754183,25543,1569,4.5,1242651200
3754184,25543,2161,3.5,1242651209
3754185,25543,2336,4.5,1242651220
3754186,25543,2340,2.5,1242651444
3754187,25543,2662,5.0,1242651450
3754188,25543,2805,4.0,1242651476
3754189,25543,2986,4.0,1242651459
3754190,25543,3082,5.0,1242651254
3754191,25543,3157,5.0,1242651479
3754192,25543,3178,4.0,1242651508
3754193,25543,3186,4.0,1242651499
3754194,25544,267,1.5,1295405739
3754195,25544,575,5.0,1295405857
3754196,25544,765,4.0,1256866527
3754197,25544,1713,3.5,1295405874
3754198,25544,1911,3.5,1295744420
3754199,25544,2109,3.5,1256866477
3754200,25544,2926,0.5,1256866596
3754201,25544,2953,5.0,1256866492
3754202,25544,3254,3.0,1295405700
3754203,25544,4214,3.0,1295405790
3754204,25544,4232,4.5,1295405762
3754205,25544,4679,5.0,1295405854
3754206,25544,4719,4.5,1295408005
3754207,25544,4728,4.0,1295733507
3754208,25544,4963,4.5,1295732333
3754209,25544,5419,3.0,1295405897
3754210,25544,5481,5.0,1295733482
3754211,25544,5504,4.0,1295406219
3754212,25544,6373,4.5,1295408839
3754213,25544,6534,4.5,1256866550
3754214,25544,45672,4.5,1295733489
3754215,25544,65230,2.5,1295732994
3754216,25544,68358,4.0,1295732350
3754217,25545,2,3.0,837440190
3754218,25545,11,3.0,837440080
3754219,25545,17,4.0,837440257
3754220,25545,19,3.0,837439804
3754221,25545,21,3.0,837439800
3754222,25545,32,3.0,837439919
3754223,25545,34,4.0,837439745
3754224,25545,39,3.0,837439862
3754225,25545,47,4.0,837439694
3754226,25545,50,4.0,837439864
3754227,25545,110,3.0,837439695
3754228,25545,153,3.0,837438626
3754229,25545,160,3.0,837439861
3754230,25545,161,3.0,837438716
3754231,25545,185,3.0,837438919
3754232,25545,186,3.0,837440188
3754233,25545,196,3.0,837440152
3754234,25545,208,3.0,837438919
3754235,25545,225,3.0,837439745
3754236,25545,252,3.0,837440150
3754237,25545,253,3.0,837438919
3754238,25545,282,3.0,837439994
3754239,25545,292,3.0,837438712
3754240,25545,293,4.0,837440258
3754241,25545,296,4.0,837438552
3754242,25545,300,3.0,837439693
3754243,25545,315,3.0,837439994
3754244,25545,317,3.0,837439798
3754245,25545,337,4.0,837440082
3754246,25545,339,3.0,837438919
3754247,25545,344,3.0,837438626
3754248,25545,349,3.0,837438626
3754249,25545,350,3.0,837440151
3754250,25545,356,4.0,837439745
3754251,25545,357,4.0,837440188
3754252,25545,364,3.0,837439745
3754253,25545,367,4.0,837439864
3754254,25545,377,4.0,837439919
3754255,25545,380,3.0,837438553
3754256,25545,410,3.0,837439691
3754257,25545,420,3.0,837439802
3754258,25545,454,3.0,837439745
3754259,25545,457,3.0,837438715
3754260,25545,480,4.0,837439806
3754261,25545,500,3.0,837439993
3754262,25545,527,4.0,837440081
3754263,25545,539,3.0,837440149
3754264,25545,553,3.0,837440084
3754265,25545,586,4.0,837440188
3754266,25545,587,3.0,837440148
3754267,25545,588,3.0,837438625
3754268,25545,589,3.0,837439863
3754269,25545,590,3.0,837438550
3754270,25545,592,3.0,837438546
3754271,25545,593,4.0,837438719
3754272,25545,597,3.0,837440189
3754273,25546,3,5.0,850233611
3754274,25546,5,5.0,850233611
3754275,25546,34,5.0,850237336
3754276,25546,47,5.0,850237335
3754277,25546,62,3.0,850233565
3754278,25546,65,5.0,850234249
3754279,25546,104,3.0,850233690
3754280,25546,141,5.0,850233565
3754281,25546,225,4.0,850237336
3754282,25546,367,5.0,850237335
3754283,25546,376,5.0,850233611
3754284,25546,500,5.0,850237335
3754285,25546,539,5.0,850237336
3754286,25546,587,5.0,850237336
3754287,25546,593,5.0,850237335
3754288,25546,597,5.0,850237335
3754289,25546,628,5.0,850234249
3754290,25546,719,5.0,850236601
3754291,25546,736,5.0,850233565
3754292,25546,743,3.0,850234249
3754293,25546,784,3.0,850233690
3754294,25546,788,5.0,850233777
3754295,25546,1073,5.0,850233690
3754296,25546,1367,4.0,850239317
3754297,25547,1,3.0,1026286954
3754298,25547,104,3.0,1016061993
3754299,25547,260,5.0,1026286483
3754300,25547,318,5.0,1026286547
3754301,25547,356,4.0,1026286918
3754302,25547,377,3.0,1026287560
3754303,25547,480,2.0,1016061820
3754304,25547,589,5.0,1026287275
3754305,25547,608,4.0,1026286739
3754306,25547,778,3.0,1026286701
3754307,25547,858,4.0,1026286595
3754308,25547,902,5.0,1016061968
3754309,25547,915,3.0,1026287440
3754310,25547,919,4.0,1026286971
3754311,25547,1036,5.0,1026286667
3754312,25547,1079,5.0,1026287157
3754313,25547,1090,4.0,1026287542
3754314,25547,1136,3.0,1026286719
3754315,25547,1147,3.0,1026286595
3754316,25547,1210,4.0,1016061872
3754317,25547,1221,4.0,1026286595
3754318,25547,1242,4.0,1026286886
3754319,25547,1265,4.0,1026286836
3754320,25547,1266,3.0,1026286791
3754321,25547,1334,1.0,1016061905
3754322,25547,1387,3.0,1026286774
3754323,25547,1600,3.0,1016061933
3754324,25547,1617,3.0,1026286626
3754325,25547,1639,3.0,1026287379
3754326,25547,1704,2.0,1026286667
3754327,25547,1885,2.0,1016061844
3754328,25547,1912,3.0,1026287097
3754329,25547,2028,4.0,1026287097
3754330,25547,2329,3.0,1026286626
3754331,25547,2379,1.0,1016061801
3754332,25547,2580,3.0,1026286993
3754333,25547,2762,4.0,1026286755
3754334,25547,2858,3.0,1026286667
3754335,25547,2918,5.0,1026286993
3754336,25547,2959,3.0,1026286836
3754337,25547,2978,4.0,1016061845
3754338,25547,3421,3.0,1026286792
3754339,25547,3581,4.0,1016061968
3754340,25547,3703,4.0,1026286935
3754341,25547,4022,2.0,1026287513
3754342,25547,4085,5.0,1026287617
3754343,25547,4499,4.0,1026286702
3754344,25547,5010,3.0,1026287475
3754345,25547,5049,3.0,1026287379
3754346,25547,5378,5.0,1026287220
3754347,25548,318,5.0,946159233
3754348,25548,527,3.0,946158201
3754349,25548,1094,5.0,946159169
3754350,25548,1183,4.0,946158901
3754351,25548,1189,5.0,947186675
3754352,25548,1537,4.0,948375172
3754353,25548,1719,5.0,946159705
3754354,25548,1734,4.0,946158246
3754355,25548,2070,5.0,946159430
3754356,25548,2330,5.0,947713340
3754357,25548,2352,4.0,946158283
3754358,25548,2692,5.0,946158814
3754359,25548,2908,5.0,946158446
3754360,25548,2942,3.0,946158311
3754361,25548,2966,3.0,946158400
3754362,25548,2997,5.0,946158400
3754363,25548,3072,3.0,948375172
3754364,25548,3077,5.0,946158400
3754365,25548,3078,4.0,946159075
3754366,25548,3083,4.0,948375021
3754367,25548,3127,4.0,948375110
3754368,25548,3129,3.0,948375197
3754369,25548,3152,5.0,947186714
3754370,25548,3481,5.0,959082534
3754371,25548,3514,4.0,956718098
3754372,25549,277,2.5,1320014921
3754373,25549,431,4.0,1320014958
3754374,25549,455,2.5,1320014973
3754375,25549,585,2.0,1320014901
3754376,25549,671,2.5,1320015076
3754377,25549,1093,3.5,1320015004
3754378,25549,1345,3.5,1320014980
3754379,25549,1405,3.5,1320014954
3754380,25549,1644,2.5,1320015062
3754381,25549,2005,0.5,1320014908
3754382,25549,2109,0.5,1320015080
3754383,25549,2124,3.0,1320014991
3754384,25549,2455,1.0,1320014916
3754385,25549,2539,2.5,1320014934
3754386,25549,2694,3.5,1320014940
3754387,25549,3499,4.0,1320014964
3754388,25549,3785,1.0,1320015448
3754389,25549,4388,1.0,1320015470
3754390,25549,7444,3.0,1320015294
3754391,25549,8169,0.5,1320015211
3754392,25549,8874,1.0,1320015392
3754393,25549,58293,1.5,1320015233
3754394,25549,67186,3.0,1320015463
3754395,25549,69757,0.5,1320015205
3754396,25549,71500,1.0,1320015478
3754397,25549,72378,4.0,1320015348
3754398,25550,6,3.0,839947428
3754399,25550,21,1.0,839947331
3754400,25550,22,4.0,839947463
3754401,25550,36,5.0,839947211
3754402,25550,39,4.0,839947331
3754403,25550,50,5.0,839947398
3754404,25550,81,5.0,841317679
3754405,25550,110,5.0,839947163
3754406,25550,140,3.0,842542020
3754407,25550,150,5.0,839946617
3754408,25550,161,4.0,839947367
3754409,25550,172,3.0,839947428
3754410,25550,185,3.0,839947367
3754411,25550,208,5.0,839947367
3754412,25550,257,4.0,839947550
3754413,25550,273,1.0,839947463
3754414,25550,288,3.0,839947368
3754415,25550,292,3.0,839947367
3754416,25550,296,5.0,839946618
3754417,25550,316,3.0,839946776
3754418,25550,319,5.0,839947602
3754419,25550,339,3.0,839947259
3754420,25550,344,3.0,839946685
3754421,25550,349,3.0,839946685
3754422,25550,350,3.0,839947398
3754423,25550,367,3.0,839947259
3754424,25550,380,5.0,839946618
3754425,25550,420,1.0,839947331
3754426,25550,454,3.0,839947398
3754427,25550,457,4.0,839947211
3754428,25550,474,5.0,839947428
3754429,25550,480,3.0,839947058
3754430,25550,500,5.0,839947331
3754431,25550,540,2.0,839947602
3754432,25550,553,4.0,839947398
3754433,25550,590,5.0,839946617
3754434,25550,593,5.0,839946776
3754435,25550,608,5.0,839947463
3754436,25550,628,4.0,845390204
3754437,25550,694,3.0,841317734
3754438,25550,707,4.0,841317679
3754439,25550,733,1.0,839947058
3754440,25550,782,5.0,841317916
3754441,25550,852,5.0,841317863
3754442,25550,866,5.0,845390171
3754443,25550,882,4.0,842542169
3754444,25550,1073,1.0,845390171
3754445,25550,1082,5.0,844689143
3754446,25550,1083,3.0,844689143
3754447,25550,1353,4.0,849104886
3754448,25551,1,4.5,1236632848
3754449,25551,6,5.0,1236633141
3754450,25551,10,4.0,1236633007
3754451,25551,16,5.0,1236633440
3754452,25551,21,4.5,1236633128
3754453,25551,25,5.0,1236633148
3754454,25551,32,4.0,1236632869
3754455,25551,34,5.0,1236632989
3754456,25551,36,4.5,1236633187
3754457,25551,39,5.0,1236633115
3754458,25551,47,5.0,1236556005
3754459,25551,50,5.0,1236555471
3754460,25551,110,5.0,1236632824
3754461,25551,111,4.0,1236555538
3754462,25551,141,5.0,1236633125
3754463,25551,150,4.5,1236632832
3754464,25551,151,4.5,1250361072
3754465,25551,155,4.0,1236632337
3754466,25551,161,4.5,1236633121
3754467,25551,165,4.5,1236632935
3754468,25551,208,3.5,1236633057
3754469,25551,231,5.0,1236632976
3754470,25551,253,4.5,1236633061
3754471,25551,260,5.0,1236632245
3754472,25551,280,4.0,1237744349
3754473,25551,288,4.5,1236633182
3754474,25551,292,5.0,1236633044
3754475,25551,293,4.0,1236555714
3754476,25551,296,5.0,1236555656
3754477,25551,316,3.5,1250788827
3754478,25551,318,5.0,1236555410
3754479,25551,339,4.5,1236633138
3754480,25551,344,4.5,1236632889
3754481,25551,349,4.0,1236632960
3754482,25551,356,5.0,1236556051
3754483,25551,357,5.0,1236633054
3754484,25551,364,5.0,1236632948
3754485,25551,367,4.0,1236632979
3754486,25551,368,4.0,1236633419
3754487,25551,372,3.5,1236554214
3754488,25551,377,4.5,1236632883
3754489,25551,380,4.0,1236632865
3754490,25551,434,5.0,1236633070
3754491,25551,440,5.0,1236633294
3754492,25551,442,4.5,1236633383
3754493,25551,454,5.0,1236633080
3754494,25551,457,4.5,1236632828
3754495,25551,480,5.0,1236632814
3754496,25551,500,2.0,1250788833
3754497,25551,508,4.5,1236633345
3754498,25551,509,5.0,1236633411
3754499,25551,527,5.0,1236555135
3754500,25551,539,4.0,1236633034
3754501,25551,541,4.5,1236632660
3754502,25551,586,5.0,1236633105
3754503,25551,587,5.0,1236633024
3754504,25551,588,4.5,1236632875
3754505,25551,589,5.0,1236632842
3754506,25551,590,5.0,1236632845
3754507,25551,592,3.0,1250788778
3754508,25551,593,5.0,1236555708
3754509,25551,595,5.0,1236632939
3754510,25551,597,5.0,1236632970
3754511,25551,608,4.0,1250361309
3754512,25551,648,4.5,1236632899
3754513,25551,708,4.5,1236633451
3754514,25551,720,4.5,1236554266
3754515,25551,733,4.5,1236632973
3754516,25551,736,4.5,1236632951
3754517,25551,778,5.0,1236633282
3754518,25551,780,4.5,1236632854
3754519,25551,788,4.5,1236633320
3754520,25551,858,4.5,1236555123
3754521,25551,915,5.0,1236554915
3754522,25551,919,4.5,1236633238
3754523,25551,953,4.0,1236555327
3754524,25551,1036,5.0,1236633086
3754525,25551,1073,5.0,1236632671
3754526,25551,1079,5.0,1236633356
3754527,25551,1089,4.0,1236555749
3754528,25551,1090,4.5,1250361401
3754529,25551,1097,5.0,1236632992
3754530,25551,1101,5.0,1236633317
3754531,25551,1148,5.0,1236555029
3754532,25551,1172,5.0,1236554805
3754533,25551,1193,5.0,1236555010
3754534,25551,1196,2.5,1250788801
3754535,25551,1197,4.0,1236633031
3754536,25551,1198,4.5,1236555668
3754537,25551,1200,5.0,1236633169
3754538,25551,1206,4.0,1236633264
3754539,25551,1208,4.0,1236555624
3754540,25551,1213,5.0,1236555828
3754541,25551,1214,5.0,1236633083
3754542,25551,1221,3.5,1236555791
3754543,25551,1222,5.0,1236555689
3754544,25551,1223,4.0,1236554346
3754545,25551,1233,5.0,1236555216
3754546,25551,1240,4.5,1236633011
3754547,25551,1246,5.0,1236633396
3754548,25551,1258,5.0,1236633326
3754549,25551,1262,5.0,1236555106
3754550,25551,1265,5.0,1236633042
3754551,25551,1266,4.5,1250361176
3754552,25551,1270,5.0,1236632903
3754553,25551,1291,3.0,1250788872
3754554,25551,1293,3.5,1236555228
3754555,25551,1307,5.0,1236633230
3754556,25551,1320,4.5,1250360821
3754557,25551,1370,5.0,1250361276
3754558,25551,1380,5.0,1250361188
3754559,25551,1387,5.0,1236633277
3754560,25551,1393,4.0,1236633234
3754561,25551,1527,4.5,1236633172
3754562,25551,1573,4.0,1236633432
3754563,25551,1580,4.5,1236632997
3754564,25551,1584,5.0,1236633300
3754565,25551,1610,5.0,1236633267
3754566,25551,1617,3.5,1250360882
3754567,25551,1663,4.5,1236554281
3754568,25551,1682,5.0,1236633298
3754569,25551,1690,5.0,1250360807
3754570,25551,1704,5.0,1236633165
3754571,25551,1721,5.0,1236632999
3754572,25551,1784,5.0,1236633245
3754573,25551,1917,4.5,1236633259
3754574,25551,1923,5.0,1236633185
3754575,25551,1927,4.0,1236555723
3754576,25551,1945,4.0,1236554611
3754577,25551,1961,4.5,1236555356
3754578,25551,1962,4.5,1236554273
3754579,25551,1968,4.0,1236633478
3754580,25551,2011,4.0,1236633417
3754581,25551,2012,4.0,1236633363
3754582,25551,2028,5.0,1236632366
3754583,25551,2081,4.0,1236633561
3754584,25551,2090,4.0,1236633573
3754585,25551,2108,4.0,1236554315
3754586,25551,2115,4.5,1236633387
3754587,25551,2145,4.0,1236554325
3754588,25551,2288,2.0,1236554291
3754589,25551,2313,3.5,1236555224
3754590,25551,2329,5.0,1236555588
3754591,25551,2355,5.0,1236633334
3754592,25551,2396,5.0,1236633154
3754593,25551,2425,4.5,1250361349
3754594,25551,2571,5.0,1236632886
3754595,25551,2580,4.5,1250788975
3754596,25551,2706,5.0,1236633228
3754597,25551,2707,3.0,1236554343
3754598,25551,2710,4.0,1236633367
3754599,25551,2716,4.0,1236633097
3754600,25551,2762,5.0,1236632963
3754601,25551,2797,4.5,1236633379
3754602,25551,2858,5.0,1236555202
3754603,25551,2871,4.0,1236554244
3754604,25551,2916,5.0,1236633349
3754605,25551,2918,5.0,1236633308
3754606,25551,2959,5.0,1236555876
3754607,25551,2987,3.0,1236633249
3754608,25551,2997,4.0,1236633144
3754609,25551,3006,4.0,1236554191
3754610,25551,3039,4.0,1236554207
3754611,25551,3082,3.0,1236554255
3754612,25551,3107,2.5,1236554304
3754613,25551,3147,4.5,1236632372
3754614,25551,3176,5.0,1250362119
3754615,25551,3198,4.5,1236555653
3754616,25551,3252,4.5,1250841350
3754617,25551,3256,4.0,1236554197
3754618,25551,3468,4.5,1236555126
3754619,25551,3578,5.0,1236633073
3754620,25551,3844,4.5,1250361848
3754621,25551,3916,3.0,1237744272
3754622,25551,3996,4.0,1236633204
3754623,25551,4226,3.5,1236555510
3754624,25551,4262,4.5,1250361549
3754625,25551,4306,5.0,1236633089
3754626,25551,4361,4.5,1236554311
3754627,25551,4465,5.0,1236555272
3754628,25551,4809,4.5,1237743890
3754629,25551,4886,5.0,1236633371
3754630,25551,4963,4.5,1236633427
3754631,25551,4993,2.0,1236632229
3754632,25551,4995,4.0,1236632685
3754633,25551,5015,5.0,1238870767
3754634,25551,5418,4.5,1250841026
3754635,25551,5445,4.0,1236633322
3754636,25551,5464,3.5,1250361615
3754637,25551,5668,3.0,1250444423
3754638,25551,5872,3.5,1250788325
3754639,25551,5952,1.0,1250360534
3754640,25551,5995,5.0,1250360858
3754641,25551,6016,5.0,1236555389
3754642,25551,6323,3.5,1250840994
3754643,25551,6365,3.0,1250360643
3754644,25551,6377,4.5,1236633444
3754645,25551,6537,4.5,1250361582
3754646,25551,6852,3.0,1236555320
3754647,25551,6870,4.5,1250361863
3754648,25551,6874,2.0,1250361415
3754649,25551,6934,3.0,1250360648
3754650,25551,7139,3.5,1236555190
3754651,25551,7153,1.0,1250360529
3754652,25551,7361,4.5,1250360901
3754653,25551,7364,5.0,1236633485
3754654,25551,8207,4.0,1236555563
3754655,25551,8665,4.0,1250841220
3754656,25551,26812,4.5,1236555957
3754657,25551,30707,5.0,1238870812
3754658,25551,30749,4.5,1236555093
3754659,25551,30793,4.0,1236632697
3754660,25551,31410,5.0,1236555403
3754661,25551,33004,2.0,1236632713
3754662,25551,33166,5.0,1250361816
3754663,25551,33615,4.5,1236632306
3754664,25551,35836,4.0,1250362059
3754665,25551,40278,4.5,1250447725
3754666,25551,41569,4.0,1236632281
3754667,25551,44191,4.0,1250361602
3754668,25551,45728,4.5,1250788947
3754669,25551,46578,5.0,1236555245
3754670,25551,46723,4.0,1236633475
3754671,25551,47099,4.5,1250361154
3754672,25551,47629,4.0,1236555350
3754673,25551,48394,4.5,1236555990
3754674,25551,48516,5.0,1236555906
3754675,25551,48738,4.5,1236555643
3754676,25551,48780,4.0,1236632645
3754677,25551,49272,4.5,1250361655
3754678,25551,50068,1.0,1236555158
3754679,25551,50160,3.5,1250788237
3754680,25551,50872,5.0,1250361507
3754681,25551,51662,3.5,1250362007
3754682,25551,52952,4.5,1250363499
3754683,25551,52973,4.5,1250360072
3754684,25551,53972,1.5,1250361287
3754685,25551,54286,4.5,1250361439
3754686,25551,55290,4.5,1250361783
3754687,25551,55820,4.0,1236555577
3754688,25551,56174,5.0,1250361042
3754689,25551,56367,5.0,1236555330
3754690,25551,56782,4.0,1250361214
3754691,25551,56788,4.5,1250362034
3754692,25551,57669,3.5,1236555235
3754693,25551,58559,4.0,1236554968
3754694,25551,59725,2.0,1250362019
3754695,25551,60069,5.0,1236555616
3754696,25551,61024,4.0,1250360116
3754697,25551,62999,2.0,1250360163
3754698,25551,63062,5.0,1236632387
3754699,25551,63082,4.5,1236555395
3754700,25551,63859,3.0,1250360145
3754701,25551,63876,5.0,1237744652
3754702,25551,64499,3.0,1250361974
3754703,25551,64614,5.0,1250360979
3754704,25551,64622,4.5,1236555431
3754705,25551,64839,5.0,1236554935
3754706,25551,64997,4.0,1250841375
3754707,25551,67997,5.0,1250359944
3754708,25551,68358,2.0,1250360033
3754709,25551,69122,4.5,1250359996
3754710,25551,69306,4.0,1250359980
3754711,25551,70208,4.0,1250788212
3754712,25552,62,5.0,831747311
3754713,25552,150,5.0,831747025
3754714,25552,161,3.0,831747094
3754715,25552,163,3.0,831747401
3754716,25552,168,4.0,831747293
3754717,25552,185,5.0,831747126
3754718,25552,207,5.0,831747487
3754719,25552,208,2.0,831747126
3754720,25552,225,3.0,831747143
3754721,25552,249,4.0,831747487
3754722,25552,261,3.0,831747279
3754723,25552,266,5.0,831747160
3754724,25552,281,4.0,831747432
3754725,25552,282,5.0,831747220
3754726,25552,300,3.0,831747126
3754727,25552,329,4.0,831747094
3754728,25552,339,4.0,831747093
3754729,25552,349,3.0,831747053
3754730,25552,432,4.0,831747185
3754731,25552,553,3.0,831747279
3754732,25552,590,4.0,831747025
3754733,25553,1,5.0,863709137
3754734,25553,3,5.0,863709186
3754735,25553,7,3.0,863709232
3754736,25553,36,5.0,863709186
3754737,25553,65,4.0,863709345
3754738,25553,66,4.0,863709345
3754739,25553,79,4.0,863709272
3754740,25553,104,3.0,863709232
3754741,25553,107,4.0,863709345
3754742,25553,112,5.0,863709232
3754743,25553,260,5.0,863709186
3754744,25553,376,4.0,863709232
3754745,25553,605,2.0,864723901
3754746,25553,608,4.0,863709186
3754747,25553,648,4.0,863709138
3754748,25553,661,5.0,863709306
3754749,25553,736,2.0,863709137
3754750,25553,784,4.0,863709232
3754751,25553,785,4.0,863709379
3754752,25553,788,5.0,863709232
3754753,25553,802,5.0,863709272
3754754,25553,805,5.0,863709272
3754755,25553,832,5.0,863709306
3754756,25553,858,5.0,863709345
3754757,25553,1073,5.0,863709186
3754758,25553,1210,5.0,863709272
3754759,25554,10,2.0,1042668058
3754760,25554,480,3.0,1042645193
3754761,25554,923,5.0,1042667480
3754762,25554,933,4.0,1042667919
3754763,25554,1008,2.0,1042645162
3754764,25554,1095,4.0,1042667944
3754765,25554,1097,4.0,1042667885
3754766,25554,1100,1.0,1042645073
3754767,25554,1128,3.0,1042645162
3754768,25554,1210,3.0,1042645162
3754769,25554,1221,5.0,1042645073
3754770,25554,1226,4.0,1042667960
3754771,25554,1283,5.0,1042667919
3754772,25554,1562,2.0,1042645073
3754773,25554,1722,2.0,1042668021
3754774,25554,2011,3.0,1042668072
3754775,25554,2300,4.0,1042667515
3754776,25554,2877,3.0,1042668058
3754777,25554,2947,3.0,1042667919
3754778,25554,2949,2.0,1042667919
3754779,25554,2990,3.0,1042668021
3754780,25554,3019,3.0,1042645193
3754781,25554,3204,4.0,1042645193
3754782,25554,3433,1.0,1042645162
3754783,25554,3635,2.0,1042667992
3754784,25554,3639,2.0,1042668021
3754785,25554,3988,3.0,1042668185
3754786,25554,4993,5.0,1042667480
3754787,25554,5218,3.0,1042667992
3754788,25554,5349,3.0,1042667944
3754789,25554,5378,2.0,1042668088
3754790,25554,5388,3.0,1042667944
3754791,25554,5389,4.0,1042668210
3754792,25554,5420,3.0,1042668150
3754793,25554,5444,4.0,1042667960
3754794,25554,5445,2.0,1042667885
3754795,25554,5450,3.0,1042667992
3754796,25554,5458,3.0,1042668165
3754797,25554,5478,1.0,1042668185
3754798,25554,5479,2.0,1042668021
3754799,25554,5502,3.0,1042667944
3754800,25554,5679,3.0,1042667415
3754801,25554,5812,5.0,1042667379
3754802,25554,5816,4.0,1042667359
3754803,25554,5882,3.0,1042667359
3754804,25554,5899,5.0,1042667480
3754805,25554,5952,5.0,1042667359
3754806,25554,5961,1.0,1042668058
3754807,25554,5965,3.0,1042668058
3754808,25554,6051,4.0,1042667992
3754809,25555,150,5.0,841924113
3754810,25555,153,3.0,841924141
3754811,25555,161,4.0,841924174
3754812,25555,185,4.0,841924227
3754813,25555,208,3.0,841924203
3754814,25555,225,5.0,841924267
3754815,25555,292,4.0,841924174
3754816,25555,300,4.0,841924250
3754817,25555,317,3.0,841924364
3754818,25555,329,4.0,841924175
3754819,25555,339,4.0,841924203
3754820,25555,344,3.0,841924141
3754821,25555,349,3.0,841924141
3754822,25555,356,5.0,841924203
3754823,25555,364,4.0,841924250
3754824,25555,420,3.0,841924364
3754825,25555,454,4.0,841924227
3754826,25555,480,4.0,841924228
3754827,25555,500,4.0,841924364
3754828,25555,588,4.0,841924141
3754829,25555,589,3.0,841924250
3754830,25555,590,5.0,841924112
3754831,25555,592,3.0,841924109
3754832,25556,1,3.5,1229023710
3754833,25556,54,3.0,1229023311
3754834,25556,235,4.0,1229024105
3754835,25556,293,3.0,1229024562
3754836,25556,296,4.0,1229023686
3754837,25556,318,5.0,1229023694
3754838,25556,648,3.5,1229023766
3754839,25556,733,4.0,1229023804
3754840,25556,778,4.0,1229024013
3754841,25556,858,5.0,1229023779
3754842,25556,923,3.5,1229024099
3754843,25556,924,4.5,1229023564
3754844,25556,1089,4.0,1229023953
3754845,25556,1178,5.0,1229023514
3754846,25556,1208,4.0,1229023995
3754847,25556,1222,3.5,1229023578
3754848,25556,1246,3.0,1229024036
3754849,25556,1265,3.5,1229023840
3754850,25556,1485,3.0,1229024088
3754851,25556,1527,3.5,1229023921
3754852,25556,1573,3.0,1229024061
3754853,25556,1580,3.0,1229023815
3754854,25556,1608,2.5,1229024206
3754855,25556,1610,3.0,1229023985
3754856,25556,1721,3.5,1229023824
3754857,25556,1748,3.5,1229024360
3754858,25556,2194,4.0,1229024589
3754859,25556,2353,4.0,1229024189
3754860,25556,2396,3.0,1229023892
3754861,25556,2542,4.0,1229024290
3754862,25556,2571,5.0,1229023761
3754863,25556,2605,2.5,1229022402
3754864,25556,2628,3.0,1229023836
3754865,25556,2671,3.0,1229024328
3754866,25556,2791,3.0,1229024068
3754867,25556,2890,4.0,1229024641
3754868,25556,2959,4.0,1229023495
3754869,25556,3081,2.5,1229024302
3754870,25556,3176,4.0,1229024257
3754871,25556,3271,3.5,1229022964
3754872,25556,3504,4.5,1229022593
3754873,25556,3578,4.0,1229023861
3754874,25556,4022,3.5,1229024129
3754875,25556,4034,5.0,1229024117
3754876,25556,4226,4.5,1229023969
3754877,25556,4306,3.0,1229023870
3754878,25556,4370,4.0,1229024393
3754879,25556,4963,3.0,1229024064
3754880,25556,4973,4.0,1230476856
3754881,25556,4993,4.0,1229023852
3754882,25556,5418,4.0,1229024248
3754883,25556,5952,3.5,1229023882
3754884,25556,5959,4.0,1229023192
3754885,25556,5989,3.5,1229024282
3754886,25556,6539,3.0,1229024054
3754887,25556,6664,2.0,1229023240
3754888,25556,7153,3.0,1229023971
3754889,25556,8360,3.5,1229024342
3754890,25556,8368,3.5,1229024416
3754891,25556,8910,3.0,1229023040
3754892,25556,8961,4.0,1229367455
3754893,25556,30707,4.0,1229024538
3754894,25556,32587,4.0,1229024383
3754895,25556,33794,3.5,1229114264
3754896,25556,37382,4.0,1229114329
3754897,25556,38061,3.5,1229024533
3754898,25556,41997,3.5,1229024565
3754899,25556,44195,4.0,1229024581
3754900,25556,45722,4.0,1230476910
3754901,25556,48516,4.0,1229024477
3754902,25556,48774,4.0,1229024595
3754903,25556,48783,3.5,1229023338
3754904,25556,49272,4.0,1230476769
3754905,25556,49278,2.5,1229023230
3754906,25556,50872,3.5,1229367458
3754907,25556,51662,3.5,1230476813
3754908,25556,54997,3.5,1229023096
3754909,25556,55118,3.5,1229114354
3754910,25556,55276,4.0,1229023188
3754911,25556,55765,4.0,1229023071
3754912,25556,55820,3.5,1229024542
3754913,25556,56174,3.0,1229023047
3754914,25556,56367,3.5,1229024616
3754915,25556,56782,4.5,1229024634
3754916,25556,56788,3.5,1229023288
3754917,25556,57669,3.5,1229024618
3754918,25556,58559,4.0,1229023655
3754919,25556,59315,4.0,1229114261
3754920,25556,60040,3.0,1229023329
3754921,25556,60069,3.5,1229367443
3754922,25556,60950,3.5,1229024505
3754923,25556,61132,4.0,1229111515
3754924,25556,61323,3.5,1229111506
3754925,25556,63113,2.5,1229023649
3754926,25557,10,3.0,832312258
3754927,25557,31,3.0,832312461
3754928,25557,32,5.0,832312322
3754929,25557,36,4.0,832312485
3754930,25557,44,3.0,832312485
3754931,25557,47,2.0,832312322
3754932,25557,50,5.0,832312336
3754933,25557,74,3.0,832312224
3754934,25557,95,3.0,832312365
3754935,25557,110,5.0,832312296
3754936,25557,150,3.0,832312030
3754937,25557,151,4.0,832312365
3754938,25557,153,3.0,832312088
3754939,25557,161,4.0,832312258
3754940,25557,165,3.0,832312088
3754941,25557,173,3.0,832312383
3754942,25557,185,3.0,832312278
3754943,25557,186,3.0,832312383
3754944,25557,193,2.0,832312497
3754945,25557,196,3.0,832312400
3754946,25557,208,3.0,832312278
3754947,25557,223,3.0,832312485
3754948,25557,224,3.0,832312439
3754949,25557,225,4.0,832312296
3754950,25557,227,3.0,832312524
3754951,25557,231,3.0,832312131
3754952,25557,253,4.0,832312278
3754953,25557,266,4.0,832312322
3754954,25557,277,4.0,832312524
3754955,25557,288,1.0,832312296
3754956,25557,296,1.0,832312030
3754957,25557,316,3.0,832312131
3754958,25557,317,3.0,832312322
3754959,25557,318,4.0,832312131
3754960,25557,329,3.0,832312131
3754961,25557,339,3.0,832312258
3754962,25557,344,3.0,832312088
3754963,25557,349,5.0,832312088
3754964,25557,380,5.0,832312030
3754965,25557,410,3.0,832312296
3754966,25557,432,3.0,832312347
3754967,25557,434,3.0,832312258
3754968,25557,457,5.0,832312485
3754969,25557,553,4.0,832312383
3754970,25557,555,3.0,832312461
3754971,25557,588,3.0,832312088
3754972,25557,590,3.0,832312030
3754973,25557,592,4.0,832312030
3754974,25557,593,3.0,832312461
3754975,25557,595,2.0,832312131
3754976,25558,1,4.0,851572016
3754977,25558,2,4.0,851574393
3754978,25558,11,4.0,851574688
3754979,25558,34,5.0,851573570
3754980,25558,39,3.0,851574688
3754981,25558,45,4.0,851573992
3754982,25558,47,3.0,851573570
3754983,25558,64,3.0,851572199
3754984,25558,67,4.0,851572531
3754985,25558,74,3.0,851572162
3754986,25558,88,3.0,851572218
3754987,25558,105,3.0,851573917
3754988,25558,110,5.0,851573570
3754989,25558,112,3.0,851572077
3754990,25558,185,3.0,851574297
3754991,25558,186,3.0,851574425
3754992,25558,231,4.0,851574205
3754993,25558,236,5.0,851574688
3754994,25558,249,3.0,851574425
3754995,25558,260,5.0,851573917
3754996,25558,262,3.0,851574081
3754997,25558,266,4.0,851573917
3754998,25558,282,4.0,851574463
3754999,25558,318,5.0,851573598
3755000,25558,339,5.0,851573917
3755001,25558,356,4.0,851573598
3755002,25558,357,4.0,851573598
3755003,25558,362,4.0,851574252
3755004,25558,367,3.0,851573727
3755005,25558,368,3.0,851574252
3755006,25558,376,4.0,851572077
3755007,25558,377,3.0,851573727
3755008,25558,381,5.0,851574345
3755009,25558,454,3.0,851574393
3755010,25558,457,4.0,851573799
3755011,25558,474,4.0,851573917
3755012,25558,475,3.0,851573570
3755013,25558,477,5.0,851573704
3755014,25558,480,3.0,851574081
3755015,25558,491,4.0,851573940
3755016,25558,497,4.0,851574184
3755017,25558,500,4.0,851573704
3755018,25558,527,5.0,851573570
3755019,25558,531,3.0,851573941
3755020,25558,539,5.0,851573992
3755021,25558,551,4.0,851573799
3755022,25558,586,5.0,851574161
3755023,25558,587,5.0,851574081
3755024,25558,590,4.0,851573704
3755025,25558,593,3.0,851573570
3755026,25558,594,3.0,851574161
3755027,25558,597,4.0,851574161
3755028,25558,647,5.0,851573917
3755029,25558,648,4.0,851572016
3755030,25558,661,4.0,851572118
3755031,25558,733,3.0,851572077
3755032,25558,780,3.0,851572015
3755033,25558,832,4.0,851572180
3755034,25558,837,3.0,851572357
3755035,25558,880,2.0,851572303
3755036,25558,912,4.0,851574161
3755037,25558,953,4.0,851574770
3755038,25558,1012,3.0,851574277
3755039,25558,1022,4.0,851574393
3755040,25558,1027,4.0,851574393
3755041,25558,1028,5.0,851574277
3755042,25558,1029,3.0,851574224
3755043,25558,1073,4.0,851572100
3755044,25558,1097,5.0,851574511
3755045,25558,1196,5.0,851574345
3755046,25558,1197,5.0,851574277
3755047,25558,1198,5.0,851574205
3755048,25558,1210,5.0,851574713
3755049,25558,1291,5.0,851574867
3755050,25558,1393,4.0,851572425
3755051,25559,58,1.5,1412672953
3755052,25559,168,2.0,1412672954
3755053,25559,225,4.0,1412672959
3755054,25559,236,4.5,1412672957
3755055,25559,333,4.5,1412672974
3755056,25559,342,4.0,1412672949
3755057,25559,628,4.5,1412672975
3755058,25559,661,0.5,1412672973
3755059,25559,785,2.0,1412672971
3755060,25559,805,3.0,1412672956
3755061,25559,1094,4.5,1412672951
3755062,25559,1372,1.0,1412672962
3755063,25559,1375,2.0,1412672964
3755064,25559,1645,1.0,1412672972
3755065,25559,1909,2.5,1412672944
3755066,25559,2763,2.5,1412672947
3755067,25559,2890,2.0,1412672948
3755068,25559,3160,3.0,1412672966
3755069,25559,3421,4.0,1412672967
3755070,25559,3448,3.0,1412672969
3755071,25560,1,3.0,1185369657
3755072,25560,34,3.0,1185369514
3755073,25560,39,1.5,1185370330
3755074,25560,141,3.5,1185369902
3755075,25560,194,4.0,1185366809
3755076,25560,342,3.5,1185369876
3755077,25560,356,4.0,1185369993
3755078,25560,357,3.0,1185369858
3755079,25560,481,2.5,1185367057
3755080,25560,539,3.5,1185369943
3755081,25560,745,4.5,1185369279
3755082,25560,778,2.0,1185369354
3755083,25560,830,4.0,1185366443
3755084,25560,916,3.5,1185367134
3755085,25560,1079,3.5,1185370665
3755086,25560,1103,4.0,1185367060
3755087,25560,1120,3.0,1185370002
3755088,25560,1148,4.5,1185369287
3755089,25560,1186,2.5,1185366804
3755090,25560,1220,4.0,1185370806
3755091,25560,1223,4.0,1185369301
3755092,25560,1265,3.5,1185369692
3755093,25560,1270,3.5,1185370690
3755094,25560,1288,4.0,1185370775
3755095,25560,1378,1.5,1185366859
3755096,25560,1394,2.5,1185370675
3755097,25560,1409,2.5,1185366893
3755098,25560,1500,3.0,1185369738
3755099,25560,1517,2.5,1185370181
3755100,25560,1580,3.5,1185369928
3755101,25560,1635,4.0,1185366883
3755102,25560,1641,4.0,1185369747
3755103,25560,1644,2.0,1185366449
3755104,25560,1784,3.0,1185369776
3755105,25560,1907,3.0,1185369865
3755106,25560,1923,0.5,1185369888
3755107,25560,1960,4.0,1185366452
3755108,25560,1968,3.0,1185370796
3755109,25560,2012,2.5,1185370190
3755110,25560,2096,3.5,1185367066
3755111,25560,2124,3.5,1185370160
3755112,25560,2125,2.5,1185369915
3755113,25560,2273,1.0,1185369939
3755114,25560,2291,3.5,1185369688
3755115,25560,2294,3.0,1185370094
3755116,25560,2318,3.0,1185369660
3755117,25560,2324,2.5,1185369544
3755118,25560,2355,3.0,1185369831
3755119,25560,2369,4.5,1185366865
3755120,25560,2396,4.0,1185369765
3755121,25560,2502,2.5,1185369604
3755122,25560,2539,1.5,1185370175
3755123,25560,2697,3.0,1185369741
3755124,25560,2706,1.0,1185370166
3755125,25560,2716,3.5,1185370810
3755126,25560,2858,3.0,1185369294
3755127,25560,2881,4.0,1185366375
3755128,25560,2918,4.0,1185370784
3755129,25560,2987,2.0,1185370763
3755130,25560,2997,2.5,1185369361
3755131,25560,3052,3.5,1185370053
3755132,25560,3060,3.5,1185369682
3755133,25560,3108,3.5,1185366277
3755134,25560,3174,3.5,1185370011
3755135,25560,3253,2.5,1185370096
3755136,25560,3255,3.0,1185369885
3755137,25560,3408,3.0,1185369057
3755138,25560,3418,3.0,1185369819
3755139,25560,3448,2.5,1185370736
3755140,25560,3868,2.5,1185370863
3755141,25560,3967,4.5,1185369024
3755142,25560,4029,3.0,1185368949
3755143,25560,4226,3.0,1185368585
3755144,25560,4235,3.5,1185368488
3755145,25560,4280,3.5,1185370733
3755146,25560,4361,3.5,1185370711
3755147,25560,4467,3.0,1185370719
3755148,25560,4529,3.0,1185370708
3755149,25560,4624,1.0,1185369924
3755150,25560,4973,5.0,1185368483
3755151,25560,4993,2.5,1185368562
3755152,25560,5015,2.5,1185368916
3755153,25560,5669,3.0,1185369033
3755154,25560,5952,2.0,1185368569
3755155,25560,5992,3.5,1185368905
3755156,25560,6003,3.0,1185368872
3755157,25560,6708,3.0,1185369103
3755158,25560,6711,3.0,1185369094
3755159,25560,7151,4.0,1185368893
3755160,25560,7153,3.0,1185368576
3755161,25560,7361,3.5,1185368528
3755162,25560,8623,2.0,1185370747
3755163,25560,8961,3.0,1185368552
3755164,25560,8981,3.5,1185368856
3755165,25560,27706,3.5,1185369089
3755166,25560,30749,4.0,1185368464
3755167,25560,30812,2.0,1185369013
3755168,25560,30822,3.5,1185369084
3755169,25560,34437,1.5,1185369045
3755170,25560,39183,3.5,1185368847
3755171,25560,40819,2.5,1185368963
3755172,25560,43396,3.5,1185368763
3755173,25560,45950,4.0,1185368548
3755174,25561,6,3.0,901755334
3755175,25561,11,4.0,902192395
3755176,25561,17,5.0,902191876
3755177,25561,21,3.0,901672138
3755178,25561,22,4.0,901755334
3755179,25561,25,4.0,902192137
3755180,25561,32,2.0,902192305
3755181,25561,34,5.0,902191876
3755182,25561,36,5.0,902191920
3755183,25561,47,4.0,901755334
3755184,25561,50,5.0,901755334
3755185,25561,86,3.0,902013956
3755186,25561,92,1.0,901755378
3755187,25561,95,2.0,901755378
3755188,25561,121,5.0,902192137
3755189,25561,141,1.0,901672377
3755190,25561,150,4.0,901755428
3755191,25561,153,2.0,902014011
3755192,25561,160,1.0,902014011
3755193,25561,164,3.0,901755428
3755194,25561,165,2.0,901755428
3755195,25561,175,2.0,902192349
3755196,25561,176,5.0,902192009
3755197,25561,187,2.0,901672243
3755198,25561,188,3.0,902013368
3755199,25561,208,1.0,902014011
3755200,25561,237,1.0,901672431
3755201,25561,253,3.0,902013368
3755202,25561,260,5.0,902014070
3755203,25561,273,1.0,902013368
3755204,25561,288,3.0,901755502
3755205,25561,292,4.0,901755502
3755206,25561,296,1.0,902191920
3755207,25561,299,4.0,902191920
3755208,25561,319,3.0,901755502
3755209,25561,339,3.0,901672491
3755210,25561,349,2.0,901755543
3755211,25561,350,3.0,901755543
3755212,25561,356,3.0,902192009
3755213,25561,364,2.0,903390837
3755214,25561,366,2.0,902013416
3755215,25561,372,5.0,901672138
3755216,25561,376,5.0,901755543
3755217,25561,377,5.0,901755543
3755218,25561,380,4.0,902014070
3755219,25561,382,4.0,902013416
3755220,25561,407,1.0,901755589
3755221,25561,415,1.0,901755589
3755222,25561,427,3.0,901755589
3755223,25561,434,4.0,902014162
3755224,25561,436,1.0,901755589
3755225,25561,454,3.0,901755589
3755226,25561,457,4.0,901755589
3755227,25561,474,4.0,901755630
3755228,25561,480,5.0,902014162
3755229,25561,490,3.0,901755630
3755230,25561,497,4.0,902191969
3755231,25561,508,3.0,902192049
3755232,25561,509,4.0,902192093
3755233,25561,527,5.0,902191969
3755234,25561,529,3.0,902192049
3755235,25561,532,4.0,902013416
3755236,25561,540,2.0,901755630
3755237,25561,542,1.0,901672491
3755238,25561,551,4.0,903390838
3755239,25561,581,5.0,902192215
3755240,25561,587,3.0,901755672
3755241,25561,588,3.0,903390838
3755242,25561,589,5.0,901755672
3755243,25561,590,3.0,902014219
3755244,25561,592,2.0,901671415
3755245,25561,593,5.0,901672880
3755246,25561,595,5.0,902192395
3755247,25561,608,5.0,901672880
3755248,25561,628,4.0,901755722
3755249,25561,685,3.0,902192176
3755250,25561,707,3.0,901755771
3755251,25561,724,3.0,902013461
3755252,25561,733,3.0,901755771
3755253,25561,736,4.0,901755771
3755254,25561,778,4.0,902192349
3755255,25561,788,4.0,901672491
3755256,25561,818,2.0,901672431
3755257,25561,832,4.0,901755807
3755258,25561,838,5.0,902192264
3755259,25561,858,5.0,901671912
3755260,25561,891,3.0,901755857
3755261,25561,904,4.0,901755857
3755262,25561,919,5.0,902014317
3755263,25561,968,3.0,902013512
3755264,25561,1009,4.0,902014364
3755265,25561,1022,4.0,903390879
3755266,25561,1028,5.0,901672431
3755267,25561,1029,3.0,903390862
3755268,25561,1030,4.0,902014364
3755269,25561,1031,4.0,902014364
3755270,25561,1033,4.0,902012737
3755271,25561,1035,5.0,903390862
3755272,25561,1036,4.0,901755894
3755273,25561,1057,3.0,903390922
3755274,25561,1059,2.0,902192349
3755275,25561,1073,5.0,902014364
3755276,25561,1079,4.0,902012737
3755277,25561,1081,5.0,901672377
3755278,25561,1088,3.0,901755163
3755279,25561,1089,3.0,902191969
3755280,25561,1090,3.0,901671415
3755281,25561,1091,1.0,902012737
3755282,25561,1092,3.0,901755937
3755283,25561,1094,4.0,902192395
3755284,25561,1096,5.0,901671415
3755285,25561,1097,5.0,901671415
3755286,25561,1101,4.0,902012737
3755287,25561,1120,5.0,902192264
3755288,25561,1124,5.0,901671415
3755289,25561,1127,4.0,901755937
3755290,25561,1128,2.0,901670989
3755291,25561,1129,3.0,901755937
3755292,25561,1135,5.0,902012786
3755293,25561,1173,3.0,902012786
3755294,25561,1183,1.0,902192215
3755295,25561,1185,3.0,901671465
3755296,25561,1186,3.0,901671465
3755297,25561,1188,4.0,901672243
3755298,25561,1193,4.0,901671912
3755299,25561,1196,5.0,901671465
3755300,25561,1197,5.0,902012786
3755301,25561,1198,5.0,902012786
3755302,25561,1200,5.0,901755979
3755303,25561,1202,2.0,902012786
3755304,25561,1210,5.0,902014410
3755305,25561,1213,5.0,902192093
3755306,25561,1214,5.0,901755979
3755307,25561,1219,5.0,901755979
3755308,25561,1220,2.0,901755163
3755309,25561,1221,5.0,901671964
3755310,25561,1222,4.0,901671520
3755311,25561,1225,3.0,901671520
3755312,25561,1228,3.0,901671520
3755313,25561,1240,5.0,901755979
3755314,25561,1242,3.0,901671520
3755315,25561,1244,4.0,901671964
3755316,25561,1246,4.0,901671520
3755317,25561,1252,5.0,901756017
3755318,25561,1257,5.0,902012849
3755319,25561,1258,5.0,901670989
3755320,25561,1259,5.0,901671520
3755321,25561,1270,4.0,902012849
3755322,25561,1282,4.0,903390922
3755323,25561,1285,5.0,902012849
3755324,25561,1286,2.0,901671582
3755325,25561,1288,5.0,901671582
3755326,25561,1290,4.0,901671582
3755327,25561,1291,4.0,902012849
3755328,25561,1295,2.0,901671582
3755329,25561,1296,5.0,901671582
3755330,25561,1297,2.0,903390692
3755331,25561,1298,3.0,901755163
3755332,25561,1305,3.0,903390711
3755333,25561,1307,5.0,902012897
3755334,25561,1320,2.0,901756017
3755335,25561,1321,5.0,901670989
3755336,25561,1323,1.0,901670989
3755337,25561,1326,3.0,901670989
3755338,25561,1327,3.0,902013564
3755339,25561,1330,4.0,901670989
3755340,25561,1331,3.0,902013564
3755341,25561,1332,4.0,901671047
3755342,25561,1333,5.0,902013564
3755343,25561,1339,4.0,902013613
3755344,25561,1342,3.0,902013613
3755345,25561,1343,5.0,901756017
3755346,25561,1345,5.0,902013613
3755347,25561,1346,2.0,902012897
3755348,25561,1347,5.0,901671047
3755349,25561,1350,4.0,902013613
3755350,25561,1353,2.0,902192049
3755351,25561,1354,5.0,902192305
3755352,25561,1370,3.0,901756057
3755353,25561,1373,1.0,902012944
3755354,25561,1374,1.0,902012944
3755355,25561,1375,1.0,902012944
3755356,25561,1376,1.0,902012944
3755357,25561,1377,2.0,902014447
3755358,25561,1380,5.0,903390922
3755359,25561,1381,1.0,901755163
3755360,25561,1387,5.0,902013658
3755361,25561,1388,5.0,902013658
3755362,25561,1389,3.0,901671047
3755363,25561,1394,5.0,902012944
3755364,25561,1407,5.0,901756057
3755365,25561,1411,5.0,902192349
3755366,25561,1416,5.0,903390945
3755367,25561,1441,2.0,901672491
3755368,25561,1449,5.0,902192395
3755369,25561,1476,5.0,902192093
3755370,25561,1483,3.0,901756105
3755371,25561,1488,2.0,901756105
3755372,25561,1490,1.0,902192264
3755373,25561,1499,2.0,901756105
3755374,25561,1503,1.0,901672188
3755375,25561,1518,3.0,901756155
3755376,25561,1544,5.0,901756155
3755377,25561,1556,1.0,901756155
3755378,25561,1562,1.0,902014515
3755379,25561,1565,4.0,901756155
3755380,25561,1580,4.0,902014515
3755381,25561,1589,4.0,902192305
3755382,25561,1594,5.0,901672880
3755383,25561,1603,2.0,901756206
3755384,25561,1608,4.0,901756206
3755385,25561,1610,3.0,901756206
3755386,25561,1613,2.0,902191920
3755387,25561,1614,2.0,902191822
3755388,25561,1615,4.0,901756206
3755389,25561,1617,5.0,901756206
3755390,25561,1620,3.0,901756206
3755391,25561,1625,3.0,901756206
3755392,25561,1639,4.0,902191876
3755393,25561,1641,4.0,901672377
3755394,25561,1643,5.0,902192176
3755395,25561,1644,4.0,901756572
3755396,25561,1663,5.0,902012945
3755397,25561,1673,5.0,902192176
3755398,25561,1674,4.0,902012994
3755399,25561,1676,3.0,902014559
3755400,25561,1678,4.0,902191822
3755401,25561,1682,4.0,902191822
3755402,25561,1683,2.0,901756617
3755403,25561,1690,3.0,902013658
3755404,25561,1704,5.0,902191822
3755405,25561,1717,5.0,901756617
3755406,25561,1721,5.0,902191876
3755407,25561,1777,4.0,902192137
3755408,25561,1784,5.0,901672880
3755409,25561,1806,1.0,901672431
3755410,25561,1840,1.0,902009971
3755411,25561,1876,4.0,903375924
3755412,25561,1878,1.0,902010108
3755413,25561,1883,4.0,901670135
3755414,25561,1885,4.0,901670600
3755415,25561,1886,1.0,902010108
3755416,25561,1892,3.0,901670069
3755417,25561,1903,1.0,902010108
3755418,25561,1909,1.0,901670699
3755419,25561,1911,1.0,901670197
3755420,25561,1912,3.0,901670002
3755421,25561,1917,2.0,901670699
3755422,25561,1918,2.0,901670699
3755423,25561,1920,3.0,903375924
3755424,25561,1923,5.0,901670743
3755425,25561,1947,5.0,903390837
3755426,25561,1951,5.0,903390971
3755427,25561,1954,4.0,901671964
3755428,25561,1955,5.0,901671964
3755429,25561,1956,5.0,901671629
3755430,25561,1958,5.0,901671629
3755431,25561,1961,4.0,901671674
3755432,25561,1962,5.0,901671674
3755433,25561,1964,4.0,901671964
3755434,25561,1968,5.0,901671674
3755435,25561,1969,3.0,901671047
3755436,25561,1970,2.0,901671047
3755437,25561,1971,2.0,901671047
3755438,25561,1972,1.0,901671047
3755439,25561,1973,3.0,902013698
3755440,25561,1974,5.0,901671103
3755441,25561,1975,4.0,901671103
3755442,25561,1976,1.0,901671103
3755443,25561,1977,3.0,901671103
3755444,25561,1978,1.0,901671103
3755445,25561,1979,1.0,901671103
3755446,25561,1980,1.0,901671103
3755447,25561,1981,1.0,901671103
3755448,25561,1982,5.0,902013698
3755449,25561,1983,4.0,901671103
3755450,25561,1984,1.0,901671103
3755451,25561,1985,2.0,901671198
3755452,25561,1986,2.0,901671198
3755453,25561,1987,1.0,901671198
3755454,25561,1988,1.0,901671198
3755455,25561,1991,1.0,901671198
3755456,25561,1994,5.0,901671198
3755457,25561,1995,2.0,901671198
3755458,25561,1996,1.0,901671198
3755459,25561,1997,5.0,902013738
3755460,25561,1999,4.0,902013738
3755461,25561,2000,3.0,901671674
3755462,25561,2001,3.0,901671674
3755463,25561,2003,3.0,901671198
3755464,25561,2005,3.0,902012994
3755465,25561,2006,3.0,901670743
3755466,25561,2011,3.0,902012994
3755467,25561,2013,5.0,902014605
3755468,25561,2020,5.0,901671674
3755469,25561,2026,1.0,902010069
3755470,25561,2027,2.0,902010069
3755471,25561,2028,4.0,901670002
3755472,25561,2054,3.0,902013029
3755473,25561,2058,3.0,901670743
3755474,25561,2059,1.0,902010069
3755475,25561,2060,1.0,901670255
3755476,25561,2062,2.0,901670802
3755477,25561,2065,1.0,901671674
3755478,25561,2076,2.0,901671711
3755479,25561,2081,4.0,901755163
3755480,25561,2087,3.0,903390837
3755481,25561,2088,2.0,901755163
3755482,25561,2093,4.0,902013070
3755483,25561,2100,5.0,902013070
3755484,25561,2105,1.0,903390692
3755485,25561,2107,4.0,901670255
3755486,25561,2109,5.0,901672243
3755487,25561,2114,5.0,901671711
3755488,25561,2115,3.0,902013118
3755489,25561,2118,4.0,901671254
3755490,25561,2121,4.0,901671254
3755491,25561,2122,3.0,901671254
3755492,25561,2125,3.0,903108377
3755493,25561,2133,4.0,902013118
3755494,25561,2134,5.0,902013167
3755495,25561,2138,4.0,903382789
3755496,25561,2140,3.0,902013167
3755497,25561,2144,5.0,902013167
3755498,25561,2145,5.0,902013167
3755499,25561,2146,5.0,902013167
3755500,25561,2148,2.0,902013167
3755501,25561,2153,2.0,903375821
3755502,25561,2169,1.0,903108377
3755503,25561,2171,5.0,908586765
3755504,25561,2174,4.0,903390631
3755505,25561,2248,3.0,908587600
3755506,25561,2262,4.0,908587559
3755507,25561,2272,4.0,908586726
3755508,25561,2279,1.0,908586806
3755509,25561,2297,2.0,908586726
3755510,25561,2306,1.0,908586824
3755511,25561,2314,1.0,916939395
3755512,25561,2318,5.0,916939361
3755513,25561,2320,3.0,916939413
3755514,25561,2324,4.0,918848089
3755515,25561,2329,2.0,916939338
3755516,25561,2336,4.0,916939266
3755517,25561,2341,4.0,916939314
3755518,25561,2357,5.0,916939314
3755519,25561,2389,4.0,918848155
3755520,25561,2390,4.0,916939338
3755521,25561,2394,3.0,916939338
3755522,25561,2396,5.0,916939290
3755523,25561,2424,1.0,916939290
3755524,25561,2433,3.0,918848155
3755525,25561,2439,5.0,916939361
3755526,25561,2443,1.0,916939476
3755527,25562,1,4.0,1404648562
3755528,25562,2,3.5,1412314734
3755529,25562,12,4.0,1401039130
3755530,25562,32,4.0,1412314254
3755531,25562,34,3.5,1412316209
3755532,25562,39,3.5,1412314654
3755533,25562,47,4.0,1412314453
3755534,25562,48,3.5,1412315122
3755535,25562,50,3.5,1401040504
3755536,25562,104,4.0,1412314840
3755537,25562,111,4.0,1412314668
3755538,25562,141,4.0,1412314679
3755539,25562,147,3.0,1401039122
3755540,25562,158,3.0,1412315074
3755541,25562,253,4.0,1412314639
3755542,25562,256,2.5,1401038890
3755543,25562,260,4.0,1402729371
3755544,25562,293,4.0,1412314675
3755545,25562,296,4.0,1402729365
3755546,25562,317,3.0,1412314954
3755547,25562,318,4.0,1412364555
3755548,25562,355,2.0,1401038896
3755549,25562,356,4.0,1402729363
3755550,25562,364,4.0,1412314484
3755551,25562,370,3.5,1412315020
3755552,25562,420,3.5,1412315024
3755553,25562,435,3.0,1412315054
3755554,25562,442,3.5,1412314860
3755555,25562,497,3.5,1412314115
3755556,25562,527,4.5,1412370541
3755557,25562,586,3.5,1412314569
3755558,25562,587,3.5,1412314557
3755559,25562,588,3.5,1412314445
3755560,25562,593,4.0,1402729367
3755561,25562,595,4.5,1412314493
3755562,25562,608,3.5,1412314448
3755563,25562,673,2.5,1401038876
3755564,25562,778,4.0,1412314698
3755565,25562,784,3.0,1412315012
3755566,25562,788,3.0,1412314818
3755567,25562,858,3.5,1412314462
3755568,25562,924,3.5,1404647931
3755569,25562,1028,3.5,1412315066
3755570,25562,1035,3.5,1412315067
3755571,25562,1059,3.0,1401038911
3755572,25562,1080,4.0,1412314767
3755573,25562,1096,4.0,1412365110
3755574,25562,1136,4.0,1412314526
3755575,25562,1193,3.5,1401040548
3755576,25562,1196,4.0,1412314235
3755577,25562,1197,3.5,1412314520
3755578,25562,1200,5.0,1412327519
3755579,25562,1206,3.5,1404648084
3755580,25562,1210,4.5,1412314205
3755581,25562,1214,5.0,1412313953
3755582,25562,1219,3.5,1425152715
3755583,25562,1221,4.0,1412314636
3755584,25562,1246,4.0,1412314794
3755585,25562,1258,4.0,1404648034
3755586,25562,1259,3.5,1412314791
3755587,25562,1265,4.5,1412314531
3755588,25562,1270,4.0,1412314201
3755589,25562,1271,3.5,1401038956
3755590,25562,1307,3.5,1412314736
3755591,25562,1320,2.5,1425152632
3755592,25562,1380,3.5,1412314940
3755593,25562,1391,3.0,1412314906
3755594,25562,1393,3.5,1412314731
3755595,25562,1407,3.0,1412314911
3755596,25562,1431,2.5,1401039199
3755597,25562,1485,3.5,1412314866
3755598,25562,1517,3.5,1412314714
3755599,25562,1527,3.5,1412314643
3755600,25562,1562,2.5,1427635502
3755601,25562,1566,3.5,1427635632
3755602,25562,1569,4.0,1427635493
3755603,25562,1573,3.0,1412314863
3755604,25562,1580,4.0,1412314501
3755605,25562,1588,2.5,1427635657
3755606,25562,1590,3.0,1427635575
3755607,25562,1625,3.5,1404648075
3755608,25562,1653,4.0,1404647927
3755609,25562,1682,4.0,1412314258
3755610,25562,1688,4.0,1401039150
3755611,25562,1702,3.0,1427635677
3755612,25562,1704,4.0,1412314637
3755613,25562,1721,3.5,1412314504
3755614,25562,1784,4.0,1412314747
3755615,25562,1801,3.5,1427635596
3755616,25562,1907,4.0,1427635547
3755617,25562,1923,4.0,1412314671
3755618,25562,1961,4.0,1412314651
3755619,25562,1968,4.0,1412314729
3755620,25562,2001,3.5,1412315115
3755621,25562,2006,3.0,1412315077
3755622,25562,2011,3.5,1412314813
3755623,25562,2012,3.5,1412314786
3755624,25562,2028,4.0,1412314490
3755625,25562,2054,3.0,1412314903
3755626,25562,2059,3.0,1401039185
3755627,25562,2081,3.5,1412315050
3755628,25562,2125,3.5,1427635593
3755629,25562,2167,3.0,1412316465
3755630,25562,2174,3.5,1412314784
3755631,25562,2273,3.5,1427635497
3755632,25562,2291,4.0,1412314758
3755633,25562,2321,3.5,1412315118
3755634,25562,2324,4.0,1412314892
3755635,25562,2340,4.0,1427635621
3755636,25562,2355,3.5,1412314764
3755637,25562,2384,3.0,1427635611
3755638,25562,2394,3.5,1427635577
3755639,25562,2413,3.0,1401039099
3755640,25562,2431,3.5,1401039042
3755641,25562,2496,3.0,1427635705
3755642,25562,2529,4.0,1412336549
3755643,25562,2541,3.0,1412316459
3755644,25562,2571,4.0,1412314240
3755645,25562,2572,4.0,1425152734
3755646,25562,2581,3.5,1427635556
3755647,25562,2617,3.5,1412316457
3755648,25562,2628,3.0,1425152938
3755649,25562,2657,3.5,1412315105
3755650,25562,2683,3.5,1412314662
3755651,25562,2687,3.5,1427635618
3755652,25562,2694,3.5,1427635501
3755653,25562,2716,4.0,1401293043
3755654,25562,2762,3.5,1412314487
3755655,25562,2791,3.5,1412314830
3755656,25562,2797,4.5,1412314002
3755657,25562,2840,2.5,1427635625
3755658,25562,2959,3.5,1412314481
3755659,25562,2997,4.0,1412314646
3755660,25562,3000,3.5,1401375840
3755661,25562,3005,3.5,1427635580
3755662,25562,3081,3.5,1412315146
3755663,25562,3114,4.0,1412314020
3755664,25562,3155,3.5,1427635713
3755665,25562,3156,4.0,1425153084
3755666,25562,3157,3.5,1427635633
3755667,25562,3175,3.5,1412315113
3755668,25562,3176,3.5,1412315090
3755669,25562,3408,3.5,1412314978
3755670,25562,3409,3.5,1427635629
3755671,25562,3499,4.5,1412357064
3755672,25562,3535,3.5,1427635546
3755673,25562,3552,3.5,1412316442
3755674,25562,3578,4.0,1412314528
3755675,25562,3617,3.5,1415375234
3755676,25562,3623,3.5,1412314934
3755677,25562,3624,4.0,1427635550
3755678,25562,3646,3.5,1427635745
3755679,25562,3751,3.0,1412314942
3755680,25562,3752,4.0,1427635548
3755681,25562,3785,3.5,1415375185
3755682,25562,3825,3.0,1427635673
3755683,25562,3826,3.0,1425153029
3755684,25562,3863,3.5,1415375193
3755685,25562,3882,4.0,1427635644
3755686,25562,3897,3.5,1412314835
3755687,25562,3948,3.5,1412314988
3755688,25562,3949,3.5,1412315131
3755689,25562,3969,4.0,1427635617
3755690,25562,3977,3.0,1412314950
3755691,25562,3979,3.5,1427635734
3755692,25562,3988,3.0,1427635611
3755693,25562,4014,3.5,1427635493
3755694,25562,4016,3.5,1427635615
3755695,25562,4022,4.0,1412314849
3755696,25562,4025,4.0,1415375170
3755697,25562,4103,4.0,1412365087
3755698,25562,4226,4.5,1412314561
3755699,25562,4246,4.0,1415374955
3755700,25562,4270,3.5,1415375217
3755701,25562,4306,4.0,1412314524
3755702,25562,4308,3.5,1415375130
3755703,25562,4369,3.5,1415375289
3755704,25562,4370,3.5,1415375132
3755705,25562,4446,3.5,1415375286
3755706,25562,4447,4.0,1415375184
3755707,25562,4489,4.0,1412357616
3755708,25562,4816,4.5,1415375236
3755709,25562,4823,3.5,1425152623
3755710,25562,4874,3.5,1415375304
3755711,25562,4878,4.0,1402648517
3755712,25562,4886,4.0,1412314695
3755713,25562,4896,3.5,1412314931
3755714,25562,4963,3.5,1412314718
3755715,25562,4975,3.0,1412316434
3755716,25562,4979,3.5,1402729094
3755717,25562,4993,3.5,1415374931
3755718,25562,4995,4.0,1412314761
3755719,25562,5218,3.5,1415375148
3755720,25562,5266,3.5,1415375296
3755721,25562,5349,3.5,1412314724
3755722,25562,5377,4.0,1415375172
3755723,25562,5378,3.0,1415374942
3755724,25562,5445,3.5,1412314358
3755725,25562,5481,3.5,1412316430
3755726,25562,5618,4.0,1415374948
3755727,25562,5816,3.5,1412315127
3755728,25562,5952,3.5,1412314517
3755729,25562,5971,4.0,1401064555
3755730,25562,5989,3.5,1412314914
3755731,25562,5991,3.5,1415375190
3755732,25562,6016,4.0,1401040552
3755733,25562,6155,4.0,1425152577
3755734,25562,6377,4.0,1412314720
3755735,25562,6539,4.0,1412314689
3755736,25562,6711,4.0,1412315033
3755737,25562,6807,4.0,1401292678
3755738,25562,6863,3.5,1401038977
3755739,25562,6870,3.5,1412316369
3755740,25562,6874,4.0,1412314769
3755741,25562,6936,4.0,1425152662
3755742,25562,6942,4.0,1425152654
3755743,25562,6947,3.5,1415375292
3755744,25562,7022,4.0,1412315803
3755745,25562,7143,3.5,1412316371
3755746,25562,7147,3.5,1401375851
3755747,25562,7153,3.0,1412314551
3755748,25562,7254,3.5,1412314334
3755749,25562,7361,3.5,1404647940
3755750,25562,7438,4.0,1402729170
3755751,25562,7444,3.5,1425152621
3755752,25562,7451,5.0,1425152560
3755753,25562,8360,3.5,1412315125
3755754,25562,8368,3.5,1415374951
3755755,25562,8464,4.0,1415375212
3755756,25562,8636,3.5,1412315037
3755757,25562,8641,4.0,1425152554
3755758,25562,8874,4.5,1401065793
3755759,25562,8914,3.5,1402729394
3755760,25562,8950,4.0,1402729136
3755761,25562,8961,4.0,1412314837
3755762,25562,27721,3.5,1402648530
3755763,25562,27821,3.5,1425153474
3755764,25562,27904,3.5,1425153366
3755765,25562,30707,3.5,1412316365
3755766,25562,30793,3.5,1415375242
3755767,25562,31364,4.0,1426964215
3755768,25562,31658,3.5,1401375835
3755769,25562,31685,3.5,1425153337
3755770,25562,31696,4.0,1425153330
3755771,25562,32296,2.5,1425153698
3755772,25562,32587,3.5,1412315043
3755773,25562,32596,3.0,1425153553
3755774,25562,33004,3.5,1425153297
3755775,25562,33162,3.5,1425153390
3755776,25562,33164,2.5,1425153752
3755777,25562,33493,3.5,1415374957
3755778,25562,33679,3.5,1412316360
3755779,25562,33779,4.0,1415375079
3755780,25562,33794,3.5,1412314872
3755781,25562,34048,3.5,1425152852
3755782,25562,34150,2.5,1425153346
3755783,25562,34162,3.5,1425153269
3755784,25562,35836,4.0,1415375162
3755785,25562,35957,3.5,1425153555
3755786,25562,36401,3.0,1425153430
3755787,25562,36525,3.0,1425152706
3755788,25562,37830,3.5,1425153071
3755789,25562,39435,3.5,1425153675
3755790,25562,39444,3.0,1425153565
3755791,25562,40815,3.5,1415375161
3755792,25562,40819,3.5,1412316362
3755793,25562,41566,3.5,1415375283
3755794,25562,41571,3.5,1425153434
3755795,25562,43560,3.0,1425153726
3755796,25562,43679,3.0,1425153669
3755797,25562,43836,2.5,1425153735
3755798,25562,44004,3.0,1425153641
3755799,25562,44191,4.0,1412314272
3755800,25562,44193,3.5,1425153730
3755801,25562,45447,3.0,1425153306
3755802,25562,45517,3.5,1425153319
3755803,25562,45722,4.0,1415375165
3755804,25562,45732,2.5,1425153639
3755805,25562,46578,4.0,1402729165
3755806,25562,46972,3.5,1425153382
3755807,25562,46976,4.0,1415375308
3755808,25562,47629,3.0,1425153422
3755809,25562,48304,3.5,1425153073
3755810,25562,48394,4.0,1415375134
3755811,25562,48516,4.0,1412315142
3755812,25562,48774,3.5,1401292665
3755813,25562,48780,4.0,1404648030
3755814,25562,49272,3.5,1415374963
3755815,25562,49530,3.5,1415375297
3755816,25562,50872,4.0,1415375211
3755817,25562,51084,3.5,1425153577
3755818,25562,51086,3.5,1425153530
3755819,25562,51255,4.0,1401292674
3755820,25562,51540,4.0,1413302345
3755821,25562,51662,4.0,1415375137
3755822,25562,52458,3.0,1425153538
3755823,25562,52722,2.5,1425153324
3755824,25562,52885,3.5,1402648524
3755825,25562,52973,2.5,1425153308
3755826,25562,53121,3.0,1425153416
3755827,25562,53125,4.0,1425153304
3755828,25562,53322,3.0,1425153343
3755829,25562,53464,3.0,1425153430
3755830,25562,53993,2.5,1425153519
3755831,25562,53996,3.0,1425153068
3755832,25562,54001,3.5,1425153293
3755833,25562,54190,3.0,1425153484
3755834,25562,54259,4.0,1425153327
3755835,25562,54272,3.5,1425153302
3755836,25562,54648,3.0,1425153711
3755837,25562,55247,3.5,1412314078
3755838,25562,55267,4.0,1425153539
3755839,25562,55363,3.0,1425153468
3755840,25562,56171,3.0,1425153470
3755841,25562,56174,3.5,1415375311
3755842,25562,56367,3.5,1425153268
3755843,25562,56587,3.5,1425153476
3755844,25562,56607,4.0,1425153672
3755845,25562,56757,3.0,1425153354
3755846,25562,56941,3.0,1425153603
3755847,25562,57368,3.0,1425152873
3755848,25562,57640,3.5,1425153121
3755849,25562,57669,4.0,1401292670
3755850,25562,58047,3.5,1425153549
3755851,25562,58559,3.5,1404648036
3755852,25562,58803,3.0,1425153418
3755853,25562,58998,3.0,1425153353
3755854,25562,59315,3.0,1401293048
3755855,25562,59615,3.0,1425153322
3755856,25562,59725,3.0,1425153601
3755857,25562,59900,3.0,1425153606
3755858,25562,60040,3.5,1425153014
3755859,25562,60069,4.0,1404647944
3755860,25562,60072,3.5,1425153392
3755861,25562,60126,3.0,1425153490
3755862,25562,60397,4.0,1425153595
3755863,25562,60684,3.5,1425153090
3755864,25562,60756,3.5,1425153517
3755865,25562,61240,3.5,1402729143
3755866,25562,61323,4.0,1425153336
3755867,25562,62081,3.0,1425153615
3755868,25562,62374,3.5,1425153582
3755869,25562,63062,3.0,1425153480
3755870,25562,63131,3.5,1425153438
3755871,25562,63992,3.0,1425153414
3755872,25562,64620,4.0,1412363767
3755873,25562,64957,3.5,1425153096
3755874,25562,65230,4.0,1425153708
3755875,25562,65514,3.5,1419264864
3755876,25562,66097,4.0,1426861331
3755877,25562,66934,3.0,1425152584
3755878,25562,67408,3.5,1412327539
3755879,25562,67620,3.5,1425152505
3755880,25562,68157,4.0,1426861319
3755881,25562,68237,4.0,1402648519
3755882,25562,68358,4.0,1412314281
3755883,25562,68954,4.0,1415375212
3755884,25562,69122,3.5,1415375238
3755885,25562,69481,3.5,1425153341
3755886,25562,69757,3.5,1412313999
3755887,25562,69844,3.5,1401039158
3755888,25562,70286,3.0,1401293055
3755889,25562,71535,3.5,1401065800
3755890,25562,72011,4.0,1404648612
3755891,25562,72226,3.5,1404648596
3755892,25562,72378,2.5,1425153003
3755893,25562,72998,3.5,1415375181
3755894,25562,73017,3.5,1426861321
3755895,25562,74458,4.0,1412338725
3755896,25562,74545,3.5,1426940004
3755897,25562,74789,3.0,1426861333
3755898,25562,75985,3.5,1425153078
3755899,25562,76091,4.0,1414943131
3755900,25562,76093,3.5,1412338812
3755901,25562,76251,4.0,1426861323
3755902,25562,77561,3.5,1426861326
3755903,25562,78499,4.0,1412338763
3755904,25562,78574,3.5,1412316248
3755905,25562,79091,3.5,1412338758
3755906,25562,79132,4.0,1404647923
3755907,25562,79702,3.0,1401377829
3755908,25562,80463,4.0,1412314092
3755909,25562,80489,4.0,1412314018
3755910,25562,80969,3.5,1412314321
3755911,25562,81562,4.0,1412338687
3755912,25562,81591,4.0,1404648028
3755913,25562,81834,4.0,1426861328
3755914,25562,81845,4.0,1412338684
3755915,25562,81847,3.5,1401377834
3755916,25562,82461,3.0,1425152899
3755917,25562,84152,3.0,1412314275
3755918,25562,84954,3.5,1425152919
3755919,25562,85414,3.5,1412314242
3755920,25562,86332,3.5,1425153023
3755921,25562,87232,4.0,1412314329
3755922,25562,87520,2.5,1425153128
3755923,25562,88125,4.0,1412338883
3755924,25562,88129,3.0,1412338713
3755925,25562,88744,4.0,1412316243
3755926,25562,89470,4.0,1425152913
3755927,25562,89745,3.5,1412314304
3755928,25562,89774,3.5,1412338698
3755929,25562,89780,3.5,1412314349
3755930,25562,90405,3.0,1425152861
3755931,25562,91500,3.5,1412314312
3755932,25562,91529,3.5,1412338801
3755933,25562,91630,3.5,1425152935
3755934,25562,91658,3.5,1412338733
3755935,25562,92259,3.5,1412338784
3755936,25562,93721,4.0,1412338626
3755937,25562,94466,4.0,1412324679
3755938,25562,94777,3.5,1425153019
3755939,25562,95510,3.5,1425152990
3755940,25562,96079,4.5,1415374991
3755941,25562,96610,4.0,1412314209
3755942,25562,96737,4.5,1419264903
3755943,25562,97304,4.0,1412338691
3755944,25562,97752,3.5,1412338872
3755945,25562,97913,4.0,1412338737
3755946,25562,97921,3.5,1412338786
3755947,25562,97938,3.5,1412338728
3755948,25562,98124,3.5,1412314264
3755949,25562,98809,3.5,1425152781
3755950,25562,98961,3.5,1412316250
3755951,25562,99114,3.5,1401064631
3755952,25562,101864,3.5,1412314189
3755953,25562,101962,4.0,1425152053
3755954,25562,102125,3.5,1412314318
3755955,25562,102445,4.0,1412314294
3755956,25562,103141,4.0,1404648589
3755957,25562,103228,3.5,1425152833
3755958,25562,103249,3.5,1425152887
3755959,25562,104283,3.5,1404647750
3755960,25562,104374,3.5,1412338684
3755961,25562,104841,4.0,1412314043
3755962,25562,104879,4.0,1412338754
3755963,25562,104944,3.5,1412338732
3755964,25562,105355,3.5,1412338721
3755965,25562,105844,3.5,1412338821
3755966,25562,106072,3.5,1412338824
3755967,25562,106487,3.5,1412314244
3755968,25562,106489,3.5,1404647785
3755969,25562,106696,3.5,1415374971
3755970,25562,106782,3.5,1412338689
3755971,25562,106920,4.0,1412338695
3755972,25562,107141,4.0,1412338844
3755973,25562,107314,4.0,1406564637
3755974,25562,107406,3.5,1425152863
3755975,25562,108190,3.0,1425152069
3755976,25562,108932,4.5,1404647737
3755977,25562,109374,4.0,1425152161
3755978,25562,109487,5.0,1415374910
3755979,25562,109673,3.0,1425153242
3755980,25562,110553,3.5,1425153208
3755981,25562,111362,4.0,1402729030
3755982,25562,111443,3.5,1425153195
3755983,25562,111622,4.0,1415374978
3755984,25562,111659,3.0,1425153200
3755985,25562,111759,4.5,1402729039
3755986,25562,112138,3.5,1415374979
3755987,25562,112175,3.5,1404647744
3755988,25562,112183,3.5,1425152061
3755989,25562,112552,4.0,1425152565
3755990,25562,112556,4.5,1414943111
3755991,25562,112623,4.5,1412314169
3755992,25562,112852,4.0,1411734864
3755993,25562,113378,3.0,1425153211
3755994,25562,115210,4.0,1419264894
3755995,25562,115569,4.0,1419264834
3755996,25562,115617,3.5,1425153183
3755997,25562,117176,4.0,1425152112
3755998,25562,118696,2.5,1425152765
3755999,25562,119141,3.5,1425153231
3756000,25562,120635,2.5,1421655547
3756001,25562,127136,4.0,1425152355
3756002,25562,130490,3.5,1426861343
3756003,25563,836,1.5,1239275648
3756004,25563,880,0.5,1239275630
3756005,25563,1022,3.5,1239275591
3756006,25563,1031,3.0,1239275678
3756007,25563,1064,3.0,1239275807
3756008,25563,1339,3.0,1239275581
3756009,25563,1590,2.5,1239275622
3756010,25563,1892,2.5,1239275661
3756011,25563,2394,3.5,1239275623
3756012,25563,2572,4.0,1239276105
3756013,25563,2805,0.5,1239275664
3756014,25563,2942,3.5,1239275693
3756015,25563,3668,3.5,1239275810
3756016,25563,5026,4.5,1239275820
3756017,25563,6502,4.0,1239276173
3756018,25563,7325,0.5,1239275799
3756019,25563,27266,2.5,1239276162
3756020,25563,53000,3.0,1239276187
3756021,25563,53996,3.5,1239275801
3756022,25563,58803,2.0,1239276165
3756023,25564,1,3.0,1357085350
3756024,25564,32,5.0,1357085396
3756025,25564,69,4.0,1358055107
3756026,25564,110,4.0,1357085348
3756027,25564,150,5.0,1357019078
3756028,25564,260,5.0,1357018362
3756029,25564,296,2.0,1357018481
3756030,25564,318,5.0,1357018142
3756031,25564,327,3.0,1357017884
3756032,25564,344,4.0,1357085422
3756033,25564,356,5.0,1357018891
3756034,25564,364,5.0,1357019050
3756035,25564,377,3.5,1357085433
3756036,25564,457,4.0,1357085357
3756037,25564,480,5.0,1357085176
3756038,25564,541,3.0,1357018532
3756039,25564,588,4.0,1357085404
3756040,25564,589,5.0,1357085362
3756041,25564,592,5.0,1357085371
3756042,25564,593,5.0,1357018392
3756043,25564,610,5.0,1357017898
3756044,25564,648,3.5,1357085429
3756045,25564,720,1.0,1357018733
3756046,25564,745,0.5,1357018331
3756047,25564,780,5.0,1357085363
3756048,25564,849,3.0,1357017794
3756049,25564,858,4.5,1357018168
3756050,25564,903,3.0,1357018490
3756051,25564,1073,5.0,1357138975
3756052,25564,1089,4.0,1357018688
3756053,25564,1136,5.0,1357018408
3756054,25564,1148,0.5,1357018333
3756055,25564,1196,4.5,1357018419
3756056,25564,1197,4.0,1361147061
3756057,25564,1198,5.0,1357018286
3756058,25564,1199,4.0,1357018943
3756059,25564,1201,2.5,1357018585
3756060,25564,1210,5.0,1357085373
3756061,25564,1214,5.0,1357018871
3756062,25564,1246,5.0,1388347258
3756063,25564,1270,4.5,1357085415
3756064,25564,1271,5.0,1406134873
3756065,25564,1275,4.5,1357086404
3756066,25564,1405,5.0,1357017689
3756067,25564,1500,2.5,1357357738
3756068,25564,1527,5.0,1388347441
3756069,25564,1584,5.0,1357138807
3756070,25564,1682,5.0,1407715591
3756071,25564,1784,4.5,1361152216
3756072,25564,1918,3.5,1357017698
3756073,25564,1947,3.0,1357017785
3756074,25564,1968,5.0,1388347446
3756075,25564,2028,4.5,1357018715
3756076,25564,2150,4.0,1357017706
3756077,25564,2571,5.0,1357018348
3756078,25564,2605,2.5,1357017748
3756079,25564,2746,3.0,1357017754
3756080,25564,2762,4.5,1357018721
3756081,25564,2916,5.0,1357086425
3756082,25564,2959,4.5,1357018296
3756083,25564,2997,5.0,1357084722
3756084,25564,3000,5.0,1357018678
3756085,25564,3039,2.5,1357017721
3756086,25564,3082,3.0,1357017766
3756087,25564,3083,0.5,1372282729
3756088,25564,3386,3.5,1357017877
3756089,25564,3527,5.0,1357019083
3756090,25564,3819,4.0,1374611206
3756091,25564,3863,4.0,1357017848
3756092,25564,3949,2.5,1357018854
3756093,25564,4018,1.5,1357017808
3756094,25564,4027,5.0,1407104619
3756095,25564,4226,3.5,1357018388
3756096,25564,4571,5.0,1357017814
3756097,25564,4874,5.0,1407715531
3756098,25564,4973,5.0,1357018279
3756099,25564,4993,5.0,1357018473
3756100,25564,5618,5.0,1357018315
3756101,25564,5902,5.0,1357084732
3756102,25564,5903,1.0,1357138856
3756103,25564,5952,5.0,1357018611
3756104,25564,5971,5.0,1357018449
3756105,25564,5995,4.0,1357018810
3756106,25564,6283,3.5,1357018999
3756107,25564,6333,2.0,1357085506
3756108,25564,6350,5.0,1360020660
3756109,25564,6773,5.0,1372288049
3756110,25564,6874,0.5,1407104600
3756111,25564,7099,5.0,1357018616
3756112,25564,7153,5.0,1357018476
3756113,25564,7438,0.5,1407104602
3756114,25564,8368,4.5,1357019036
3756115,25564,26662,5.0,1357019029
3756116,25564,26776,5.0,1357019065
3756117,25564,26903,3.0,1392301103
3756118,25564,27611,3.0,1357018788
3756119,25564,27731,5.0,1357018989
3756120,25564,30810,4.5,1407711031
3756121,25564,31658,5.0,1357018791
3756122,25564,31952,5.0,1357084687
3756123,25564,40815,4.5,1357019032
3756124,25564,48394,5.0,1357018802
3756125,25564,51255,4.5,1360468096
3756126,25564,54503,5.0,1388347239
3756127,25564,55442,3.5,1358134682
3756128,25564,56367,5.0,1388347235
3756129,25564,58559,5.0,1357018250
3756130,25564,60069,4.0,1357018866
3756131,25564,60684,5.0,1360624319
3756132,25564,61024,4.5,1357138834
3756133,25564,62336,0.5,1407104711
3756134,25564,65261,5.0,1357019062
3756135,25564,66097,4.5,1372381263
3756136,25564,68848,4.0,1407710785
3756137,25564,76251,5.0,1358814228
3756138,25564,79132,3.0,1357018340
3756139,25564,79702,5.0,1358814233
3756140,25564,81845,5.0,1357018755
3756141,25564,89904,3.0,1406135131
3756142,25564,93363,4.0,1407716124
3756143,25564,93721,4.0,1406554984
3756144,25564,94959,5.0,1372296163
3756145,25564,95207,2.0,1361162951
3756146,25564,96737,5.0,1414162926
3756147,25564,97757,3.5,1357018101
3756148,25564,98607,5.0,1406555060
3756149,25564,105703,5.0,1406554994
3756150,25564,106782,0.5,1407715155
3756151,25564,106920,5.0,1407104392
3756152,25564,109374,5.0,1406920134
3756153,25564,111360,0.5,1407105224
3756154,25564,111759,4.0,1407105258
3756155,25565,2,2.5,1279204064
3756156,25565,13,2.5,1279171252
3756157,25565,17,4.0,1279203934
3756158,25565,32,4.0,1279168778
3756159,25565,34,2.5,1279170758
3756160,25565,39,3.0,1279203763
3756161,25565,50,4.0,1279203829
3756162,25565,54,3.0,1279172489
3756163,25565,58,4.0,1279205054
3756164,25565,85,3.5,1279170163
3756165,25565,110,4.0,1279203562
3756166,25565,150,3.5,1279170292
3756167,25565,154,5.0,1279172206
3756168,25565,208,3.5,1279203702
3756169,25565,236,3.0,1279204999
3756170,25565,260,5.0,1279203550
3756171,25565,261,3.0,1279205353
3756172,25565,265,3.0,1279204994
3756173,25565,266,2.5,1279204481
3756174,25565,272,3.5,1279205659
3756175,25565,296,3.0,1279203566
3756176,25565,306,3.5,1279206139
3756177,25565,307,3.5,1279166434
3756178,25565,308,5.0,1279206828
3756179,25565,316,3.5,1279203631
3756180,25565,318,3.5,1279203798
3756181,25565,337,3.5,1279204253
3756182,25565,339,3.0,1279203888
3756183,25565,356,4.0,1279203492
3756184,25565,364,3.0,1279203515
3756185,25565,412,4.5,1279169475
3756186,25565,442,2.5,1279204226
3756187,25565,468,2.0,1279168681
3756188,25565,475,4.0,1279205613
3756189,25565,480,3.0,1279203481
3756190,25565,497,4.5,1279204638
3756191,25565,500,2.0,1279203610
3756192,25565,509,4.5,1279204303
3756193,25565,515,3.5,1279205340
3756194,25565,531,4.0,1279206049
3756195,25565,541,4.5,1279172814
3756196,25565,586,2.0,1279203963
3756197,25565,588,3.0,1279169513
3756198,25565,590,4.0,1279203591
3756199,25565,593,3.0,1279248635
3756200,25565,594,3.0,1279204397
3756201,25565,595,3.5,1279171923
3756202,25565,736,2.5,1279248674
3756203,25565,750,2.5,1279204234
3756204,25565,757,4.0,1279170481
3756205,25565,778,4.5,1279204026
3756206,25565,780,3.5,1279203768
3756207,25565,802,2.0,1279204777
3756208,25565,838,3.5,1279166354
3756209,25565,858,3.5,1279203442
3756210,25565,900,3.0,1279170016
3756211,25565,902,3.5,1279205296
3756212,25565,904,3.0,1279204442
3756213,25565,905,3.5,1279249127
3756214,25565,906,3.5,1279249370
3756215,25565,908,3.5,1279204517
3756216,25565,912,5.0,1279203899
3756217,25565,913,3.0,1279204773
3756218,25565,914,4.0,1279205469
3756219,25565,915,3.5,1279206673
3756220,25565,916,3.5,1279206474
3756221,25565,919,3.5,1279203843
3756222,25565,920,4.5,1279204265
3756223,25565,923,4.0,1279204584
3756224,25565,924,3.5,1279168829
3756225,25565,928,4.0,1279206938
3756226,25565,930,4.5,1279206785
3756227,25565,949,3.0,1279249438
3756228,25565,953,3.0,1279204811
3756229,25565,965,3.5,1279168585
3756230,25565,971,5.0,1279207398
3756231,25565,1022,2.5,1279205454
3756232,25565,1028,3.5,1279204757
3756233,25565,1029,2.5,1279205593
3756234,25565,1031,2.5,1279171965
3756235,25565,1035,4.0,1279204724
3756236,25565,1084,3.0,1279205227
3756237,25565,1088,3.5,1279205083
3756238,25565,1094,5.0,1279204561
3756239,25565,1096,3.5,1279207104
3756240,25565,1097,3.0,1279203596
3756241,25565,1101,2.5,1279203955
3756242,25565,1103,2.5,1279168675
3756243,25565,1104,4.5,1279249335
3756244,25565,1131,4.0,1279249391
3756245,25565,1132,5.0,1279249462
3756246,25565,1183,4.0,1279204109
3756247,25565,1185,3.5,1279166489
3756248,25565,1188,3.5,1279205712
3756249,25565,1193,4.0,1279203981
3756250,25565,1196,5.0,1279204557
3756251,25565,1197,3.0,1279203458
3756252,25565,1198,4.0,1279203640
3756253,25565,1203,4.0,1279168773
3756254,25565,1204,5.0,1279204801
3756255,25565,1206,3.5,1279204030
3756256,25565,1210,5.0,1279203529
3756257,25565,1224,3.5,1279206793
3756258,25565,1225,3.5,1279169935
3756259,25565,1226,3.0,1279248745
3756260,25565,1243,3.5,1279206958
3756261,25565,1246,3.5,1279204116
3756262,25565,1247,3.5,1279204541
3756263,25565,1248,4.0,1279206754
3756264,25565,1250,5.0,1279204675
3756265,25565,1251,3.5,1279168939
3756266,25565,1269,2.5,1279170385
3756267,25565,1276,3.5,1279204977
3756268,25565,1287,5.0,1279172225
3756269,25565,1293,3.0,1279205283
3756270,25565,1295,3.5,1279249736
3756271,25565,1296,5.0,1279205829
3756272,25565,1301,3.0,1279207111
3756273,25565,1304,3.5,1279204272
3756274,25565,1305,3.0,1279249644
3756275,25565,1356,3.5,1279203859
3756276,25565,1367,3.0,1279205435
3756277,25565,1380,3.0,1279204164
3756278,25565,1394,2.5,1279204602
3756279,25565,1411,5.0,1279206127
3756280,25565,1416,4.5,1279166493
3756281,25565,1517,2.5,1279170635
3756282,25565,1527,3.5,1279204564
3756283,25565,1537,4.5,1279168464
3756284,25565,1554,5.0,1279207236
3756285,25565,1569,4.0,1279204968
3756286,25565,1580,3.0,1279203617
3756287,25565,1584,3.5,1279203913
3756288,25565,1608,2.5,1279169499
3756289,25565,1653,4.5,1279204076
3756290,25565,1676,2.5,1279204208
3756291,25565,1695,4.0,1279170414
3756292,25565,1696,4.0,1279172312
3756293,25565,1704,4.0,1279203867
3756294,25565,1719,2.5,1279206726
3756295,25565,1721,4.0,1279203430
3756296,25565,1747,4.0,1279204707
3756297,25565,1784,4.0,1279170422
3756298,25565,1801,2.5,1279206161
3756299,25565,1835,3.0,1279206389
3756300,25565,1888,2.5,1279207056
3756301,25565,1907,3.0,1279166397
3756302,25565,1917,3.0,1279170363
3756303,25565,1935,4.0,1279249610
3756304,25565,1945,5.0,1279206166
3756305,25565,1950,4.0,1279249305
3756306,25565,1961,3.0,1279203650
3756307,25565,1968,3.0,1279203789
3756308,25565,2006,3.5,1279204211
3756309,25565,2018,3.5,1279205489
3756310,25565,2019,3.5,1279205067
3756311,25565,2020,3.5,1279205279
3756312,25565,2067,5.0,1279205797
3756313,25565,2078,2.5,1279205244
3756314,25565,2081,3.5,1279204134
3756315,25565,2096,2.5,1279206205
3756316,25565,2115,4.0,1279203991
3756317,25565,2125,3.5,1279206064
3756318,25565,2137,4.0,1279205840
3756319,25565,2144,2.5,1279205127
3756320,25565,2150,4.0,1279205121
3756321,25565,2167,2.0,1279172823
3756322,25565,2174,2.0,1279172026
3756323,25565,2197,3.0,1279207472
3756324,25565,2208,3.5,1279249015
3756325,25565,2231,3.5,1279205546
3756326,25565,2291,2.5,1279204182
3756327,25565,2311,1.5,1279168684
3756328,25565,2321,3.0,1279204154
3756329,25565,2324,4.0,1279204003
3756330,25565,2329,4.5,1279169983
3756331,25565,2336,3.5,1279204731
3756332,25565,2351,3.5,1279248869
3756333,25565,2396,3.5,1279203489
3756334,25565,2413,2.5,1279206503
3756335,25565,2424,2.5,1279204573
3756336,25565,2431,2.5,1279205696
3756337,25565,2445,2.5,1279170522
3756338,25565,2447,2.0,1279207093
3756339,25565,2485,2.5,1279205822
3756340,25565,2529,5.0,1279204237
3756341,25565,2530,2.5,1279172304
3756342,25565,2539,2.0,1279170087
3756343,25565,2541,2.5,1279205217
3756344,25565,2571,3.5,1279248719
3756345,25565,2572,3.0,1279204982
3756346,25565,2581,1.0,1279168687
3756347,25565,2617,3.0,1279203906
3756348,25565,2628,4.5,1279203773
3756349,25565,2671,2.0,1279204406
3756350,25565,2686,4.5,1279166481
3756351,25565,2690,4.5,1279207131
3756352,25565,2706,2.0,1279169994
3756353,25565,2728,3.5,1279206293
3756354,25565,2731,3.0,1279168914
3756355,25565,2732,3.0,1279249396
3756356,25565,2762,3.0,1279248677
3756357,25565,2797,2.0,1279172445
3756358,25565,2858,4.0,1279169967
3756359,25565,2925,4.5,1279249094
3756360,25565,2942,3.0,1279206636
3756361,25565,2959,3.5,1279203880
3756362,25565,2970,4.5,1279207370
3756363,25565,2997,3.0,1279172068
3756364,25565,2998,4.0,1279207442
3756365,25565,3002,3.0,1279249203
3756366,25565,3081,2.0,1279204454
3756367,25565,3083,3.0,1279168451
3756368,25565,3098,3.5,1279206075
3756369,25565,3100,2.5,1279168678
3756370,25565,3146,2.5,1279206998
3756371,25565,3147,3.0,1279203733
3756372,25565,3148,3.5,1279205370
3756373,25565,3175,2.5,1279204045
3756374,25565,3176,4.0,1279204087
3756375,25565,3210,2.0,1279205498
3756376,25565,3255,3.5,1279204930
3756377,25565,3260,3.5,1279206881
3756378,25565,3269,3.0,1279206889
3756379,25565,3365,3.5,1279249414
3756380,25565,3451,3.5,1279207171
3756381,25565,3462,3.5,1279207074
3756382,25565,3468,3.5,1279206470
3756383,25565,3475,3.0,1279249553
3756384,25565,3516,3.0,1279172200
3756385,25565,3578,5.0,1279203874
3756386,25565,3791,2.5,1279206619
3756387,25565,3793,3.5,1279203470
3756388,25565,3845,5.0,1279170114
3756389,25565,3882,2.0,1279206214
3756390,25565,3916,2.5,1279205040
3756391,25565,3948,2.5,1279203760
3756392,25565,3967,4.0,1279172552
3756393,25565,3968,2.0,1279171955
3756394,25565,3996,4.0,1279203574
3756395,25565,4014,3.0,1279204283
3756396,25565,4018,2.0,1279204695
3756397,25565,4021,3.0,1279172031
3756398,25565,4025,2.5,1279204549
3756399,25565,4027,4.0,1279203628
3756400,25565,4031,2.5,1279169899
3756401,25565,4039,2.5,1279170235
3756402,25565,4144,4.5,1279207260
3756403,25565,4190,4.0,1279249660
3756404,25565,4226,3.5,1279204121
3756405,25565,4235,3.5,1279170071
3756406,25565,4246,4.0,1279203950
3756407,25565,4308,3.5,1279204416
3756408,25565,4310,2.5,1279204657
3756409,25565,4378,3.0,1279206767
3756410,25565,4447,2.5,1279204590
3756411,25565,4639,2.5,1279169963
3756412,25565,4642,4.0,1279206930
3756413,25565,4643,3.0,1279204512
3756414,25565,4700,3.0,1279207011
3756415,25565,4703,5.0,1279207488
3756416,25565,4840,3.0,1279249617
3756417,25565,4865,2.5,1279205736
3756418,25565,4880,3.5,1279206812
3756419,25565,4896,3.5,1279203671
3756420,25565,4914,2.5,1279249045
3756421,25565,4973,3.5,1279169953
3756422,25565,4993,3.5,1279249512
3756423,25565,4995,3.5,1279171901
3756424,25565,5013,4.5,1279166476
3756425,25565,5014,2.5,1279206446
3756426,25565,5056,3.5,1279249003
3756427,25565,5121,3.0,1279249029
3756428,25565,5225,3.5,1279170127
3756429,25565,5314,3.5,1279172101
3756430,25565,5368,5.0,1279170899
3756431,25565,5377,2.5,1279169181
3756432,25565,5380,3.0,1279207166
3756433,25565,5445,3.0,1279203815
3756434,25565,5446,4.0,1279206808
3756435,25565,5617,3.5,1279205802
3756436,25565,5620,3.0,1279206403
3756437,25565,5747,3.5,1279207133
3756438,25565,5791,3.0,1279206591
3756439,25565,5810,3.0,1279168944
3756440,25565,5816,3.5,1279203707
3756441,25565,5839,4.0,1279249548
3756442,25565,5878,3.0,1279206258
3756443,25565,5952,3.5,1279203820
3756444,25565,5956,3.0,1279204621
3756445,25565,5985,3.5,1279170484
3756446,25565,5991,4.0,1279204568
3756447,25565,5992,3.0,1279205781
3756448,25565,5995,3.0,1279204259
3756449,25565,6016,3.0,1279204230
3756450,25565,6020,3.5,1279169550
3756451,25565,6031,4.0,1279249385
3756452,25565,6218,2.5,1279172238
3756453,25565,6303,3.5,1279170141
3756454,25565,6331,4.0,1279249478
3756455,25565,6367,3.0,1279207185
3756456,25565,6539,3.0,1279203434
3756457,25565,6599,4.5,1279169204
3756458,25565,6609,3.5,1279248829
3756459,25565,6660,4.5,1279249316
3756460,25565,6666,2.5,1279249051
3756461,25565,6671,3.0,1279170151
3756462,25565,6711,3.5,1279203503
3756463,25565,6787,3.5,1279169686
3756464,25565,6791,3.5,1279170763
3756465,25565,6870,3.0,1279204188
3756466,25565,6942,3.5,1279204475
3756467,25565,6985,3.5,1279248788
3756468,25565,7008,4.0,1279248749
3756469,25565,7042,4.0,1279172352
3756470,25565,7063,5.0,1279169486
3756471,25565,7064,3.0,1279171912
3756472,25565,7109,4.0,1279172431
3756473,25565,7121,3.0,1279169314
3756474,25565,7147,3.0,1279172482
3756475,25565,7153,3.5,1279203696
3756476,25565,7154,3.0,1279206895
3756477,25565,7160,3.5,1279205567
3756478,25565,7162,2.5,1279205654
3756479,25565,7173,1.0,1279169920
3756480,25565,7234,5.0,1279248907
3756481,25565,7293,2.5,1279205003
3756482,25565,7301,5.0,1279207418
3756483,25565,7461,3.5,1279207294
3756484,25565,7669,5.0,1279207027
3756485,25565,7728,3.5,1279249684
3756486,25565,7756,3.5,1279169531
3756487,25565,7820,5.0,1279248846
3756488,25565,7842,4.0,1279249753
3756489,25565,7941,3.0,1279248945
3756490,25565,8194,4.5,1279170767
3756491,25565,8197,3.0,1279249375
3756492,25565,8199,3.5,1279248879
3756493,25565,8239,4.5,1279248951
3756494,25565,8338,3.5,1279172736
3756495,25565,8459,3.0,1279248923
3756496,25565,8464,3.5,1279204596
3756497,25565,8533,3.0,1279206228
3756498,25565,8640,3.0,1279206919
3756499,25565,8644,3.0,1279204023
3756500,25565,8724,3.0,1279249445
3756501,25565,8783,3.0,1279205209
3756502,25565,8807,2.0,1279205741
3756503,25565,8867,3.5,1279170099
3756504,25565,8873,3.5,1279205620
3756505,25565,8949,3.0,1279204289
3756506,25565,8958,3.0,1279205634
3756507,25565,8969,2.5,1279206669
3756508,25565,8973,3.5,1279170842
3756509,25565,8981,3.5,1279205761
3756510,25565,25805,5.0,1279170547
3756511,25565,25850,2.5,1279248858
3756512,25565,25852,3.5,1279205108
3756513,25565,25856,4.5,1279249424
3756514,25565,25865,3.5,1279249155
3756515,25565,26151,3.5,1279170578
3756516,25565,26208,3.0,1279248872
3756517,25565,26528,4.0,1279170225
3756518,25565,27223,3.5,1279206584
3756519,25565,27266,3.0,1279168843
3756520,25565,33493,4.5,1279203543
3756521,25565,33585,2.0,1279169128
3756522,25565,33836,2.5,1279172368
3756523,25565,34148,4.0,1279171745
3756524,25565,34405,3.0,1279204419
3756525,25565,34666,3.0,1279170575
3756526,25565,36517,3.5,1279205442
3756527,25565,37741,3.0,1279205308
3756528,25565,39183,4.0,1279204719
3756529,25565,40583,4.0,1279205580
3756530,25565,40629,3.0,1279205706
3756531,25565,41285,3.0,1279205602
3756532,25565,41571,3.0,1279206745
3756533,25565,41997,3.0,1279205196
3756534,25565,43497,3.0,1279249603
3756535,25565,44195,3.5,1279204068
3756536,25565,44657,4.0,1279248985
3756537,25565,45440,3.0,1279170405
3756538,25565,45447,2.5,1279204491
3756539,25565,45950,3.5,1279205530
3756540,25565,46578,2.5,1279203723
3756541,25565,46723,5.0,1279170748
3756542,25565,48043,2.5,1279206217
3756543,25565,48516,4.0,1279203553
3756544,25565,48774,3.5,1279204098
3756545,25565,49286,3.0,1279206763
3756546,25565,55052,3.5,1279205610
3756547,25565,55280,3.5,1279206689
3756548,25565,56757,3.0,1279205030
3756549,25565,56782,3.0,1279204535
3756550,25565,63876,3.0,1279205256
3756551,25565,64273,3.5,1279249671
3756552,25565,64575,3.5,1279206273
3756553,25565,64620,4.0,1279205476
3756554,25565,68157,3.0,1279203682
3756555,25565,68237,4.0,1279204963
3756556,25565,68358,3.0,1279203690
3756557,25565,68554,2.5,1279205175
3756558,25565,69406,3.0,1279206495
3756559,25565,69842,5.0,1279207212
3756560,25565,70286,5.0,1279203507
3756561,25565,71246,3.5,1279170067
3756562,25565,71530,3.0,1279206314
3756563,25565,72587,3.5,1279249938
3756564,25565,72998,3.5,1279203636
3756565,25565,74282,4.0,1279170229
3756566,25565,74506,3.0,1279170874
3756567,25565,78827,3.5,1279205214
3756568,25566,2,4.0,948209132
3756569,25566,34,3.0,948142819
3756570,25566,36,4.0,1015338638
3756571,25566,41,3.0,1039620525
3756572,25566,43,4.0,1040396359
3756573,25566,50,4.0,948143278
3756574,25566,58,4.0,1040396402
3756575,25566,110,4.0,1028906095
3756576,25566,151,5.0,1013636197
3756577,25566,161,4.0,1039621450
3756578,25566,171,4.0,1040396335
3756579,25566,191,3.0,1011992476
3756580,25566,207,4.0,1040396359
3756581,25566,232,4.0,1039620977
3756582,25566,235,4.0,1011993056
3756583,25566,242,4.0,1011911537
3756584,25566,260,3.0,948208698
3756585,25566,265,4.0,948143819
3756586,25566,272,4.0,948208910
3756587,25566,290,4.0,1011993077
3756588,25566,302,5.0,948143758
3756589,25566,317,2.0,1013636197
3756590,25566,318,5.0,948208910
3756591,25566,337,4.0,1039620854
3756592,25566,342,4.0,1039621044
3756593,25566,345,4.0,1039621083
3756594,25566,356,5.0,1039621305
3756595,25566,357,4.0,1044627652
3756596,25566,446,5.0,948144238
3756597,25566,457,3.0,1013635928
3756598,25566,458,2.0,1020295533
3756599,25566,488,4.0,1011992747
3756600,25566,508,5.0,1028906201
3756601,25566,515,4.0,948208938
3756602,25566,527,5.0,948143221
3756603,25566,552,4.0,1011996132
3756604,25566,574,2.0,1013636278
3756605,25566,590,4.0,1044555464
3756606,25566,593,2.0,1013636225
3756607,25566,595,3.0,1011895854
3756608,25566,608,4.0,1039620483
3756609,25566,650,4.0,1020295440
3756610,25566,653,3.0,948209053
3756611,25566,715,5.0,948143736
3756612,25566,728,4.0,1028121790
3756613,25566,733,3.0,1015338382
3756614,25566,778,4.0,1011911326
3756615,25566,788,2.0,948209086
3756616,25566,802,3.0,1015338527
3756617,25566,831,4.0,948208866
3756618,25566,858,2.0,1013635962
3756619,25566,899,3.0,948143420
3756620,25566,904,3.0,948143294
3756621,25566,908,3.0,948208759
3756622,25566,912,3.0,948144570
3756623,25566,913,3.0,948208447
3756624,25566,914,3.0,1039620439
3756625,25566,916,3.0,1039620611
3756626,25566,917,3.0,1028905676
3756627,25566,919,4.0,948209298
3756628,25566,920,4.0,948143437
3756629,25566,923,4.0,948143278
3756630,25566,940,3.0,1044555282
3756631,25566,951,3.0,948143385
3756632,25566,954,4.0,1020295813
3756633,25566,976,3.0,1011996418
3756634,25566,1009,2.0,948209132
3756635,25566,1019,3.5,1058363102
3756636,25566,1028,2.0,1044555690
3756637,25566,1049,3.0,1011895934
3756638,25566,1073,2.0,948209053
3756639,25566,1079,5.0,1027521745
3756640,25566,1089,2.0,1020295418
3756641,25566,1090,4.0,1015338382
3756642,25566,1094,4.0,1027521716
3756643,25566,1132,4.0,1028905705
3756644,25566,1136,4.0,948208666
3756645,25566,1150,4.0,1013636197
3756646,25566,1162,4.0,948143033
3756647,25566,1183,4.0,1039621465
3756648,25566,1185,4.0,1039620677
3756649,25566,1188,5.0,948143347
3756650,25566,1193,4.0,1020295750
3756651,25566,1196,3.0,948209270
3756652,25566,1197,4.0,948209270
3756653,25566,1198,4.0,948143525
3756654,25566,1204,5.0,1013636054
3756655,25566,1206,3.0,1011992978
3756656,25566,1208,4.0,948208370
3756657,25566,1211,4.0,1011996441
3756658,25566,1217,3.0,948143114
3756659,25566,1221,2.0,948142819
3756660,25566,1222,4.0,1028906055
3756661,25566,1225,5.0,948143525
3756662,25566,1233,4.0,1027521544
3756663,25566,1246,5.0,1044555464
3756664,25566,1250,4.0,1039620401
3756665,25566,1258,3.0,948143325
3756666,25566,1259,4.0,1013636278
3756667,25566,1264,4.0,1011993228
3756668,25566,1266,3.0,1039620697
3756669,25566,1268,4.0,1020295480
3756670,25566,1275,4.0,948209270
3756671,25566,1277,4.0,1011996483
3756672,25566,1289,3.0,1027521593
3756673,25566,1293,4.0,1028905837
3756674,25566,1297,4.0,1039621281
3756675,25566,1299,4.0,948143347
3756676,25566,1305,3.0,1011895768
3756677,25566,1374,3.0,1015338382
3756678,25566,1391,4.0,1013636087
3756679,25566,1437,3.0,1044555400
3756680,25566,1517,2.0,1011895747
3756681,25566,1552,4.0,1011895950
3756682,25566,1554,5.0,1013636165
3756683,25566,1566,4.0,1039621581
3756684,25566,1567,3.0,1051023155
3756685,25566,1580,4.0,1027893493
3756686,25566,1611,4.0,948144281
3756687,25566,1619,4.0,1011996294
3756688,25566,1688,3.0,1040229833
3756689,25566,1695,4.0,1011996219
3756690,25566,1696,5.0,1013635781
3756691,25566,1704,4.0,1015338416
3756692,25566,1711,4.0,1011996752
3756693,25566,1730,4.0,948144628
3756694,25566,1835,4.0,1015338723
3756695,25566,1860,4.0,1020295790
3756696,25566,1907,4.0,1015338616
3756697,25566,1920,3.0,948209153
3756698,25566,1923,3.5,1058790664
3756699,25566,1931,4.0,1028905961
3756700,25566,1935,4.0,1013636673
3756701,25566,1936,4.0,1028905636
3756702,25566,1960,4.0,1011996272
3756703,25566,1961,4.0,948208938
3756704,25566,1968,4.0,1015338668
3756705,25566,2005,3.0,948209086
3756706,25566,2010,4.0,948144281
3756707,25566,2011,3.0,1011895787
3756708,25566,2021,4.0,948209086
3756709,25566,2028,4.0,948143246
3756710,25566,2054,3.0,948209132
3756711,25566,2067,3.0,948208963
3756712,25566,2069,4.0,1015338527
3756713,25566,2080,3.0,1011996531
3756714,25566,2106,4.0,1011992280
3756715,25566,2117,4.0,1028905472
3756716,25566,2140,2.0,948209017
3756717,25566,2143,4.0,948209017
3756718,25566,2153,1.0,1011992607
3756719,25566,2161,3.0,948209086
3756720,25566,2174,2.0,948209053
3756721,25566,2193,3.0,948209053
3756722,25566,2253,3.0,948209132
3756723,25566,2291,5.0,1044555497
3756724,25566,2297,4.5,1058196732
3756725,25566,2309,3.0,1044555607
3756726,25566,2324,4.0,1011911511
3756727,25566,2333,5.0,948143859
3756728,25566,2336,4.0,948208963
3756729,25566,2337,3.0,1028906625
3756730,25566,2390,5.0,1044555665
3756731,25566,2396,4.0,1011996470
3756732,25566,2398,4.0,1015338527
3756733,25566,2436,4.0,1011996325
3756734,25566,2437,4.0,948208633
3756735,25566,2467,4.0,1011895747
3756736,25566,2481,3.0,1013636127
3756737,25566,2542,4.0,1011911344
3756738,25566,2560,2.0,1058196488
3756739,25566,2571,3.0,948208938
3756740,25566,2607,4.0,1011992693
3756741,25566,2626,4.0,1011911307
3756742,25566,2628,3.0,948209053
3756743,25566,2683,2.0,1044555325
3756744,25566,2700,3.5,1058790672
3756745,25566,2721,5.0,1013636305
3756746,25566,2745,4.0,1028906171
3756747,25566,2762,4.0,1020295664
3756748,25566,2847,3.0,1058790531
3756749,25566,2858,5.0,1044555282
3756750,25566,2872,3.0,948209017
3756751,25566,2890,4.0,1039621414
3756752,25566,2897,4.0,948143784
3756753,25566,2903,1.0,1011895854
3756754,25566,2918,5.0,1044555523
3756755,25566,2927,4.0,948208371
3756756,25566,2941,3.0,1011895828
3756757,25566,2959,4.0,1044555524
3756758,25566,2970,4.0,948209271
3756759,25566,3052,4.0,1058790435
3756760,25566,3060,5.0,1013635865
3756761,25566,3067,4.0,1039620611
3756762,25566,3072,3.0,948142732
3756763,25566,3081,4.0,1011996652
3756764,25566,3088,3.0,948143420
3756765,25566,3094,4.0,948208666
3756766,25566,3114,4.0,1020295676
3756767,25566,3147,4.0,1020295726
3756768,25566,3148,4.0,1052401086
3756769,25566,3153,2.0,948209086
3756770,25566,3160,4.0,1028906201
3756771,25566,3176,4.0,1011996720
3756772,25566,3179,4.0,1040396308
3756773,25566,3259,4.0,948144446
3756774,25566,3296,5.0,1028905806
3756775,25566,3360,4.0,1039620854
3756776,25566,3406,3.0,1015338550
3756777,25566,3448,4.0,1027521905
3756778,25566,3498,4.0,1027521413
3756779,25566,3499,3.0,1013636128
3756780,25566,3706,1.0,1013635745
3756781,25566,3733,5.0,1028905778
3756782,25566,3786,3.0,1011911283
3756783,25566,3811,4.0,1011992930
3756784,25566,3831,2.0,1044381402
3756785,25566,3844,4.0,1011895828
3756786,25566,3950,4.0,1051279009
3756787,25566,3977,2.0,1058790506
3756788,25566,3981,3.0,1044892879
3756789,25566,3993,2.0,1013636165
3756790,25566,3996,4.0,1011993208
3756791,25566,3997,2.0,1045148526
3756792,25566,4010,2.0,1015338527
3756793,25566,4014,4.0,1011996188
3756794,25566,4017,4.0,1027521667
3756795,25566,4027,4.0,1039620720
3756796,25566,4047,3.0,1011993181
3756797,25566,4128,3.0,1011996667
3756798,25566,4152,4.0,1028905733
3756799,25566,4155,3.0,1052401051
3756800,25566,4184,4.0,1015338668
3756801,25566,4223,4.0,1027521461
3756802,25566,4226,3.0,1011911195
3756803,25566,4244,3.0,1044555464
3756804,25566,4282,5.0,1011896105
3756805,25566,4290,4.0,1011895747
3756806,25566,4306,4.0,1020295784
3756807,25566,4308,5.0,1013636128
3756808,25566,4310,4.0,1051023184
3756809,25566,4386,1.0,1044555400
3756810,25566,4427,5.0,1020295726
3756811,25566,4429,3.5,1058363121
3756812,25566,4557,4.0,1011895694
3756813,25566,4612,5.0,1013636026
3756814,25566,4641,3.0,1052401126
3756815,25566,4688,4.0,1044555358
3756816,25566,4743,3.0,1039621018
3756817,25566,4756,3.0,1052854754
3756818,25566,4845,3.0,1043765079
3756819,25566,4849,3.0,1044381355
3756820,25566,4880,4.0,1049917271
3756821,25566,4886,3.0,1013636457
3756822,25566,4896,3.0,1011992634
3756823,25566,4897,4.0,1054048566
3756824,25566,4914,3.0,1011993148
3756825,25566,4951,3.0,1011992668
3756826,25566,4958,3.0,1052854709
3756827,25566,4973,4.0,1044555282
3756828,25566,4979,3.0,1027893571
3756829,25566,4993,4.0,1044555665
3756830,25566,4995,4.0,1013636735
3756831,25566,5010,4.0,1040396308
3756832,25566,5016,4.0,1040229683
3756833,25566,5060,3.0,948144281
3756834,25566,5064,3.0,1045148556
3756835,25566,5095,3.0,1051023130
3756836,25566,5168,3.0,1027893571
3756837,25566,5218,3.0,1044555834
3756838,25566,5267,5.0,1040396229
3756839,25566,5418,4.0,1044555805
3756840,25566,5419,1.0,1044381328
3756841,25566,5420,4.0,1039620303
3756842,25566,5421,4.0,1040396308
3756843,25566,5445,4.0,1043765055
3756844,25566,5449,3.0,1043765105
3756845,25566,5459,3.0,1027893493
3756846,25566,5463,2.0,1045148585
3756847,25566,5479,4.0,1044555834
3756848,25566,5481,2.0,1044555860
3756849,25566,5507,3.0,1044555880
3756850,25566,5610,3.0,1044555860
3756851,25566,5611,4.0,1039621429
3756852,25566,5620,4.0,1044555196
3756853,25566,5666,4.0,1052401086
3756854,25566,5679,4.0,1040229814
3756855,25566,5747,4.0,1039620418
3756856,25566,5816,4.0,1039620778
3756857,25566,5952,4.0,1044555938
3756858,25566,6235,4.0,1049917681
3756859,25566,6539,4.0,1058196757
3756860,25567,19,3.0,829917115
3756861,25567,39,4.0,829917115
3756862,25567,50,5.0,829917117
3756863,25567,150,5.0,829917115
3756864,25567,153,4.0,829917115
3756865,25567,161,5.0,829917115
3756866,25567,165,5.0,829917116
3756867,25567,185,4.0,829917117
3756868,25567,186,4.0,829917117
3756869,25567,193,3.0,829917117
3756870,25567,195,4.0,829917117
3756871,25567,203,4.0,829917117
3756872,25567,216,2.0,829917115
3756873,25567,218,4.0,829917115
3756874,25567,225,5.0,829917116
3756875,25567,230,4.0,829917116
3756876,25567,231,4.0,829917116
3756877,25567,236,4.0,829917116
3756878,25567,237,4.0,829917116
3756879,25567,248,4.0,829917495
3756880,25567,252,3.0,829917116
3756881,25567,253,5.0,829917116
3756882,25567,256,4.0,829917116
3756883,25567,257,3.0,829917116
3756884,25567,266,4.0,829917495
3756885,25567,275,3.0,829917495
3756886,25567,278,3.0,829917495
3756887,25567,282,4.0,829917116
3756888,25567,292,4.0,829917117
3756889,25567,296,5.0,829917117
3756890,25567,300,4.0,829917117
3756891,25567,315,5.0,829917117
3756892,25567,316,4.0,829917117
3756893,25567,317,5.0,829917117
3756894,25567,318,5.0,829917117
3756895,25567,333,5.0,829917117
3756896,25567,339,4.0,829917117
3756897,25567,344,5.0,829917115
3756898,25567,348,4.0,829917115
3756899,25567,349,5.0,829917495
3756900,25567,380,5.0,829917117
3756901,25567,410,4.0,829917115
3756902,25567,420,3.0,829917115
3756903,25567,432,3.0,829917115
3756904,25567,434,4.0,829917115
3756905,25567,437,2.0,829917115
3756906,25567,468,4.0,829917116
3756907,25567,590,5.0,829917116
3756908,25567,592,4.0,829917115
3756909,25568,32,4.0,948598466
3756910,25568,185,4.0,948598227
3756911,25568,260,4.0,947447810
3756912,25568,329,4.0,948598206
3756913,25568,426,3.0,948598178
3756914,25568,480,5.0,948598467
3756915,25568,589,4.0,948597816
3756916,25568,750,3.0,984114989
3756917,25568,780,5.0,948598206
3756918,25568,788,2.0,948598146
3756919,25568,880,2.0,984115231
3756920,25568,924,4.0,948598435
3756921,25568,968,2.0,984115028
3756922,25568,1019,4.0,948598049
3756923,25568,1080,3.0,947447810
3756924,25568,1097,1.0,948597938
3756925,25568,1127,4.0,948597938
3756926,25568,1196,5.0,948597816
3756927,25568,1200,4.0,948597873
3756928,25568,1206,3.0,948597913
3756929,25568,1210,5.0,948597913
3756930,25568,1214,4.0,948597873
3756931,25568,1240,4.0,948597873
3756932,25568,1253,3.0,948597873
3756933,25568,1270,2.0,948597873
3756934,25568,1320,3.0,948598227
3756935,25568,1334,2.0,974001550
3756936,25568,1356,4.0,948598072
3756937,25568,1371,3.0,948598252
3756938,25568,1372,4.0,948598115
3756939,25568,1373,3.0,984115280
3756940,25568,1374,4.0,948597913
3756941,25568,1375,3.0,984115193
3756942,25568,1376,3.0,948597984
3756943,25568,1396,3.0,984115087
3756944,25568,1527,3.0,984115028
3756945,25568,1544,5.0,948598252
3756946,25568,1573,5.0,948598049
3756947,25568,1580,2.0,948598480
3756948,25568,1584,4.0,984114989
3756949,25568,1653,5.0,948597984
3756950,25568,1779,4.0,948598303
3756951,25568,1862,2.0,948598333
3756952,25568,1876,4.0,948598115
3756953,25568,1882,3.0,974001586
3756954,25568,1921,4.0,984115693
3756955,25568,2011,1.0,948598178
3756956,25568,2012,1.0,948598049
3756957,25568,2021,4.0,984115140
3756958,25568,2038,1.0,948598304
3756959,25568,2053,1.0,948598351
3756960,25568,2054,1.0,948598227
3756961,25568,2093,1.0,948598304
3756962,25568,2094,4.0,948598178
3756963,25568,2232,4.0,984115193
3756964,25568,2288,5.0,948597913
3756965,25568,2311,3.0,948597984
3756966,25568,2363,3.0,948598146
3756967,25568,2365,2.0,948598206
3756968,25568,2393,4.0,948598178
3756969,25568,2407,3.0,948598146
3756970,25568,2408,2.0,948598351
3756971,25568,2411,3.0,947447810
3756972,25568,2454,3.0,984115748
3756973,25568,2455,4.0,948598049
3756974,25568,2456,2.0,984115334
3756975,25568,2527,4.0,948598115
3756976,25568,2529,3.0,948598467
3756977,25568,2530,3.0,948598304
3756978,25568,2531,2.0,984115280
3756979,25568,2532,3.0,948598304
3756980,25568,2533,4.0,948598115
3756981,25568,2571,5.0,974001614
3756982,25568,2628,4.0,948597984
3756983,25568,2640,2.0,948598072
3756984,25568,2641,1.0,948598252
3756985,25568,2643,1.0,948598385
3756986,25568,2657,1.0,984115028
3756987,25568,2662,4.0,948597913
3756988,25568,2664,3.0,947447810
3756989,25568,2672,4.0,948598252
3756990,25568,2699,1.0,948598206
3756991,25568,2701,2.0,948598373
3756992,25568,2827,3.0,984115313
3756993,25568,2916,4.0,948597984
3756994,25568,2985,3.0,948597913
3756995,25568,3033,1.0,948598178
3756996,25568,3070,3.0,984115207
3756997,25568,3175,4.0,947447769
3756998,25568,3354,3.0,984115334
3756999,25568,3471,2.0,984114989
3757000,25568,3527,3.0,984115624
3757001,25568,3697,3.0,984115140
3757002,25568,3699,3.0,984115004
3757003,25568,3701,1.0,984115087
3757004,25568,3702,2.0,984115120
3757005,25568,3703,1.0,984115028
3757006,25568,3704,1.0,984115120
3757007,25568,3770,4.0,984115087
3757008,25568,3827,4.0,974001745
3757009,25568,3863,4.0,984115158
3757010,25568,3864,4.0,974001745
3757011,25568,3926,2.0,984115231
3757012,25568,3981,4.0,984115748
3757013,25569,17,3.0,940255954
3757014,25569,28,4.0,984716473
3757015,25569,39,4.0,984716689
3757016,25569,111,4.0,984716622
3757017,25569,123,4.0,984715833
3757018,25569,245,3.0,984716282
3757019,25569,296,3.0,984716473
3757020,25569,334,4.0,984716226
3757021,25569,501,3.0,984716205
3757022,25569,527,3.0,984716350
3757023,25569,541,3.0,984716713
3757024,25569,562,4.0,940255954
3757025,25569,593,3.0,984716429
3757026,25569,608,5.0,984716509
3757027,25569,720,5.0,984716401
3757028,25569,750,5.0,984716509
3757029,25569,899,5.0,984716689
3757030,25569,908,4.0,984716592
3757031,25569,923,4.0,984716451
3757032,25569,924,2.0,984716689
3757033,25569,926,5.0,940255887
3757034,25569,930,3.0,984716622
3757035,25569,942,4.0,943355951
3757036,25569,945,4.0,984716332
3757037,25569,947,3.0,984716451
3757038,25569,950,3.0,984716372
3757039,25569,951,4.0,984716372
3757040,25569,1041,3.0,984716205
3757041,25569,1089,4.0,984716509
3757042,25569,1136,4.0,940255954
3757043,25569,1148,5.0,940255887
3757044,25569,1176,2.0,984716578
3757045,25569,1189,4.0,984716663
3757046,25569,1199,4.0,984716543
3757047,25569,1212,4.0,984716543
3757048,25569,1219,3.0,984716543
3757049,25569,1224,4.0,984716713
3757050,25569,1230,4.0,984716350
3757051,25569,1265,4.0,984716663
3757052,25569,1267,3.0,984716713
3757053,25569,1280,4.0,984716429
3757054,25569,1284,5.0,984716332
3757055,25569,1394,4.0,940255887
3757056,25569,1719,4.0,984716641
3757057,25569,1721,1.0,940256032
3757058,25569,2020,4.0,984716713
3757059,25569,2066,5.0,943355979
3757060,25569,2396,4.0,940255954
3757061,25569,2481,4.0,943355919
3757062,25569,2501,3.0,940256032
3757063,25569,2511,3.0,984716332
3757064,25569,2571,3.0,940256032
3757065,25569,2575,3.0,940255887
3757066,25569,2580,4.0,943355388
3757067,25569,2582,5.0,943355461
3757068,25569,2583,3.0,943356064
3757069,25569,2599,5.0,940255887
3757070,25569,2671,3.0,943355497
3757071,25569,2682,3.0,946609695
3757072,25569,2692,4.0,943356012
3757073,25569,2700,3.0,943355388
3757074,25569,2762,3.0,940076447
3757075,25569,2858,4.0,940076447
3757076,25569,2871,4.0,940255954
3757077,25569,2890,4.0,946609675
3757078,25569,2912,3.0,943355680
3757079,25569,2918,3.0,940255954
3757080,25569,2935,5.0,984716451
3757081,25569,3007,3.0,984716473
3757082,25569,3096,3.0,984716622
3757083,25569,3097,4.0,984716543
3757084,25569,3265,5.0,984716429
3757085,25569,3429,5.0,984716429
3757086,25569,3435,5.0,984716451
3757087,25569,3504,3.0,984716543
3757088,25569,3972,5.0,984716509
3757089,25569,3996,4.0,984716401
3757090,25569,4211,4.0,984716305
3757091,25569,4424,1.0,984716543
3757092,25569,6776,4.5,1072638614
3757093,25569,6779,2.5,1072638620
3757094,25569,6787,4.0,1072638591
3757095,25569,6822,3.0,1072638555
3757096,25569,6832,2.0,1072638537
3757097,25569,6893,3.5,1072638468
3757098,25569,6898,3.5,1072638463
3757099,25569,6947,4.0,1072637947
3757100,25569,6971,5.0,1072638371
3757101,25569,6974,3.0,1072638379
3757102,25569,6993,3.5,1072638327
3757103,25569,6998,4.0,1072638332
3757104,25569,7020,4.0,1072638303
3757105,25569,7046,2.5,1072638268
3757106,25569,7059,3.0,1072638248
3757107,25569,7061,5.0,1072638230
3757108,25569,7084,3.5,1072638161
3757109,25569,7087,4.0,1072638180
3757110,25569,7096,3.5,1072638203
3757111,25569,7101,2.0,1072638137
3757112,25569,7123,2.0,1072638116
3757113,25569,7154,2.0,1072638073
3757114,25569,7156,4.5,1072638066
3757115,25570,1,3.0,1313631972
3757116,25570,7,5.0,1313677206
3757117,25570,11,4.5,1313677955
3757118,25570,24,0.5,1303077442
3757119,25570,39,2.0,1313632364
3757120,25570,47,3.5,1319687910
3757121,25570,74,2.5,1319906298
3757122,25570,88,5.0,1313632351
3757123,25570,110,4.0,1315968046
3757124,25570,135,2.5,1303077599
3757125,25570,141,5.0,1313632200
3757126,25570,186,3.0,1319905222
3757127,25570,193,2.0,1303077538
3757128,25570,195,3.0,1313814287
3757129,25570,207,4.0,1313677909
3757130,25570,216,3.0,1315968761
3757131,25570,224,3.5,1313631162
3757132,25570,231,3.5,1313632626
3757133,25570,236,4.0,1313677089
3757134,25570,273,1.0,1303077500
3757135,25570,289,2.0,1313677256
3757136,25570,293,5.0,1315968542
3757137,25570,318,4.5,1313629941
3757138,25570,333,4.5,1313632573
3757139,25570,337,4.5,1313814684
3757140,25570,339,3.5,1313677008
3757141,25570,351,3.5,1313814266
3757142,25570,356,5.0,1313631265
3757143,25570,380,4.0,1313632576
3757144,25570,441,4.5,1319776243
3757145,25570,453,3.0,1319905228
3757146,25570,499,3.0,1319775823
3757147,25570,500,3.5,1313631310
3757148,25570,520,4.0,1313632523
3757149,25570,539,3.0,1313632080
3757150,25570,542,4.0,1319775369
3757151,25570,543,5.0,1313632541
3757152,25570,590,2.5,1313631277
3757153,25570,595,5.0,1315968667
3757154,25570,597,2.0,1313632044
3757155,25570,605,3.5,1313676993
3757156,25570,653,3.5,1321993371
3757157,25570,691,4.0,1313677013
3757158,25570,708,3.5,1313676640
3757159,25570,719,3.0,1303077438
3757160,25570,733,4.0,1313631329
3757161,25570,802,4.0,1313814270
3757162,25570,858,5.0,1315968449
3757163,25570,899,4.0,1313631921
3757164,25570,917,3.5,1320185889
3757165,25570,920,4.5,1315968415
3757166,25570,954,4.0,1315968472
3757167,25570,955,5.0,1313631484
3757168,25570,1120,3.5,1313632095
3757169,25570,1148,3.0,1313631858
3757170,25570,1197,5.0,1313630600
3757171,25570,1213,4.5,1313630109
3757172,25570,1242,4.5,1315968183
3757173,25570,1246,4.5,1321993579
3757174,25570,1247,2.0,1313631904
3757175,25570,1249,4.5,1313631931
3757176,25570,1259,4.5,1313631553
3757177,25570,1270,3.0,1313631947
3757178,25570,1288,5.0,1313632241
3757179,25570,1307,5.0,1313630590
3757180,25570,1345,0.5,1303077421
3757181,25570,1378,3.0,1303077604
3757182,25570,1393,3.0,1313814261
3757183,25570,1409,4.0,1313677485
3757184,25570,1457,4.0,1313676821
3757185,25570,1463,5.0,1313677759
3757186,25570,1485,4.5,1313632452
3757187,25570,1513,3.0,1303077426
3757188,25570,1569,1.5,1313676922
3757189,25570,1593,2.5,1315572089
3757190,25570,1605,4.0,1313677424
3757191,25570,1680,3.0,1313630335
3757192,25570,1682,4.0,1313630298
3757193,25570,1703,4.0,1319775343
3757194,25570,1704,4.5,1313678243
3757195,25570,1721,4.0,1315968464
3757196,25570,1777,4.5,1319905971
3757197,25570,1784,1.5,1313631992
3757198,25570,1839,4.0,1319775418
3757199,25570,1854,3.0,1313677568
3757200,25570,1880,3.5,1321993405
3757201,25570,1888,3.5,1313677384
3757202,25570,1894,4.0,1313677774
3757203,25570,1895,4.0,1319776396
3757204,25570,1902,3.0,1313677964
3757205,25570,1914,4.0,1328933776
3757206,25570,1923,2.5,1313632315
3757207,25570,1947,5.0,1313629626
3757208,25570,1967,4.0,1313631547
3757209,25570,1968,3.5,1313631793
3757210,25570,2100,3.5,1313677742
3757211,25570,2114,3.5,1313631418
3757212,25570,2125,4.0,1313631471
3757213,25570,2144,3.0,1319776362
3757214,25570,2145,1.5,1313632172
3757215,25570,2231,4.5,1315968943
3757216,25570,2236,3.0,1328934381
3757217,25570,2248,0.5,1303077401
3757218,25570,2291,4.5,1313630165
3757219,25570,2292,3.0,1319905811
3757220,25570,2302,4.0,1313632152
3757221,25570,2315,0.5,1313630784
3757222,25570,2316,4.5,1313677748
3757223,25570,2340,5.0,1319775800
3757224,25570,2385,1.5,1313677942
3757225,25570,2396,4.0,1315968477
3757226,25570,2424,0.5,1313632592
3757227,25570,2432,4.0,1313814246
3757228,25570,2445,3.5,1313677949
3757229,25570,2485,3.5,1313632536
3757230,25570,2496,3.0,1313677736
3757231,25570,2501,4.0,1315968898
3757232,25570,2502,4.5,1313630248
3757233,25570,2506,3.0,1319906591
3757234,25570,2539,5.0,1303077368
3757235,25570,2558,3.0,1315571998
3757236,25570,2565,5.0,1313629670
3757237,25570,2567,3.0,1319775777
3757238,25570,2572,4.0,1313632128
3757239,25570,2574,5.0,1319775374
3757240,25570,2599,4.0,1313630168
3757241,25570,2671,3.5,1313814300
3757242,25570,2677,4.0,1319688510
3757243,25570,2718,5.0,1313629989
3757244,25570,2724,3.0,1313676826
3757245,25570,2762,3.0,1313630964
3757246,25570,2836,4.0,1319776263
3757247,25570,2858,5.0,1313629264
3757248,25570,2881,5.0,1303077480
3757249,25570,2915,3.0,1303077433
3757250,25570,2918,4.0,1313631915
3757251,25570,2941,5.0,1313629640
3757252,25570,2944,1.5,1303077612
3757253,25570,2953,3.5,1313634216
3757254,25570,2959,5.0,1313630105
3757255,25570,2961,3.0,1319775879
3757256,25570,2977,3.5,1319775326
3757257,25570,2978,4.0,1313677533
3757258,25570,3004,3.0,1319906235
3757259,25570,3051,4.5,1313814296
3757260,25570,3068,3.0,1335538652
3757261,25570,3081,2.5,1313630944
3757262,25570,3147,4.0,1313629951
3757263,25570,3148,4.5,1321993478
3757264,25570,3155,2.5,1313632055
3757265,25570,3174,3.0,1319775361
3757266,25570,3225,1.5,1313677216
3757267,25570,3252,5.0,1315968487
3757268,25570,3257,4.0,1313677579
3757269,25570,3275,5.0,1320185871
3757270,25570,3466,5.0,1313629332
3757271,25570,3481,4.0,1313814848
3757272,25570,3510,3.5,1303077495
3757273,25570,3512,2.5,1313677396
3757274,25570,3536,3.5,1313677390
3757275,25570,3552,4.0,1313632279
3757276,25570,3554,4.0,1313677914
3757277,25570,3565,4.0,1313677990
3757278,25570,3578,5.0,1315968189
3757279,25570,3717,3.0,1303077390
3757280,25570,3752,1.5,1313632478
3757281,25570,3824,2.0,1313677588
3757282,25570,3844,4.0,1313814257
3757283,25570,3897,5.0,1313814698
3757284,25570,3911,3.5,1313630145
3757285,25570,3948,3.0,1313632194
3757286,25570,3967,1.5,1313630739
3757287,25570,3969,3.5,1321993588
3757288,25570,3983,4.5,1319596278
3757289,25570,4011,4.5,1313630272
3757290,25570,4014,5.0,1313630546
3757291,25570,4015,2.5,1313632623
3757292,25570,4018,1.0,1313676917
3757293,25570,4022,4.5,1315968483
3757294,25570,4023,4.0,1313677984
3757295,25570,4025,4.5,1313677715
3757296,25570,4027,4.0,1313631938
3757297,25570,4029,5.0,1313814881
3757298,25570,4062,3.0,1313677596
3757299,25570,4069,2.0,1313676790
3757300,25570,4141,1.0,1313677290
3757301,25570,4155,2.5,1313677572
3757302,25570,4228,4.0,1313677766
3757303,25570,4231,4.5,1313676658
3757304,25570,4235,4.5,1319688121
3757305,25570,4239,5.0,1313630400
3757306,25570,4306,4.0,1315968028
3757307,25570,4308,4.5,1319688561
3757308,25570,4317,1.5,1313677222
3757309,25570,4447,3.0,1313632448
3757310,25570,4621,3.5,1319905778
3757311,25570,4639,5.0,1313630575
3757312,25570,4700,4.0,1313632515
3757313,25570,4823,2.5,1315571931
3757314,25570,4878,4.5,1313631019
3757315,25570,4880,4.5,1321155540
3757316,25570,4886,4.0,1313632252
3757317,25570,4890,2.0,1313677997
3757318,25570,4963,4.0,1313632010
3757319,25570,4979,2.5,1313630259
3757320,25570,4992,4.0,1313677210
3757321,25570,4993,1.5,1313631334
3757322,25570,4994,3.5,1319775813
3757323,25570,4995,4.0,1313631026
3757324,25570,5064,4.5,1313631540
3757325,25570,5066,3.5,1313677924
3757326,25570,5077,2.5,1319905193
3757327,25570,5225,4.0,1313631883
3757328,25570,5299,4.5,1313632090
3757329,25570,5324,4.5,1313677475
3757330,25570,5357,4.0,1315969168
3757331,25570,5445,4.5,1333163962
3757332,25570,5499,4.0,1319775381
3757333,25570,5505,3.5,1319668214
3757334,25570,5582,3.5,1313630644
3757335,25570,5620,3.0,1313676837
3757336,25570,5668,3.0,1328933769
3757337,25570,5679,0.5,1313631643
3757338,25570,5878,3.0,1319688896
3757339,25570,5900,4.5,1319775009
3757340,25570,5902,2.0,1319688029
3757341,25570,5943,1.5,1313676765
3757342,25570,5952,1.5,1313631476
3757343,25570,5956,3.5,1335538498
3757344,25570,5957,3.5,1313814420
3757345,25570,5989,4.5,1313631789
3757346,25570,6006,3.0,1319905965
3757347,25570,6155,3.5,1313814415
3757348,25570,6266,3.0,1313677970
3757349,25570,6287,4.5,1313632328
3757350,25570,6367,4.5,1313677429
3757351,25570,6370,5.0,1319776503
3757352,25570,6373,3.5,1313632353
3757353,25570,6377,4.0,1313631935
3757354,25570,6493,2.0,1313677200
3757355,25570,6539,3.0,1315968015
3757356,25570,6593,3.5,1313632395
3757357,25570,6619,1.0,1313677435
3757358,25570,6636,3.5,1319776288
3757359,25570,6711,3.5,1313814875
3757360,25570,6753,3.5,1313631558
3757361,25570,6765,5.0,1313629855
3757362,25570,6785,5.0,1313629658
3757363,25570,6881,2.0,1313814664
3757364,25570,6936,5.0,1313632204
3757365,25570,6942,4.0,1313677724
3757366,25570,6944,4.5,1313632032
3757367,25570,6957,5.0,1313814891
3757368,25570,6992,4.0,1313814241
3757369,25570,6999,5.0,1313629582
3757370,25570,7147,5.0,1313631029
3757371,25570,7149,5.0,1313631180
3757372,25570,7154,4.0,1313677919
3757373,25570,7162,4.5,1315968168
3757374,25570,7169,3.5,1313677414
3757375,25570,7173,1.0,1313677795
3757376,25570,7255,2.0,1313676900
3757377,25570,7293,2.0,1313677099
3757378,25570,7325,5.0,1313632546
3757379,25570,7346,3.5,1319776436
3757380,25570,7361,4.5,1313630341
3757381,25570,7366,1.5,1313632425
3757382,25570,7375,2.5,1313677073
3757383,25570,7444,4.0,1313677418
3757384,25570,7445,5.0,1313977153
3757385,25570,7450,3.5,1313676927
3757386,25570,7451,4.0,1319776731
3757387,25570,7458,4.5,1315968147
3757388,25570,7716,4.0,1319775321
3757389,25570,8366,5.0,1313630617
3757390,25570,8464,4.0,1313631985
3757391,25570,8493,4.0,1315968410
3757392,25570,8529,5.0,1313632133
3757393,25570,8533,4.0,1313677933
3757394,25570,8610,5.0,1319775335
3757395,25570,8614,4.5,1313629595
3757396,25570,8784,5.0,1313630631
3757397,25570,8809,4.5,1313630049
3757398,25570,8866,1.5,1313676911
3757399,25570,8949,2.0,1313630267
3757400,25570,8961,4.0,1313632247
3757401,25570,8967,0.5,1313630791
3757402,25570,8970,4.5,1315968454
3757403,25570,26444,4.5,1313813945
3757404,25570,27808,4.5,1313814276
3757405,25570,27831,4.0,1335538482
3757406,25570,30707,2.5,1313814870
3757407,25570,30810,3.0,1313632007
3757408,25570,30812,4.5,1315968405
3757409,25570,30822,3.5,1319775764
3757410,25570,30898,3.0,1313814252
3757411,25570,31367,4.0,1313678297
3757412,25570,31685,1.5,1313676686
3757413,25570,32587,3.5,1319687991
3757414,25570,32598,3.0,1319905784
3757415,25570,33004,5.0,1313632407
3757416,25570,33145,4.0,1313677480
3757417,25570,33166,3.5,1313631032
3757418,25570,33499,2.5,1313677234
3757419,25570,33660,3.0,1335538826
3757420,25570,33672,4.0,1319776625
3757421,25570,33794,4.0,1335539289
3757422,25570,34162,4.5,1313632188
3757423,25570,34164,4.0,1313630091
3757424,25570,34271,5.0,1319688568
3757425,25570,34321,4.0,1319775399
3757426,25570,34534,4.5,1335538877
3757427,25570,35836,3.0,1313632154
3757428,25570,36525,4.0,1313677111
3757429,25570,37382,4.0,1313629755
3757430,25570,38798,3.0,1313814120
3757431,25570,39449,2.5,1313677401
3757432,25570,40278,3.5,1335538834
3757433,25570,40819,4.0,1319688484
3757434,25570,40826,4.5,1315968575
3757435,25570,41573,4.5,1313632387
3757436,25570,42004,4.0,1313814670
3757437,25570,42007,2.5,1313677104
3757438,25570,43560,5.0,1313632123
3757439,25570,43684,3.0,1313677730
3757440,25570,43936,3.5,1335539121
3757441,25570,44004,3.0,1313676905
3757442,25570,44193,4.0,1313629967
3757443,25570,44195,4.5,1313630278
3757444,25570,44694,4.5,1313814693
3757445,25570,45106,4.0,1313632604
3757446,25570,45501,1.5,1313677285
3757447,25570,45668,3.5,1313677976
3757448,25570,45672,2.5,1313632361
3757449,25570,45726,3.0,1319775883
3757450,25570,46578,5.0,1313629182
3757451,25570,46976,5.0,1313629708
3757452,25570,47423,3.5,1313814704
3757453,25570,47644,4.5,1333163772
3757454,25570,48082,4.0,1319644485
3757455,25570,48394,4.0,1313630352
3757456,25570,48516,4.5,1313676562
3757457,25570,48520,3.0,1319775854
3757458,25570,49272,4.5,1335539275
3757459,25570,49286,4.0,1313676999
3757460,25570,49530,5.0,1315968175
3757461,25570,50685,4.0,1313814853
3757462,25570,50792,4.0,1313677093
3757463,25570,50802,3.0,1313677025
3757464,25570,51084,3.5,1313632487
3757465,25570,51091,4.0,1319688835
3757466,25570,51662,4.0,1315968161
3757467,25570,51935,4.5,1335538939
3757468,25570,52973,4.0,1313814885
3757469,25570,53123,5.0,1313814857
3757470,25570,53972,4.0,1313632116
3757471,25570,54190,4.5,1319688932
3757472,25570,54276,3.0,1313677019
3757473,25570,54281,4.0,1319776329
3757474,25570,54286,4.5,1335539036
3757475,25570,54503,4.5,1313632014
3757476,25570,54513,4.5,1319775391
3757477,25570,54736,4.0,1335539015
3757478,25570,54962,4.0,1315967828
3757479,25570,55267,5.0,1313629142
3757480,25570,55274,4.5,1315968155
3757481,25570,55765,5.0,1335537947
3757482,25570,56367,3.0,1313631892
3757483,25570,56607,3.0,1328934407
3757484,25570,56715,5.0,1313630301
3757485,25570,56788,4.0,1335538841
3757486,25570,56949,3.5,1313676709
3757487,25570,58047,4.5,1313677240
3757488,25570,58162,4.5,1319905771
3757489,25570,58559,4.0,1315968459
3757490,25570,58998,5.0,1313632036
3757491,25570,59143,4.0,1313813956
3757492,25570,59333,2.0,1313676847
3757493,25570,59369,3.5,1313813959
3757494,25570,59421,3.0,1319905151
3757495,25570,59985,5.0,1319775348
3757496,25570,60684,1.5,1313814481
3757497,25570,60756,4.0,1313632559
3757498,25570,61024,2.0,1313632164
3757499,25570,61071,3.0,1313677937
3757500,25570,62155,4.0,1319776304
3757501,25570,63113,4.5,1335539279
3757502,25570,63131,4.0,1313631812
3757503,25570,64614,4.0,1313814688
3757504,25570,65230,4.0,1333157593
3757505,25570,65612,4.5,1315571732
3757506,25570,66203,2.0,1313676895
3757507,25570,66509,3.5,1319775771
3757508,25570,66665,5.0,1319500301
3757509,25570,67087,4.0,1313632039
3757510,25570,67267,3.5,1313814677
3757511,25570,67618,4.0,1313814017
3757512,25570,67734,4.5,1319775889
3757513,25570,67788,4.0,1313677540
3757514,25570,69122,4.0,1313631998
3757515,25570,69253,1.5,1313677246
3757516,25570,69406,4.0,1313632073
3757517,25570,69606,3.5,1313677078
3757518,25570,69757,4.0,1315572077
3757519,25570,70183,3.5,1313677084
3757520,25570,70599,4.5,1315968845
3757521,25570,72641,4.5,1313814069
3757522,25570,72919,2.0,1313677602
3757523,25570,73015,5.0,1313629689
3757524,25570,74688,3.0,1313677928
3757525,25570,74946,3.5,1313814429
3757526,25570,76093,5.0,1313631368
3757527,25570,76293,3.5,1313632370
3757528,25570,77866,4.0,1315968398
3757529,25570,78499,1.5,1313631853
3757530,25570,79242,4.5,1313631797
3757531,25570,80166,3.0,1313632238
3757532,25570,80549,4.5,1319776229
3757533,25570,80693,5.0,1313629728
3757534,25570,80860,3.5,1313814290
3757535,25570,81784,3.5,1319775662
3757536,25570,81932,4.0,1333163743
3757537,25570,82167,2.0,1313814502
3757538,25570,84152,4.5,1333163723
3757539,25570,84374,2.0,1313676935
3757540,25570,86817,3.5,1333163826
3757541,25570,87485,3.0,1313631073
3757542,25570,87522,4.0,1315571645
3757543,25570,87869,4.0,1313813999
3757544,25570,88163,4.0,1313813976
3757545,25570,89492,4.0,1320185796
3757546,25570,89864,4.5,1328934049
3757547,25570,91079,4.5,1333163842
3757548,25571,110,5.0,1378637837
3757549,25571,296,4.5,1378637673
3757550,25571,318,4.5,1378637646
3757551,25571,356,4.0,1378637668
3757552,25571,367,4.5,1378719252
3757553,25571,500,4.5,1378637997
3757554,25571,527,4.5,1378637958
3757555,25571,593,4.0,1378637657
3757556,25571,858,4.5,1378719222
3757557,25571,904,4.0,1378638199
3757558,25571,1172,4.5,1378719056
3757559,25571,2023,5.0,1378638325
3757560,25571,2028,4.0,1378637976
3757561,25571,2116,5.0,1378637375
3757562,25571,2571,5.0,1378637422
3757563,25571,2762,5.0,1378637979
3757564,25571,3147,4.5,1378719017
3757565,25571,3252,5.0,1378635651
3757566,25571,3578,5.0,1378638009
3757567,25571,4226,4.0,1378718986
3757568,25571,4306,4.5,1378719263
3757569,25571,4993,5.0,1378637372
3757570,25571,5618,2.0,1378719005
3757571,25571,5952,5.0,1378637386
3757572,25571,6365,5.0,1378637402
3757573,25571,6934,5.0,1378637422
3757574,25571,7153,5.0,1378637380
3757575,25571,8360,5.0,1378638279
3757576,25571,30707,5.0,1378638913
3757577,25571,48516,4.0,1378637569
3757578,25571,60069,4.0,1378719032
3757579,25571,64614,5.0,1378637496
3757580,25571,79132,4.5,1378718435
3757581,25571,91500,4.5,1378637852
3757582,25572,10,3.0,837582868
3757583,25572,11,3.0,837583092
3757584,25572,17,4.0,837583233
3757585,25572,31,3.0,837667183
3757586,25572,79,3.0,837666464
3757587,25572,110,4.0,837582900
3757588,25572,150,3.0,837582723
3757589,25572,161,4.0,837582839
3757590,25572,165,5.0,837582775
3757591,25572,173,3.0,837583046
3757592,25572,185,3.0,837582868
3757593,25572,208,4.0,837582868
3757594,25572,218,4.0,837667424
3757595,25572,222,5.0,837667441
3757596,25572,224,3.0,837667183
3757597,25572,225,3.0,837582923
3757598,25572,231,1.0,837582804
3757599,25572,237,3.0,837667216
3757600,25572,249,4.0,837667528
3757601,25572,252,1.0,837583201
3757602,25572,266,4.0,837583024
3757603,25572,273,3.0,837667216
3757604,25572,288,3.0,837582900
3757605,25572,296,3.0,837582723
3757606,25572,316,4.0,837582804
3757607,25572,317,1.0,837582960
3757608,25572,318,5.0,837582804
3757609,25572,329,3.0,837582804
3757610,25572,339,4.0,837582868
3757611,25572,342,3.0,837667399
3757612,25572,349,3.0,837582776
3757613,25572,350,3.0,837583092
3757614,25572,351,3.0,837667574
3757615,25572,356,3.0,837582923
3757616,25572,357,5.0,837583201
3757617,25572,364,4.0,837582960
3757618,25572,376,4.0,837667475
3757619,25572,377,4.0,837583024
3757620,25572,380,3.0,837582723
3757621,25572,381,3.0,837667424
3757622,25572,410,3.0,837582900
3757623,25572,434,3.0,837582839
3757624,25572,440,3.0,837583046
3757625,25572,454,3.0,837582923
3757626,25572,457,4.0,837582839
3757627,25572,474,3.0,837667147
3757628,25572,480,3.0,837582922
3757629,25572,497,4.0,837667350
3757630,25572,500,3.0,837583046
3757631,25572,508,4.0,837667199
3757632,25572,509,4.0,837667121
3757633,25572,515,3.0,837667232
3757634,25572,527,5.0,837583068
3757635,25572,534,3.0,837667620
3757636,25572,539,4.0,837583068
3757637,25572,553,3.0,837583068
3757638,25572,555,4.0,837667164
3757639,25572,586,2.0,837583092
3757640,25572,587,3.0,837583067
3757641,25572,589,4.0,837582990
3757642,25572,590,5.0,837582723
3757643,25572,592,2.0,837582723
3757644,25572,593,5.0,837582839
3757645,25572,594,3.0,837667399
3757646,25572,595,3.0,837582804
3757647,25572,597,4.0,837583092
3757648,25572,616,4.0,837667528
3757649,25573,105,4.5,1086203556
3757650,25573,543,5.0,1086203526
3757651,25573,1199,2.0,1086203515
3757652,25573,1207,3.5,1086203529
3757653,25573,1358,4.5,1086203897
3757654,25573,1405,0.5,1086203643
3757655,25573,1625,5.0,1086203571
3757656,25573,1645,4.5,1086203608
3757657,25573,1680,5.0,1086204019
3757658,25573,2248,4.5,1086203631
3757659,25573,2329,4.5,1086203638
3757660,25573,2683,4.0,1086203906
3757661,25573,2762,5.0,1086203909
3757662,25573,2770,3.5,1086203586
3757663,25573,2804,5.0,1086203536
3757664,25573,3101,3.5,1086203569
3757665,25573,3114,4.5,1086203912
3757666,25573,3244,5.0,1086203843
3757667,25573,3481,4.0,1086203520
3757668,25573,3977,3.5,1086203596
3757669,25573,4027,4.5,1086203575
3757670,25573,6217,0.5,1086204100
3757671,25573,7158,5.0,1086203994
3757672,25573,7444,5.0,1086203870
3757673,25574,70,4.0,1203803830
3757674,25574,260,0.5,1203803304
3757675,25574,318,4.0,1203803620
3757676,25574,356,2.5,1203803930
3757677,25574,480,2.0,1203803937
3757678,25574,519,0.5,1203802512
3757679,25574,592,4.0,1203803309
3757680,25574,593,5.0,1203803297
3757681,25574,750,5.0,1203803498
3757682,25574,799,2.0,1203802416
3757683,25574,858,3.0,1203803505
3757684,25574,904,4.5,1203803895
3757685,25574,1089,3.0,1203803842
3757686,25574,1206,4.5,1203803552
3757687,25574,1210,0.5,1203803332
3757688,25574,1222,5.0,1203803561
3757689,25574,1258,4.5,1203803578
3757690,25574,1270,4.5,1203803361
3757691,25574,1464,4.0,1203803486
3757692,25574,1591,1.5,1203802499
3757693,25574,1732,5.0,1203804009
3757694,25574,1970,3.0,1203802647
3757695,25574,1974,3.5,1203802590
3757696,25574,2009,4.5,1203802570
3757697,25574,2076,4.5,1203803446
3757698,25574,2087,4.0,1203802430
3757699,25574,2109,4.0,1203802421
3757700,25574,2152,0.5,1203802851
3757701,25574,2313,4.5,1203803441
3757702,25574,2450,4.5,1203802565
3757703,25574,2616,2.5,1203802466
3757704,25574,2707,4.5,1203804016
3757705,25574,2726,5.0,1203802699
3757706,25574,2730,4.0,1203803597
3757707,25574,3016,4.5,1203803647
3757708,25574,3262,5.0,1203803456
3757709,25574,3430,5.0,1203803684
3757710,25574,3431,3.5,1203803692
3757711,25574,3432,4.0,1203803689
3757712,25574,3450,3.5,1203802482
3757713,25574,3494,4.5,1203803987
3757714,25574,3676,4.5,1203803450
3757715,25574,3741,4.5,1203803765
3757716,25574,3917,5.0,1203802656
3757717,25574,4678,5.0,1203803720
3757718,25574,4748,0.5,1203802848
3757719,25574,4855,5.0,1203803677
3757720,25574,6874,2.0,1203803826
3757721,25574,7438,2.0,1203803828
3757722,25574,8042,4.5,1203804133
3757723,25574,32587,2.0,1203803859
3757724,25574,42723,3.0,1203802833
3757725,25574,55820,2.0,1203804030
3757726,25574,57528,4.5,1203803709
3757727,25575,47,4.5,1224107640
3757728,25575,50,4.0,1224107374
3757729,25575,110,4.5,1224107574
3757730,25575,293,4.5,1224107636
3757731,25575,296,4.5,1224107672
3757732,25575,318,5.0,1224107367
3757733,25575,419,2.5,1224107003
3757734,25575,428,4.0,1224107001
3757735,25575,527,4.5,1224107365
3757736,25575,858,4.5,1224107362
3757737,25575,1089,4.5,1224107748
3757738,25575,1201,4.5,1224107679
3757739,25575,1213,4.5,1224107632
3757740,25575,1221,4.5,1224107623
3757741,25575,1242,4.5,1224107696
3757742,25575,1359,1.5,1224107133
3757743,25575,1586,4.0,1224106938
3757744,25575,1627,2.5,1224107176
3757745,25575,1754,3.0,1224107106
3757746,25575,2028,4.5,1224107760
3757747,25575,2329,5.0,1224107506
3757748,25575,2378,1.5,1224106972
3757749,25575,2542,4.5,1224107699
3757750,25575,2571,4.5,1224107528
3757751,25575,2949,3.0,1224106940
3757752,25575,2959,4.5,1224107578
3757753,25575,3275,3.5,1224107415
3757754,25575,3534,2.5,1224107033
3757755,25575,3578,3.5,1224107432
3757756,25575,3984,3.0,1224107046
3757757,25575,4011,4.5,1224107570
3757758,25575,4226,4.5,1224107572
3757759,25575,4973,4.5,1224107693
3757760,25575,4993,5.0,1224107567
3757761,25575,5418,4.0,1224107558
3757762,25575,5903,4.5,1224107458
3757763,25575,5952,4.5,1224107533
3757764,25575,6953,4.0,1224107478
3757765,25575,7153,4.5,1224107555
3757766,25575,8132,4.0,1224107295
3757767,25575,8361,3.0,1224107043
3757768,25575,8665,4.0,1224107450
3757769,25575,30749,5.0,1224107523
3757770,25575,34405,4.0,1224107051
3757771,25575,44665,4.5,1224107508
3757772,25575,45447,3.0,1224107146
3757773,25575,48516,4.5,1224107504
3757774,25575,48780,4.0,1224107517
3757775,25575,49272,4.0,1224107561
3757776,25575,49530,4.5,1224107521
3757777,25575,53972,4.0,1224107281
3757778,25575,54286,4.0,1224107501
3757779,25575,55820,4.5,1224107772
3757780,25575,58559,3.0,1224107357
3757781,25575,59315,4.5,1224107496
3757782,25575,60069,4.5,1224107627
3757783,25576,34,5.0,839280487
3757784,25576,39,4.0,839280519
3757785,25576,150,5.0,839280444
3757786,25576,161,4.0,839280506
3757787,25576,252,3.0,839280559
3757788,25576,318,5.0,839280520
3757789,25576,329,3.0,839280536
3757790,25576,339,5.0,839280506
3757791,25576,349,4.0,839280520
3757792,25576,356,5.0,839280559
3757793,25576,361,3.0,839280487
3757794,25576,377,5.0,839280520
3757795,25576,380,4.0,839280444
3757796,25576,440,5.0,839280470
3757797,25576,457,5.0,839280470
3757798,25576,474,3.0,839280506
3757799,25576,480,5.0,839280536
3757800,25576,539,5.0,839280536
3757801,25576,585,3.0,839280487
3757802,25576,589,4.0,839280519
3757803,25576,590,2.0,839280444
3757804,25576,592,2.0,839280444
3757805,25576,733,5.0,839280506
3757806,25576,736,5.0,839280506
3757807,25577,1,4.0,954272995
3757808,25577,2,3.0,954457409
3757809,25577,17,3.0,954272858
3757810,25577,25,4.0,954863833
3757811,25577,26,4.0,956159225
3757812,25577,29,3.0,954437411
3757813,25577,34,4.0,954272682
3757814,25577,48,1.0,985436941
3757815,25577,50,4.0,954272682
3757816,25577,52,5.0,954457873
3757817,25577,60,3.0,954299714
3757818,25577,70,5.0,1050708232
3757819,25577,104,4.0,993917239
3757820,25577,123,5.0,954271502
3757821,25577,150,2.0,954273135
3757822,25577,156,2.0,993917292
3757823,25577,180,5.0,993917263
3757824,25577,224,4.0,959898682
3757825,25577,229,4.0,954271591
3757826,25577,231,4.0,993917215
3757827,25577,232,4.0,986896628
3757828,25577,246,2.0,959898862
3757829,25577,247,4.0,954280386
3757830,25577,255,3.0,1008092478
3757831,25577,265,4.0,985435972
3757832,25577,300,5.0,954269610
3757833,25577,306,4.0,955152239
3757834,25577,312,3.0,954299329
3757835,25577,314,3.0,954437475
3757836,25577,319,3.0,954346686
3757837,25577,335,3.0,954549981
3757838,25577,348,4.0,993917239
3757839,25577,357,3.0,993917116
3757840,25577,364,2.0,954298385
3757841,25577,367,4.0,954280324
3757842,25577,369,2.0,959698736
3757843,25577,377,4.0,954346836
3757844,25577,417,2.0,959698626
3757845,25577,457,4.0,954272995
3757846,25577,471,5.0,1050708173
3757847,25577,473,3.0,988676804
3757848,25577,497,4.0,1050707879
3757849,25577,513,3.0,954473316
3757850,25577,514,3.0,954457242
3757851,25577,518,4.0,954457679
3757852,25577,527,3.0,954272744
3757853,25577,543,4.0,1050708308
3757854,25577,588,3.0,985436804
3757855,25577,593,3.0,988676671
3757856,25577,595,4.0,954298288
3757857,25577,608,4.0,954272744
3757858,25577,633,5.0,954270182
3757859,25577,663,3.0,954272858
3757860,25577,678,4.0,954272682
3757861,25577,705,4.0,954280135
3757862,25577,714,5.0,954272858
3757863,25577,720,5.0,988676691
3757864,25577,735,4.0,959898750
3757865,25577,745,5.0,954272231
3757866,25577,783,2.0,954458201
3757867,25577,858,3.0,954437585
3757868,25577,899,3.0,988676826
3757869,25577,903,4.0,954346581
3757870,25577,904,4.0,954346646
3757871,25577,908,4.0,954346581
3757872,25577,910,3.0,954299295
3757873,25577,912,4.0,954459530
3757874,25577,913,4.0,985436521
3757875,25577,916,3.0,954299329
3757876,25577,919,4.0,954437411
3757877,25577,923,5.0,955152239
3757878,25577,924,3.0,954346789
3757879,25577,928,4.0,954346686
3757880,25577,930,4.0,954297998
3757881,25577,933,4.0,954457021
3757882,25577,935,4.0,988676632
3757883,25577,945,4.0,955152239
3757884,25577,951,4.0,954299295
3757885,25577,1025,4.0,954458156
3757886,25577,1030,4.0,954458201
3757887,25577,1032,4.0,954298288
3757888,25577,1036,3.0,954346743
3757889,25577,1045,3.0,1008092493
3757890,25577,1047,4.0,954297893
3757891,25577,1057,2.0,1050708418
3757892,25577,1073,4.0,954280386
3757893,25577,1080,4.0,954457080
3757894,25577,1089,2.0,954272812
3757895,25577,1136,4.0,954299243
3757896,25577,1148,5.0,954272611
3757897,25577,1172,5.0,988677026
3757898,25577,1175,5.0,1050707930
3757899,25577,1197,4.0,954437443
3757900,25577,1199,4.0,1018312920
3757901,25577,1218,3.0,954457762
3757902,25577,1219,4.0,954280211
3757903,25577,1220,4.0,1000941160
3757904,25577,1221,3.0,954437585
3757905,25577,1223,5.0,954272366
3757906,25577,1226,4.0,988676691
3757907,25577,1230,3.0,954269693
3757908,25577,1235,5.0,954280039
3757909,25577,1243,4.0,954380007
3757910,25577,1247,5.0,954279704
3757911,25577,1252,3.0,987864685
3757912,25577,1256,4.0,993916948
3757913,25577,1257,5.0,954271234
3757914,25577,1265,5.0,954273135
3757915,25577,1269,5.0,954457204
3757916,25577,1270,5.0,954269610
3757917,25577,1274,3.0,954458076
3757918,25577,1278,5.0,954280211
3757919,25577,1282,4.0,954298164
3757920,25577,1304,3.0,954457021
3757921,25577,1307,4.0,954864060
3757922,25577,1358,4.0,954272785
3757923,25577,1370,5.0,954279992
3757924,25577,1393,2.0,954864060
3757925,25577,1394,5.0,954299295
3757926,25577,1405,4.0,954298469
3757927,25577,1441,5.0,1050708353
3757928,25577,1500,4.0,954437686
3757929,25577,1517,4.0,954297785
3757930,25577,1527,5.0,954299173
3757931,25577,1535,3.0,988676990
3757932,25577,1539,3.0,954437686
3757933,25577,1541,5.0,954863703
3757934,25577,1585,5.0,954279887
3757935,25577,1597,5.0,1050709997
3757936,25577,1610,4.0,954346836
3757937,25577,1625,5.0,1050709269
3757938,25577,1640,2.0,993917015
3757939,25577,1641,4.0,993917065
3757940,25577,1654,3.0,954299714
3757941,25577,1658,5.0,954863474
3757942,25577,1682,4.0,954272167
3757943,25577,1689,4.0,1050709312
3757944,25577,1732,5.0,954271628
3757945,25577,1747,3.0,993917085
3757946,25577,1772,5.0,1000941160
3757947,25577,1784,4.0,993917145
3757948,25577,1793,5.0,954271395
3757949,25577,1824,2.0,954271433
3757950,25577,1834,5.0,956159194
3757951,25577,1848,3.0,954299638
3757952,25577,1870,4.0,954457159
3757953,25577,1874,4.0,986608416
3757954,25577,1885,3.0,954457080
3757955,25577,1904,2.0,993917049
3757956,25577,1906,2.0,954863883
3757957,25577,1916,4.0,988676575
3757958,25577,1923,4.0,993917145
3757959,25577,1945,3.0,954437651
3757960,25577,1967,4.0,954457409
3757961,25577,2010,3.0,955152271
3757962,25577,2015,4.0,954299638
3757963,25577,2021,3.0,985436993
3757964,25577,2043,4.0,985436993
3757965,25577,2064,4.0,1050707855
3757966,25577,2065,4.0,1050708117
3757967,25577,2078,4.0,954298228
3757968,25577,2080,3.0,954458076
3757969,25577,2081,3.0,954298288
3757970,25577,2085,3.0,954298164
3757971,25577,2087,4.0,954298288
3757972,25577,2089,3.0,954458076
3757973,25577,2092,2.0,954458156
3757974,25577,2096,3.0,954298385
3757975,25577,2108,5.0,1050707941
3757976,25577,2109,5.0,1008092478
3757977,25577,2116,2.0,954298343
3757978,25577,2128,3.0,987864662
3757979,25577,2137,3.0,954298343
3757980,25577,2139,4.0,954298385
3757981,25577,2143,2.0,954299714
3757982,25577,2155,2.0,993917263
3757983,25577,2161,4.0,954299638
3757984,25577,2170,2.0,954269693
3757985,25577,2174,5.0,954280324
3757986,25577,2248,4.0,954457204
3757987,25577,2289,5.0,954457116
3757988,25577,2318,2.0,993917085
3757989,25577,2321,3.0,993917239
3757990,25577,2325,4.0,1050708246
3757991,25577,2337,3.0,954271665
3757992,25577,2353,3.0,954346865
3757993,25577,2355,2.0,954298343
3757994,25577,2359,4.0,954272858
3757995,25577,2391,2.0,954346743
3757996,25577,2395,2.0,988676881
3757997,25577,2490,3.0,954346743
3757998,25577,2496,2.0,993917239
3757999,25577,2502,5.0,954270144
3758000,25577,2505,2.0,954269610
3758001,25577,2507,5.0,954897517
3758002,25577,2542,1.0,993917116
3758003,25577,2560,1.0,954271335
3758004,25577,2562,4.0,959698564
3758005,25577,2571,4.0,954346744
3758006,25577,2572,2.0,954863874
3758007,25577,2581,1.0,954279793
3758008,25577,2599,2.0,954273026
3758009,25577,2622,4.0,954280386
3758010,25577,2657,5.0,954271868
3758011,25577,2683,2.0,954297785
3758012,25577,2692,5.0,959698687
3758013,25577,2696,4.0,985436030
3758014,25577,2700,2.0,954298426
3758015,25577,2702,2.0,954346341
3758016,25577,2706,5.0,954271766
3758017,25577,2712,1.0,954271205
3758018,25577,2715,3.0,959698661
3758019,25577,2716,4.0,954299477
3758020,25577,2718,5.0,1050708211
3758021,25577,2723,4.0,954279614
3758022,25577,2747,5.0,1050708156
3758023,25577,2763,2.0,954279576
3758024,25577,2770,3.0,954279576
3758025,25577,2774,4.0,959698592
3758026,25577,2788,4.0,988676881
3758027,25577,2791,4.0,1050708075
3758028,25577,2804,5.0,1000941413
3758029,25577,2829,4.0,954271803
3758030,25577,2840,3.0,954279614
3758031,25577,2841,4.0,954279576
3758032,25577,2858,1.0,964404642
3758033,25577,2973,4.0,954863301
3758034,25577,2974,3.0,954550281
3758035,25577,2987,4.0,954297998
3758036,25577,2997,3.0,959698507
3758037,25577,3005,2.0,954271271
3758038,25577,3034,4.0,954298288
3758039,25577,3037,4.0,1050707844
3758040,25577,3046,4.0,1008092537
3758041,25577,3052,5.0,964404736
3758042,25577,3081,4.0,964404805
3758043,25577,3090,5.0,988676632
3758044,25577,3114,5.0,985436661
3758045,25577,3147,2.0,964404736
3758046,25577,3174,5.0,954272117
3758047,25577,3176,4.0,964404805
3758048,25577,3186,2.0,964404736
3758049,25577,3210,4.0,1050708096
3758050,25577,3247,4.0,1050708353
3758051,25577,3261,3.0,993917269
3758052,25577,3273,3.0,954272076
3758053,25577,3355,1.0,954270053
3758054,25577,3429,5.0,959698533
3758055,25577,3448,3.0,954269938
3758056,25577,3450,2.0,954269938
3758057,25577,3451,4.0,954269938
3758058,25577,3452,4.0,954379729
3758059,25577,3461,2.0,954346646
3758060,25577,3476,3.0,954299477
3758061,25577,3477,4.0,954269872
3758062,25577,3478,3.0,955151968
3758063,25577,3481,4.0,1050708038
3758064,25577,3499,3.0,954280247
3758065,25577,3508,4.0,988676575
3758066,25577,3545,3.0,955152014
3758067,25577,3725,5.0,985436661
3758068,25577,3751,5.0,985436661
3758069,25577,3858,4.0,985435859
3758070,25577,3895,3.0,987813859
3758071,25577,3897,4.0,986896592
3758072,25577,3952,4.0,988662081
3758073,25577,3975,2.0,987864708
3758074,25577,4014,5.0,1000941012
3758075,25577,4016,1.0,985436804
3758076,25577,4027,5.0,985435678
3758077,25577,4029,4.0,993916849
3758078,25577,4085,3.0,988676826
3758079,25577,4226,4.0,1000941075
3758080,25577,4235,3.0,1005672923
3758081,25577,4239,4.0,990827875
3758082,25577,4267,5.0,1008092383
3758083,25577,4641,4.0,1018312991
3758084,25577,4642,5.0,1018312939
3758085,25577,4733,4.0,1050708468
3758086,25577,4878,4.0,1050709269
3758087,25577,4879,4.0,1050707814
3758088,25577,4881,2.5,1087680322
3758089,25577,4969,5.0,1050709269
3758090,25577,4973,5.0,1050707865
3758091,25577,4996,5.0,1050708075
3758092,25577,5095,5.0,1050708246
3758093,25577,5299,4.0,1050707617
3758094,25577,5319,4.0,1050709312
3758095,25577,5417,4.0,1052684219
3758096,25577,5528,4.0,1050707673
3758097,25577,5530,2.0,1050707726
3758098,25577,5613,2.0,1050707695
3758099,25577,5630,3.0,1052684309
3758100,25577,5650,4.0,1050708339
3758101,25577,5679,3.0,1052684295
3758102,25577,5991,4.0,1050708270
3758103,25577,6220,4.0,1050708954
3758104,25577,6539,4.0,1087680309
3758105,25577,7137,5.0,1087680126
3758106,25578,1,3.0,980540884
3758107,25578,6,1.0,980540373
3758108,25578,10,3.0,980540443
3758109,25578,20,3.0,980540710
3758110,25578,34,4.0,980540912
3758111,25578,36,3.0,980540860
3758112,25578,42,4.0,980540585
3758113,25578,110,5.0,980540343
3758114,25578,145,4.0,980540373
3758115,25578,165,3.0,980540471
3758116,25578,208,2.0,980540690
3758117,25578,288,4.0,980540471
3758118,25578,292,4.0,980540398
3758119,25578,296,4.0,980540780
3758120,25578,316,3.0,980540585
3758121,25578,318,5.0,980540794
3758122,25578,353,4.0,980540519
3758123,25578,379,1.0,980540670
3758124,25578,457,4.0,980540343
3758125,25578,480,3.0,980540373
3758126,25578,485,3.0,980540739
3758127,25578,493,4.0,980540373
3758128,25578,494,4.0,980540519
3758129,25578,527,5.0,980540780
3758130,25578,541,4.0,980540959
3758131,25578,589,3.0,980540315
3758132,25578,593,5.0,980540038
3758133,25578,608,4.0,980540811
3758134,25578,648,4.0,980540495
3758135,25578,733,4.0,980540398
3758136,25578,736,4.0,980540611
3758137,25578,786,4.0,980540725
3758138,25578,998,4.0,980540471
3758139,25578,1036,4.0,980541104
3758140,25578,1037,3.0,980540629
3758141,25578,1047,4.0,980540569
3758142,25578,1049,3.0,980540569
3758143,25578,1089,3.0,980540825
3758144,25578,1097,4.0,980540959
3758145,25578,1196,4.0,980541002
3758146,25578,1197,3.0,980540959
3758147,25578,1198,4.0,980540974
3758148,25578,1210,4.0,980540098
3758149,25578,1213,4.0,980540884
3758150,25578,1225,4.0,980540959
3758151,25578,1240,4.0,980541002
3758152,25578,1242,5.0,980541002
3758153,25578,1259,4.0,980541002
3758154,25578,1270,4.0,980541041
3758155,25578,1299,5.0,980541002
3758156,25578,1300,3.0,980541002
3758157,25578,1320,1.0,980540670
3758158,25578,1356,4.0,980540427
3758159,25578,1370,3.0,980540398
3758160,25578,1372,4.0,980540471
3758161,25578,1385,3.0,980540569
3758162,25578,1391,1.0,980540670
3758163,25578,1527,2.0,980540427
3758164,25578,1573,3.0,980540427
3758165,25578,1586,5.0,980540569
3758166,25578,1617,1.0,980540811
3758167,25578,1627,4.0,980540471
3758168,25578,1704,4.0,980540884
3758169,25578,1722,3.0,980540495
3758170,25578,1754,4.0,980540569
3758171,25578,1769,4.0,980540651
3758172,25578,1785,2.0,980540443
3758173,25578,1825,3.0,980540690
3758174,25578,1831,2.0,980540725
3758175,25578,1876,4.0,980540519
3758176,25578,1917,4.0,980540651
3758177,25578,1960,5.0,980541104
3758178,25578,1968,5.0,980541104
3758179,25578,2002,3.0,980540519
3758180,25578,2058,4.0,980540373
3758181,25578,2126,1.0,980540629
3758182,25578,2132,3.0,980540098
3758183,25578,2139,4.0,980541104
3758184,25578,2167,3.0,980540495
3758185,25578,2273,4.0,980540542
3758186,25578,2353,4.0,980540398
3758187,25578,2396,3.0,980540847
3758188,25578,2416,3.0,980540098
3758189,25578,2540,4.0,980540651
3758190,25578,2571,5.0,980540315
3758191,25578,2616,1.0,980540542
3758192,25578,2617,2.0,980540611
3758193,25578,2628,3.0,980540542
3758194,25578,2643,3.0,980540058
3758195,25578,2699,3.0,980540471
3758196,25578,2762,5.0,980540847
3758197,25578,2763,3.0,980540519
3758198,25578,2791,4.0,980541104
3758199,25578,2804,4.0,980540938
3758200,25578,2812,2.0,980540343
3758201,25578,2826,3.0,980540611
3758202,25578,2858,4.0,980540780
3758203,25578,2881,2.0,980540651
3758204,25578,2916,3.0,980540427
3758205,25578,2918,5.0,980541041
3758206,25578,3107,4.0,980540427
3758207,25578,3113,3.0,980540710
3758208,25578,3246,4.0,980540098
3758209,25578,3274,4.0,980540495
3758210,25578,3360,4.0,980541104
3758211,25578,3418,4.0,980540343
3758212,25578,3424,4.0,980540974
3758213,25578,3436,3.0,980540098
3758214,25578,3526,4.0,980541041
3758215,25578,3696,3.0,980541041
3758216,25578,3697,2.0,980540611
3758217,25578,3996,5.0,980540162
3758218,25578,4011,5.0,980540162
3758219,25578,4030,4.0,980540202
3758220,25578,4034,4.0,980540162
3758221,25578,4095,5.0,980541104
3758222,25578,4116,4.0,980541104
3758223,25579,593,5.0,1047140283
3758224,25579,1193,2.0,1051017099
3758225,25579,1210,5.0,1047140028
3758226,25579,1777,3.5,1167080163
3758227,25579,1792,3.0,1047140085
3758228,25579,1909,5.0,1167080242
3758229,25579,1923,5.0,1047140256
3758230,25579,2376,4.0,1047140153
3758231,25579,2542,4.5,1167080187
3758232,25579,3005,5.0,1047140334
3758233,25579,3072,3.0,1051017099
3758234,25579,3298,5.0,1047140238
3758235,25579,3994,4.0,1167080257
3758236,25579,4214,3.0,1047140182
3758237,25579,5378,5.0,1167080204
3758238,25579,34326,2.0,1167085647
3758239,25579,34523,4.0,1167084746
3758240,25579,34528,3.0,1167085139
3758241,25579,36509,4.0,1167085949
3758242,25579,37386,4.0,1167085541
3758243,25579,37857,5.0,1167084640
3758244,25579,40581,3.0,1167085590
3758245,25579,40955,4.0,1167084813
3758246,25579,41997,4.0,1167084756
3758247,25579,44195,4.0,1167080418
3758248,25579,44199,4.0,1167084127
3758249,25579,45186,3.0,1167080632
3758250,25579,45447,4.0,1167080615
3758251,25579,45499,4.0,1167080602
3758252,25579,45672,3.0,1167080719
3758253,25579,45728,3.0,1167080676
3758254,25579,45730,5.0,1167085332
3758255,25579,46970,4.0,1167080658
3758256,25580,3,1.0,848868700
3758257,25580,5,3.0,848867923
3758258,25580,8,3.0,848869123
3758259,25580,14,5.0,848868818
3758260,25580,21,3.0,848867611
3758261,25580,23,3.0,848868771
3758262,25580,48,2.0,848867826
3758263,25580,54,3.0,848869213
3758264,25580,60,4.0,848868721
3758265,25580,62,5.0,848867722
3758266,25580,110,3.0,848867538
3758267,25580,135,4.0,848868975
3758268,25580,150,3.0,848867454
3758269,25580,151,4.0,848867722
3758270,25580,161,5.0,848867538
3758271,25580,165,3.0,848867477
3758272,25580,168,4.0,848867788
3758273,25580,170,3.0,848868721
3758274,25580,172,3.0,848867788
3758275,25580,174,3.0,848868864
3758276,25580,181,1.0,848867923
3758277,25580,185,4.0,848867538
3758278,25580,208,3.0,848867538
3758279,25580,224,2.0,848867868
3758280,25580,227,3.0,848867947
3758281,25580,248,3.0,848868746
3758282,25580,255,2.0,848868959
3758283,25580,267,4.0,848868818
3758284,25580,276,3.0,848867903
3758285,25580,292,4.0,848867516
3758286,25580,316,4.0,848867496
3758287,25580,318,5.0,848867516
3758288,25580,329,3.0,848867516
3758289,25580,339,5.0,848867556
3758290,25580,342,2.0,848867923
3758291,25580,343,3.0,848869089
3758292,25580,349,3.0,848867496
3758293,25580,355,3.0,848867849
3758294,25580,356,4.0,848867496
3758295,25580,362,3.0,848867965
3758296,25580,364,3.0,848867574
3758297,25580,367,3.0,848867574
3758298,25580,368,4.0,848867740
3758299,25580,370,1.0,848867813
3758300,25580,371,2.0,848868684
3758301,25580,374,3.0,848868746
3758302,25580,380,4.0,848867454
3758303,25580,383,4.0,848868746
3758304,25580,410,3.0,848867596
3758305,25580,415,4.0,848868834
3758306,25580,419,4.0,848868032
3758307,25580,435,3.0,848867654
3758308,25580,440,4.0,848867634
3758309,25580,442,4.0,848867670
3758310,25580,454,3.0,848867556
3758311,25580,455,3.0,848867964
3758312,25580,457,4.0,848867477
3758313,25580,464,3.0,848868959
3758314,25580,466,2.0,848867849
3758315,25580,474,4.0,848867654
3758316,25580,480,4.0,848867516
3758317,25580,485,3.0,848867813
3758318,25580,489,3.0,848868849
3758319,25580,500,4.0,848867574
3758320,25580,502,2.0,848868849
3758321,25580,516,3.0,848868941
3758322,25580,520,2.0,848867849
3758323,25580,527,5.0,848867611
3758324,25580,531,3.0,848868746
3758325,25580,533,3.0,848868849
3758326,25580,542,4.0,848868877
3758327,25580,548,3.0,848868926
3758328,25580,552,3.0,848867881
3758329,25580,569,4.0,848869159
3758330,25580,587,3.0,848867595
3758331,25580,588,4.0,848867477
3758332,25580,589,4.0,848867556
3758333,25580,590,3.0,848867454
3758334,25580,595,5.0,848867496
3758335,25580,597,3.0,848867596
3758336,25580,648,3.0,848867788
3758337,25580,653,4.0,848868959
3758338,25580,661,2.0,848868941
3758339,25580,688,4.0,848868864
3758340,25580,708,1.0,848868771
3758341,25580,711,3.0,848869123
3758342,25580,736,3.0,848867703
3758343,25580,761,3.0,848869203
3758344,25580,780,4.0,848867722
3758345,25580,786,2.0,848868771
3758346,25580,788,5.0,848868998
3758347,25580,830,3.0,848869322
3758348,25580,1005,3.0,848869388
3758349,25580,1061,5.0,848869471
3758350,25581,1,3.0,849333009
3758351,25581,7,3.0,849333297
3758352,25581,13,3.0,849336809
3758353,25581,19,4.0,850325299
3758354,25581,34,4.0,850325321
3758355,25581,110,5.0,849336386
3758356,25581,158,4.0,849336809
3758357,25581,165,5.0,849336884
3758358,25581,185,4.0,850325270
3758359,25581,273,5.0,849336947
3758360,25581,292,5.0,849336298
3758361,25581,316,5.0,849336298
3758362,25581,317,3.0,849336458
3758363,25581,329,5.0,849336158
3758364,25581,338,5.0,849336690
3758365,25581,344,5.0,849336690
3758366,25581,353,5.0,849336158
3758367,25581,362,4.0,849336458
3758368,25581,364,3.0,849336976
3758369,25581,367,5.0,850325299
3758370,25581,370,4.0,849336511
3758371,25581,376,5.0,849336809
3758372,25581,377,4.0,849336572
3758373,25581,405,5.0,849336884
3758374,25581,410,4.0,849337105
3758375,25581,457,5.0,849336690
3758376,25581,480,5.0,849336158
3758377,25581,491,3.0,849336327
3758378,25581,508,3.0,849336977
3758379,25581,520,3.0,849336298
3758380,25581,551,5.0,850325270
3758381,25581,552,4.0,849336386
3758382,25581,553,4.0,857318705
3758383,25581,586,4.0,849337079
3758384,25581,587,5.0,849336159
3758385,25581,589,5.0,849336270
3758386,25581,590,4.0,849337105
3758387,25581,592,4.0,849336327
3758388,25581,593,4.0,849336270
3758389,25581,594,4.0,849336458
3758390,25581,628,4.0,849336458
3758391,25581,653,5.0,849336104
3758392,25581,694,4.0,849337004
3758393,25581,704,4.0,849333881
3758394,25581,720,5.0,849337079
3758395,25581,736,4.0,849333009
3758396,25581,778,3.0,849333375
3758397,25581,880,3.0,849334048
3758398,25581,987,4.0,866436909
3758399,25581,1019,4.0,849336947
3758400,25581,1020,5.0,849336511
3758401,25581,1027,4.0,849336386
3758402,25581,1035,3.0,849336572
3758403,25581,1036,4.0,849336215
3758404,25581,1037,5.0,849336947
3758405,25581,1061,4.0,849334800
3758406,25581,1073,5.0,849333500
3758407,25581,1080,5.0,849337079
3758408,25581,1084,3.0,849333581
3758409,25581,1097,4.0,849336387
3758410,25581,1101,4.0,849336425
3758411,25581,1356,5.0,849334833
3758412,25581,1366,3.0,849335934
3758413,25582,276,4.0,1372653255
3758414,25582,1393,4.0,1372654055
3758415,25582,1513,3.5,1372653131
3758416,25582,1888,3.5,1372653406
3758417,25582,2052,1.5,1372653483
3758418,25582,2136,0.5,1372653398
3758419,25582,2161,3.5,1372653087
3758420,25582,2671,4.0,1372654110
3758421,25582,3146,1.0,1372653377
3758422,25582,3255,3.5,1372653099
3758423,25582,3809,2.0,1372653235
3758424,25582,3825,3.5,1372653337
3758425,25582,4054,2.5,1372653417
3758426,25582,4246,4.0,1372654082
3758427,25582,4621,3.5,1372653368
3758428,25582,4979,5.0,1372654191
3758429,25582,6711,4.0,1372654286
3758430,25582,6873,1.5,1372653470
3758431,25582,6874,3.5,1372654296
3758432,25582,39231,4.5,1372654028
3758433,25582,46578,4.0,1372654138
3758434,25582,47610,3.0,1372653267
3758435,25582,53322,1.5,1372653360
3758436,25582,86320,5.0,1372653967
3758437,25582,97921,5.0,1372654237
3758438,25583,3,3.0,853783304
3758439,25583,6,5.0,839150792
3758440,25583,16,4.0,839151633
3758441,25583,24,3.0,838677959
3758442,25583,34,3.0,838498119
3758443,25583,36,5.0,838498234
3758444,25583,47,4.0,838498119
3758445,25583,62,4.0,838677896
3758446,25583,100,4.0,853783304
3758447,25583,110,5.0,838498078
3758448,25583,141,4.0,853784783
3758449,25583,150,4.0,838497874
3758450,25583,151,5.0,838498337
3758451,25583,153,3.0,838497927
3758452,25583,161,4.0,838498008
3758453,25583,208,3.0,838498048
3758454,25583,210,4.0,839151664
3758455,25583,266,5.0,838498234
3758456,25583,282,5.0,838498337
3758457,25583,288,2.0,838498078
3758458,25583,292,3.0,838498008
3758459,25583,303,3.0,839151574
3758460,25583,318,5.0,838497963
3758461,25583,337,4.0,839150792
3758462,25583,339,3.0,838498048
3758463,25583,344,3.0,838497927
3758464,25583,356,4.0,838498078
3758465,25583,364,3.0,838498119
3758466,25583,368,3.0,839151604
3758467,25583,370,3.0,839151240
3758468,25583,377,3.0,839151536
3758469,25583,428,4.0,839151275
3758470,25583,454,4.0,838498119
3758471,25583,457,3.0,838498008
3758472,25583,458,5.0,839151180
3758473,25583,480,4.0,838498119
3758474,25583,494,3.0,853784639
3758475,25583,527,5.0,838677779
3758476,25583,553,4.0,838498260
3758477,25583,588,3.0,838497927
3758478,25583,590,5.0,838497874
3758479,25583,593,5.0,838498008
3758480,25583,595,3.0,838497963
3758481,25583,609,3.0,839150738
3758482,25583,634,1.0,838498490
3758483,25583,653,2.0,853784639
3758484,25583,661,3.0,853784731
3758485,25583,700,4.0,839783272
3758486,25583,780,4.0,853784611
3758487,25583,837,3.0,853784731
3758488,25583,1073,5.0,853784731
3758489,25584,11,3.0,836901226
3758490,25584,21,4.0,836899854
3758491,25584,32,3.0,836900324
3758492,25584,50,4.0,836899997
3758493,25584,110,3.0,836899625
3758494,25584,111,4.0,836900325
3758495,25584,151,3.0,836901979
3758496,25584,158,3.0,836927271
3758497,25584,161,4.0,836899104
3758498,25584,193,3.0,836928521
3758499,25584,253,3.0,836899404
3758500,25584,260,3.0,836930146
3758501,25584,265,4.0,836928014
3758502,25584,272,5.0,836929298
3758503,25584,273,3.0,836929299
3758504,25584,296,5.0,836894859
3758505,25584,342,4.0,836929828
3758506,25584,357,5.0,836924395
3758507,25584,367,4.0,836899997
3758508,25584,370,3.0,836929852
3758509,25584,377,3.0,836901093
3758510,25584,380,4.0,836894860
3758511,25584,382,3.0,836930315
3758512,25584,410,4.0,836899625
3758513,25584,427,3.0,836929966
3758514,25584,432,3.0,836900325
3758515,25584,440,3.0,836901092
3758516,25584,457,3.0,836899101
3758517,25584,480,5.0,836899854
3758518,25584,509,3.0,836927269
3758519,25584,520,3.0,836929923
3758520,25584,539,4.0,836901980
3758521,25584,540,3.0,836930070
3758522,25584,552,3.0,836929803
3758523,25584,553,4.0,836901227
3758524,25584,587,4.0,836901980
3758525,25584,590,3.0,836894857
3758526,25584,592,3.0,836894854
3758527,25584,593,5.0,836899108
3758528,25584,594,3.0,836929874
3758529,25584,597,3.0,836901979
3758530,25585,6,4.0,1237580880
3758531,25585,16,3.5,1237580456
3758532,25585,32,4.5,1237576614
3758533,25585,50,4.5,1237576898
3758534,25585,110,4.0,1237580417
3758535,25585,111,4.5,1237579239
3758536,25585,223,3.5,1237577483
3758537,25585,247,4.0,1237578140
3758538,25585,290,4.0,1237578678
3758539,25585,296,4.5,1237578799
3758540,25585,318,4.5,1237576893
3758541,25585,319,4.0,1237577056
3758542,25585,356,4.0,1237578050
3758543,25585,527,4.0,1237576889
3758544,25585,541,5.0,1237577386
3758545,25585,555,4.5,1237577069
3758546,25585,589,4.0,1237579248
3758547,25585,593,4.5,1237578986
3758548,25585,608,4.5,1237577944
3758549,25585,750,5.0,1237580641
3758550,25585,778,5.0,1237579333
3758551,25585,923,3.5,1237580486
3758552,25585,924,4.0,1237580120
3758553,25585,1036,3.5,1237577850
3758554,25585,1079,3.0,1237578034
3758555,25585,1091,4.0,1237576182
3758556,25585,1131,4.0,1237578249
3758557,25585,1132,4.0,1237578421
3758558,25585,1175,4.0,1237577093
3758559,25585,1193,5.0,1237578685
3758560,25585,1197,5.0,1237578784
3758561,25585,1198,4.5,1237578826
3758562,25585,1199,3.5,1237577419
3758563,25585,1200,4.0,1237577209
3758564,25585,1202,5.0,1237577146
3758565,25585,1207,5.0,1237579316
3758566,25585,1208,3.5,1237577268
3758567,25585,1209,5.0,1237578674
3758568,25585,1214,4.5,1237577205
3758569,25585,1225,4.5,1237577237
3758570,25585,1240,4.5,1237579251
3758571,25585,1241,4.5,1237576852
3758572,25585,1246,3.5,1237580585
3758573,25585,1258,4.5,1237578961
3758574,25585,1259,4.0,1237579061
3758575,25585,1261,5.0,1237576846
3758576,25585,1269,2.0,1237580292
3758577,25585,1270,4.0,1237577291
3758578,25585,1285,4.5,1237576954
3758579,25585,1288,4.5,1237579297
3758580,25585,1291,4.0,1237578222
3758581,25585,1292,4.0,1237577349
3758582,25585,1300,5.0,1237576257
3758583,25585,1387,4.0,1237578246
3758584,25585,1394,4.0,1237577138
3758585,25585,1617,4.0,1237581057
3758586,25585,1682,4.5,1237579346
3758587,25585,1732,4.5,1237577371
3758588,25585,1784,3.5,1237580300
3758589,25585,1952,5.0,1237578448
3758590,25585,1965,4.0,1237576148
3758591,25585,2010,4.5,1237578440
3758592,25585,2067,3.5,1237580618
3758593,25585,2076,5.0,1237577392
3758594,25585,2313,4.0,1237577907
3758595,25585,2459,4.5,1237576326
3758596,25585,2502,5.0,1237578653
3758597,25585,2542,4.0,1237581282
3758598,25585,2571,4.5,1237578430
3758599,25585,2729,2.0,1237578349
3758600,25585,2808,3.0,1237576234
3758601,25585,2858,4.5,1237577244
3758602,25585,2871,4.5,1237577098
3758603,25585,2918,4.0,1237577950
3758604,25585,2959,5.0,1237578027
3758605,25585,3019,4.0,1237577104
3758606,25585,3147,4.0,1237578107
3758607,25585,3258,3.5,1237576293
3758608,25585,3265,4.5,1237578131
3758609,25585,3266,4.5,1237578395
3758610,25585,3481,4.0,1237578150
3758611,25585,3534,4.5,1237576645
3758612,25585,3543,4.0,1237577858
3758613,25585,3578,4.0,1237578080
3758614,25585,3654,4.0,1237580857
3758615,25585,3671,3.5,1237580381
3758616,25585,3683,4.0,1237576202
3758617,25585,3698,4.0,1237576134
3758618,25585,3996,4.5,1237577515
3758619,25585,4011,4.0,1237579016
3758620,25585,4014,3.5,1237577468
3758621,25585,4027,3.5,1237578630
3758622,25585,4128,4.0,1237576178
3758623,25585,4306,4.0,1237578971
3758624,25585,4351,3.5,1237576268
3758625,25585,4378,3.5,1237576360
3758626,25585,4499,4.5,1237576245
3758627,25585,4855,4.0,1237580060
3758628,25585,4878,4.0,1237577884
3758629,25585,4886,4.0,1237581554
3758630,25585,4963,4.0,1237578642
3758631,25585,4973,4.5,1237577240
3758632,25585,4993,4.0,1237581285
3758633,25585,5367,3.5,1237578494
3758634,25585,5377,3.5,1237580140
3758635,25585,5418,4.0,1237580401
3758636,25585,5617,4.5,1237578932
3758637,25585,5669,4.0,1237577410
3758638,25585,5952,4.0,1237578371
3758639,25585,6377,2.0,1237580705
3758640,25585,6440,4.5,1237580332
3758641,25585,6659,3.5,1237576333
3758642,25585,7020,3.5,1237578795
3758643,25585,7022,4.0,1237577080
3758644,25585,7153,4.0,1237581291
3758645,25585,7360,5.0,1237576307
3758646,25585,7361,4.0,1237577920
3758647,25585,7387,5.0,1237576841
3758648,25585,8464,4.0,1237579087
3758649,25585,8665,4.0,1237580406
3758650,25585,8874,4.0,1237577006
3758651,25585,8961,4.0,1237578218
3758652,25585,26158,4.5,1237580494
3758653,25585,27846,4.5,1237577504
3758654,25585,30825,4.0,1237576299
3758655,25585,33166,4.0,1237577510
3758656,25585,33794,4.0,1237580338
3758657,25585,36535,4.0,1237577930
3758658,25585,44665,4.5,1237578378
3758659,25585,48738,3.5,1237581098
3758660,25585,49272,3.5,1237577451
3758661,25585,50872,4.0,1237578834
3758662,25585,51255,3.5,1237580901
3758663,25585,52281,4.0,1237577049
3758664,25585,52952,4.0,1237577012
3758665,25585,53894,4.0,1237578982
3758666,25585,54286,4.0,1237580411
3758667,25585,54503,4.5,1237580105
3758668,25585,54881,4.0,1237581036
3758669,25585,54997,2.5,1237577166
3758670,25585,55814,4.5,1237577869
3758671,25585,55820,4.5,1237580083
3758672,25585,56367,4.0,1237581014
3758673,25585,57669,4.5,1237578204
3758674,25585,58559,4.5,1237577534
3758675,25585,59315,4.0,1237578236
3758676,25585,63082,4.0,1237578995
3758677,25585,65135,4.5,1237579900
3758678,25585,65817,3.5,1237576531
3758679,25586,6,1.5,1180771535
3758680,25586,47,4.5,1163858594
3758681,25586,101,4.0,1179877856
3758682,25586,110,3.0,1163858351
3758683,25586,180,4.5,1179877147
3758684,25586,223,4.5,1179877120
3758685,25586,232,0.5,1179877990
3758686,25586,293,5.0,1163858533
3758687,25586,296,5.0,1163858179
3758688,25586,355,2.0,1163857594
3758689,25586,356,3.5,1163858302
3758690,25586,541,3.0,1163861953
3758691,25586,543,4.5,1179876264
3758692,25586,551,5.0,1179876129
3758693,25586,593,4.0,1163858134
3758694,25586,608,4.0,1163862340
3758695,25586,720,4.5,1179877199
3758696,25586,741,5.0,1163858438
3758697,25586,745,4.5,1163861427
3758698,25586,750,5.0,1163861544
3758699,25586,778,3.5,1163862085
3758700,25586,903,4.0,1163858608
3758701,25586,908,4.5,1180771359
3758702,25586,922,4.5,1179877602
3758703,25586,924,5.0,1179877345
3758704,25586,1080,4.0,1163862377
3758705,25586,1086,4.5,1163858629
3758706,25586,1089,5.0,1163861946
3758707,25586,1136,4.5,1163858537
3758708,25586,1148,4.5,1163861442
3758709,25586,1175,4.5,1163862122
3758710,25586,1178,5.0,1179877321
3758711,25586,1190,4.5,1179876359
3758712,25586,1201,4.0,1163862004
3758713,25586,1206,5.0,1163862335
3758714,25586,1208,4.0,1163862168
3758715,25586,1219,4.5,1163862149
3758716,25586,1222,4.5,1163862001
3758717,25586,1223,4.5,1163857814
3758718,25586,1249,4.5,1163857659
3758719,25586,1274,5.0,1163858446
3758720,25586,1281,4.5,1163862468
3758721,25586,1333,4.5,1163857584
3758722,25586,1347,0.5,1163857806
3758723,25586,1464,3.5,1179876678
3758724,25586,1537,4.0,1179877063
3758725,25586,1639,5.0,1179877140
3758726,25586,1680,2.5,1163857831
3758727,25586,1682,3.0,1163858082
3758728,25586,1722,3.5,1179877025
3758729,25586,1729,4.0,1163857599
3758730,25586,1809,4.5,1163862054
3758731,25586,1921,4.0,1163857721
3758732,25586,2021,5.0,1163857676
3758733,25586,2105,3.5,1163857666
3758734,25586,2542,4.0,1163862356
3758735,25586,2571,3.5,1163858150
3758736,25586,2692,4.0,1163858546
3758737,25586,2712,2.5,1179877359
3758738,25586,2717,2.5,1163857793
3758739,25586,2728,5.0,1179877354
3758740,25586,2729,4.0,1179877352
3758741,25586,2858,3.5,1163858542
3758742,25586,2947,3.5,1163857640
3758743,25586,2948,3.5,1179876206
3758744,25586,2959,4.0,1163858513
3758745,25586,2966,4.5,1179876671
3758746,25586,2997,3.5,1163862330
3758747,25586,3000,5.0,1163861896
3758748,25586,3033,4.5,1179876279
3758749,25586,3052,4.0,1179877144
3758750,25586,3083,5.0,1179876341
3758751,25586,3435,4.0,1163861963
3758752,25586,3462,4.0,1179877387
3758753,25586,3671,4.5,1163862518
3758754,25586,3683,4.5,1163862328
3758755,25586,3949,5.0,1163861943
3758756,25586,3996,4.0,1163858615
3758757,25586,4011,5.0,1179877481
3758758,25586,4027,4.0,1179876245
3758759,25586,4226,1.0,1179877535
3758760,25586,4449,2.0,1163858349
3758761,25586,4734,3.5,1179877153
3758762,25586,4878,1.0,1163857654
3758763,25586,4973,3.5,1163858527
3758764,25586,4993,3.0,1163858516
3758765,25586,5618,4.5,1163857836
3758766,25586,5878,5.0,1163862479
3758767,25586,5952,3.5,1163858172
3758768,25586,6016,4.0,1163861487
3758769,25586,6350,5.0,1179877442
3758770,25586,6365,3.0,1163857602
3758771,25586,6873,4.0,1179876225
3758772,25586,6874,4.5,1163858599
3758773,25586,7022,4.0,1163858473
3758774,25586,7034,4.0,1163862305
3758775,25586,7037,4.0,1179876363
3758776,25586,7044,5.0,1179876663
3758777,25586,7090,5.0,1163862348
3758778,25586,7099,4.0,1163861957
3758779,25586,7147,5.0,1179876113
3758780,25586,7153,3.5,1163858297
3758781,25586,7254,1.5,1180771235
3758782,25586,7323,5.0,1163862451
3758783,25586,7361,0.5,1163858521
3758784,25586,7438,4.0,1163858604
3758785,25586,8012,4.5,1163862066
3758786,25586,8376,3.5,1183803471
3758787,25586,8542,4.5,1163862440
3758788,25586,8807,4.5,1183803512
3758789,25586,8874,4.0,1179876310
3758790,25586,8973,4.5,1179876372
3758791,25586,25833,4.0,1179876166
3758792,25586,26776,4.0,1163862076
3758793,25586,30810,1.5,1179918928
3758794,25586,31658,4.0,1163861905
3758795,25586,33004,2.5,1163862542
3758796,25586,42197,4.5,1179876763
3758797,25586,44694,4.5,1163857928
3758798,25586,45728,4.5,1179877124
3758799,25586,47629,0.5,1179877088
3758800,25586,48516,4.5,1179876424
3758801,25586,49932,0.5,1179876653
3758802,25587,2,3.0,832606943
3758803,25587,6,4.0,832607118
3758804,25587,10,4.0,832606630
3758805,25587,16,5.0,832607162
3758806,25587,19,2.0,832606760
3758807,25587,21,4.0,832606700
3758808,25587,22,3.0,832607162
3758809,25587,31,3.0,832606986
3758810,25587,36,5.0,832607032
3758811,25587,39,3.0,832606760
3758812,25587,45,2.0,832607391
3758813,25587,47,4.0,832606728
3758814,25587,50,4.0,832606761
3758815,25587,70,3.0,832607451
3758816,25587,104,4.0,832607609
3758817,25587,110,5.0,832606700
3758818,25587,111,5.0,832606808
3758819,25587,122,3.0,832607535
3758820,25587,144,3.0,832607644
3758821,25587,145,2.0,832607237
3758822,25587,150,3.0,832606486
3758823,25587,153,3.0,832606527
3758824,25587,158,3.0,832606907
3758825,25587,159,3.0,832607820
3758826,25587,160,1.0,832606760
3758827,25587,161,3.0,832606630
3758828,25587,163,3.0,832607199
3758829,25587,165,3.0,832606527
3758830,25587,170,3.0,832607358
3758831,25587,174,3.0,832607675
3758832,25587,175,3.0,832607821
3758833,25587,186,3.0,832606874
3758834,25587,193,2.0,832607080
3758835,25587,194,4.0,832607720
3758836,25587,195,3.0,832607471
3758837,25587,196,3.0,832606874
3758838,25587,198,3.0,832607534
3758839,25587,203,2.0,832607237
3758840,25587,204,3.0,832606907
3758841,25587,207,3.0,832607309
3758842,25587,208,3.0,832606670
3758843,25587,216,3.0,832607309
3758844,25587,218,3.0,832607199
3758845,25587,223,3.0,832607032
3758846,25587,224,3.0,832606943
3758847,25587,227,3.0,832607117
3758848,25587,230,4.0,832607237
3758849,25587,231,3.0,832606568
3758850,25587,235,3.0,832606850
3758851,25587,237,3.0,832607079
3758852,25587,246,3.0,832607079
3758853,25587,253,5.0,832606670
3758854,25587,256,3.0,832606943
3758855,25587,257,3.0,832607308
3758856,25587,267,3.0,832607500
3758857,25587,272,3.0,832607079
3758858,25587,273,3.0,832607162
3758859,25587,276,3.0,832607080
3758860,25587,280,3.0,832607308
3758861,25587,282,3.0,832606808
3758862,25587,288,5.0,832606700
3758863,25587,292,4.0,832606670
3758864,25587,296,5.0,832606486
3758865,25587,300,4.0,832606670
3758866,25587,303,3.0,832607333
3758867,25587,316,2.0,832606568
3758868,25587,317,2.0,832606728
3758869,25587,318,5.0,832606568
3758870,25587,328,3.0,832607609
3758871,25587,333,4.0,832606986
3758872,25587,337,3.0,832606827
3758873,25587,339,3.0,832606630
3758874,25587,344,3.0,832606527
3758875,25587,349,3.0,832606527
3758876,25587,351,3.0,832607451
3758877,25587,353,3.0,832607472
3758878,25587,355,2.0,832607609
3758879,25587,364,3.0,832607163
3758880,25587,380,3.0,832606486
3758881,25587,410,3.0,832606700
3758882,25587,413,2.0,832607334
3758883,25587,416,3.0,832607721
3758884,25587,431,5.0,832607267
3758885,25587,432,3.0,832606808
3758886,25587,434,3.0,832606630
3758887,25587,435,3.0,832606808
3758888,25587,437,3.0,832607566
3758889,25587,440,4.0,832607309
3758890,25587,442,3.0,832607358
3758891,25587,454,3.0,832607161
3758892,25587,457,4.0,832606874
3758893,25587,471,3.0,832607643
3758894,25587,477,3.0,832607333
3758895,25587,491,3.0,832607786
3758896,25587,551,3.0,832607421
3758897,25587,552,4.0,832607675
3758898,25587,553,4.0,832606827
3758899,25587,555,4.0,832606986
3758900,25587,585,3.0,832607535
3758901,25587,588,4.0,832606527
3758902,25587,590,5.0,832606486
3758903,25587,592,3.0,832606486
3758904,25587,593,5.0,832606850
3758905,25587,595,3.0,832606568
3758906,25587,608,3.0,832607199
3758907,25587,736,2.0,832607674
3758908,25588,6,5.0,849019174
3758909,25588,10,1.0,849019075
3758910,25588,14,3.0,849018864
3758911,25588,16,5.0,849018384
3758912,25588,18,5.0,849018760
3758913,25588,21,3.0,849018384
3758914,25588,25,4.0,849018384
3758915,25588,29,3.0,849017988
3758916,25588,32,5.0,849018975
3758917,25588,36,3.0,850750433
3758918,25588,39,3.0,850750398
3758919,25588,41,3.0,849017922
3758920,25588,42,3.0,850750106
3758921,25588,45,3.0,850750146
3758922,25588,47,4.0,849019354
3758923,25588,50,5.0,849019243
3758924,25588,52,2.0,849019243
3758925,25588,57,4.0,850750250
3758926,25588,58,3.0,849017847
3758927,25588,70,5.0,849018711
3758928,25588,72,4.0,850750030
3758929,25588,73,1.0,849019301
3758930,25588,78,4.0,850750736
3758931,25588,81,5.0,849018801
3758932,25588,86,3.0,850750614
3758933,25588,94,5.0,850749528
3758934,25588,97,4.0,849018117
3758935,25588,100,5.0,850750433
3758936,25588,101,5.0,850749528
3758937,25588,103,1.0,850750912
3758938,25588,104,3.0,850750474
3758939,25588,110,5.0,849019075
3758940,25588,111,5.0,849018510
3758941,25588,112,5.0,849017816
3758942,25588,121,5.0,850750433
3758943,25588,125,5.0,849018510
3758944,25588,144,4.0,849017922
3758945,25588,145,3.0,850750580
3758946,25588,147,1.0,849018711
3758947,25588,150,4.0,849017631
3758948,25588,153,1.0,849017674
3758949,25588,154,3.0,849019354
3758950,25588,156,5.0,849018922
3758951,25588,159,1.0,849018711
3758952,25588,161,5.0,849019027
3758953,25588,162,5.0,849018569
3758954,25588,163,3.0,849019483
3758955,25588,164,3.0,850750845
3758956,25588,165,3.0,849017674
3758957,25588,175,5.0,849018451
3758958,25588,176,5.0,849018922
3758959,25588,180,5.0,849018569
3758960,25588,183,4.0,850750912
3758961,25588,185,1.0,849019075
3758962,25588,194,5.0,849018975
3758963,25588,198,5.0,850750580
3758964,25588,208,1.0,849019075
3758965,25588,209,3.0,850751027
3758966,25588,213,3.0,849019354
3758967,25588,214,1.0,849019301
3758968,25588,215,5.0,850750656
3758969,25588,216,1.0,849019412
3758970,25588,223,5.0,849018451
3758971,25588,229,3.0,850750181
3758972,25588,230,3.0,850750688
3758973,25588,231,3.0,849017706
3758974,25588,232,5.0,849017890
3758975,25588,233,3.0,850750320
3758976,25588,235,3.0,849018384
3758977,25588,246,1.0,849018451
3758978,25588,247,4.0,849017890
3758979,25588,253,1.0,849018975
3758980,25588,257,3.0,850750656
3758981,25588,259,3.0,850750218
3758982,25588,260,1.0,849018451
3758983,25588,268,3.0,850750284
3758984,25588,269,3.0,850750688
3758985,25588,272,3.0,849017816
3758986,25588,280,1.0,849019412
3758987,25588,281,5.0,850749571
3758988,25588,283,5.0,850750880
3758989,25588,288,1.0,849018975
3758990,25588,290,5.0,849017947
3758991,25588,292,1.0,849019027
3758992,25588,293,5.0,849019301
3758993,25588,296,5.0,849017632
3758994,25588,297,3.0,850751027
3758995,25588,299,4.0,849017947
3758996,25588,300,4.0,850750218
3758997,25588,302,1.0,849019301
3758998,25588,304,3.0,850750880
3758999,25588,305,3.0,850750845
3759000,25588,306,3.0,849017847
3759001,25588,307,3.0,849017890
3759002,25588,308,3.0,849017890
3759003,25588,316,3.0,849019027
3759004,25588,318,5.0,849019027
3759005,25588,319,4.0,849017847
3759006,25588,320,3.0,850750777
3759007,25588,322,4.0,849018569
3759008,25588,326,3.0,849019354
3759009,25588,329,1.0,849019027
3759010,25588,333,3.0,850749572
3759011,25588,334,3.0,850750357
3759012,25588,335,3.0,850750656
3759013,25588,337,5.0,849019412
3759014,25588,339,1.0,849019075
3759015,25588,342,4.0,849017816
3759016,25588,344,1.0,849017674
3759017,25588,345,3.0,849017847
3759018,25588,347,5.0,849017970
3759019,25588,348,3.0,850750181
3759020,25588,349,4.0,849017706
3759021,25588,354,3.0,850750845
3759022,25588,356,4.0,849017707
3759023,25588,357,4.0,849018293
3759024,25588,358,3.0,850751027
3759025,25588,359,3.0,850750912
3759026,25588,364,1.0,849019118
3759027,25588,367,1.0,849019119
3759028,25588,370,1.0,849018864
3759029,25588,371,4.0,850750218
3759030,25588,372,4.0,850749571
3759031,25588,373,5.0,849018864
3759032,25588,375,2.0,850750737
3759033,25588,377,3.0,849019118
3759034,25588,380,3.0,849017632
3759035,25588,384,1.0,850751027
3759036,25588,391,3.0,850750777
3759037,25588,417,5.0,849017922
3759038,25588,422,2.0,850750474
3759039,25588,428,4.0,849018510
3759040,25588,431,5.0,849018451
3759041,25588,434,1.0,849018569
3759042,25588,440,3.0,850750181
3759043,25588,441,5.0,850750284
3759044,25588,448,3.0,850750474
3759045,25588,450,3.0,850750688
3759046,25588,454,3.0,849019118
3759047,25588,457,4.0,849017674
3759048,25588,468,3.0,849017816
3759049,25588,469,3.0,850750955
3759050,25588,471,3.0,849019412
3759051,25588,474,2.0,849018760
3759052,25588,475,4.0,849019301
3759053,25588,477,3.0,850750955
3759054,25588,480,3.0,849018922
3759055,25588,481,5.0,849019354
3759056,25588,482,5.0,849018569
3759057,25588,490,3.0,850750106
3759058,25588,492,5.0,850750510
3759059,25588,493,5.0,849018510
3759060,25588,497,3.0,849017816
3759061,25588,500,1.0,849019118
3759062,25588,501,2.0,849019243
3759063,25588,507,4.0,850750656
3759064,25588,508,4.0,850750510
3759065,25588,511,2.0,850750736
3759066,25588,514,4.0,849019412
3759067,25588,521,5.0,849018801
3759068,25588,524,3.0,850750474
3759069,25588,527,3.0,849019243
3759070,25588,529,5.0,850750030
3759071,25588,531,3.0,849017847
3759072,25588,534,3.0,849017890
3759073,25588,535,5.0,849018760
3759074,25588,537,3.0,849017922
3759075,25588,538,5.0,849018922
3759076,25588,541,5.0,849018801
3759077,25588,543,3.0,850750398
3759078,25588,550,1.0,850750955
3759079,25588,553,3.0,850749571
3759080,25588,555,5.0,849018975
3759081,25588,562,4.0,849019482
3759082,25588,581,4.0,850750030
3759083,25588,586,3.0,850750218
3759084,25588,588,2.0,849017674
3759085,25588,589,3.0,849018711
3759086,25588,590,3.0,849017626
3759087,25588,592,3.0,849017625
3759088,25588,593,4.0,849017706
3759089,25588,595,1.0,849017706
3759090,25588,597,3.0,850749571
3759091,25588,608,5.0,849018384
3759092,25588,610,1.0,849018510
3759093,25588,612,5.0,850750777
3759094,25588,627,4.0,850750656
3759095,25588,628,3.0,850750320
3759096,25588,662,3.0,850750736
3759097,25588,663,3.0,850750809
3759098,25588,671,3.0,850750736
3759099,25588,707,3.0,850750955
3759100,25588,720,1.0,849019174
3759101,25588,733,3.0,849018864
3759102,25588,745,1.0,849019482
3759103,25588,750,3.0,849019483
3759104,25588,778,4.0,850749528
3759105,25588,784,3.0,850749418
3759106,25588,805,4.0,850750106
3759107,25588,858,5.0,850749714
3759108,25588,861,5.0,850750809
3759109,25588,902,4.0,850750845
3759110,25588,903,5.0,850750106
3759111,25588,904,4.0,850750030
3759112,25588,908,4.0,850750030
3759113,25588,912,5.0,850749714
3759114,25588,913,3.0,850750320
3759115,25588,919,3.0,850750433
3759116,25588,920,3.0,850750688
3759117,25588,922,4.0,850750880
3759118,25588,923,5.0,850751091
3759119,25588,924,5.0,850750250
3759120,25588,953,3.0,850750357
3759121,25588,968,4.0,850750989
3759122,25588,999,3.0,850751230
3759123,25588,1012,3.0,850750510
3759124,25588,1036,3.0,849018711
3759125,25588,1077,5.0,850749989
3759126,25588,1078,3.0,850750146
3759127,25588,1079,1.0,849019174
3759128,25588,1080,1.0,849018760
3759129,25588,1084,5.0,849018760
3759130,25588,1089,5.0,849019174
3759131,25588,1090,3.0,850749571
3759132,25588,1092,3.0,850750181
3759133,25588,1093,3.0,850750688
3759134,25588,1094,4.0,850750357
3759135,25588,1095,5.0,850750320
3759136,25588,1100,4.0,850750955
3759137,25588,1101,3.0,850750398
3759138,25588,1103,4.0,849018865
3759139,25588,1104,5.0,850749912
3759140,25588,1127,4.0,850750656
3759141,25588,1129,3.0,850750614
3759142,25588,1136,3.0,850749989
3759143,25588,1148,1.0,849019483
3759144,25588,1173,4.0,850750809
3759145,25588,1186,4.0,850750955
3759146,25588,1193,5.0,850749714
3759147,25588,1196,1.0,850749912
3759148,25588,1197,3.0,850750063
3759149,25588,1198,4.0,850749714
3759150,25588,1199,3.0,850750320
3759151,25588,1200,3.0,850750030
3759152,25588,1203,5.0,850750284
3759153,25588,1206,3.0,849018172
3759154,25588,1207,4.0,850750510
3759155,25588,1208,5.0,850749714
3759156,25588,1210,3.0,850750106
3759157,25588,1212,4.0,850750736
3759158,25588,1213,5.0,850749572
3759159,25588,1214,4.0,850750106
3759160,25588,1219,4.0,850750106
3759161,25588,1220,3.0,850750250
3759162,25588,1221,5.0,850749572
3759163,25588,1222,4.0,850749989
3759164,25588,1225,3.0,850750030
3759165,25588,1228,4.0,850749989
3759166,25588,1230,5.0,850750357
3759167,25588,1231,3.0,850750541
3759168,25588,1234,4.0,850750106
3759169,25588,1237,3.0,850750845
3759170,25588,1240,4.0,850751091
3759171,25588,1242,4.0,850750106
3759172,25588,1243,3.0,850750614
3759173,25588,1244,5.0,850750433
3759174,25588,1245,4.0,850750580
3759175,25588,1246,3.0,850750063
3759176,25588,1247,4.0,850750398
3759177,25588,1249,5.0,850750030
3759178,25588,1252,5.0,850750218
3759179,25588,1257,3.0,850750510
3759180,25588,1258,5.0,850749989
3759181,25588,1259,3.0,850750181
3759182,25588,1262,4.0,850750474
3759183,25588,1263,5.0,850750181
3759184,25588,1265,4.0,850750284
3759185,25588,1266,4.0,850750146
3759186,25588,1268,1.0,850750580
3759187,25588,1270,3.0,850750146
3759188,25588,1271,4.0,850750989
3759189,25588,1272,5.0,850750398
3759190,25588,1275,5.0,850750580
3759191,25588,1276,4.0,850750146
3759192,25588,1285,3.0,850750062
3759193,25588,1291,4.0,850750357
3759194,25588,1293,5.0,850750398
3759195,25588,1299,5.0,850750433
3759196,25588,1302,4.0,850750737
3759197,25588,1304,4.0,850750250
3759198,25588,1307,3.0,850750181
3759199,25588,1343,4.0,850750510
3759200,25588,1345,3.0,850750736
3759201,25588,1352,5.0,850749439
3759202,25588,1361,5.0,850749418
3759203,25588,1374,3.0,850750541
3759204,25588,1387,4.0,850750736
3759205,25588,1393,5.0,850749418
3759206,25589,1,5.0,856693715
3759207,25589,12,4.0,856693943
3759208,25589,14,3.0,856693867
3759209,25589,25,5.0,856693716
3759210,25589,32,3.0,856693715
3759211,25589,36,5.0,856693758
3759212,25589,61,5.0,856693999
3759213,25589,74,5.0,856693943
3759214,25589,79,5.0,856693868
3759215,25589,81,4.0,856694034
3759216,25589,95,4.0,856693716
3759217,25589,100,4.0,856693899
3759218,25589,104,4.0,856693824
3759219,25589,135,5.0,856693868
3759220,25589,140,5.0,856693868
3759221,25589,141,5.0,856693716
3759222,25589,376,5.0,856693824
3759223,25589,494,5.0,856693758
3759224,25589,608,4.0,856693758
3759225,25589,612,4.0,856694136
3759226,25589,640,4.0,856693943
3759227,25589,648,4.0,856693716
3759228,25589,653,5.0,856693824
3759229,25589,662,3.0,856694064
3759230,25589,694,5.0,856694034
3759231,25589,704,5.0,856694093
3759232,25589,707,4.0,856693943
3759233,25589,733,5.0,856693758
3759234,25589,736,5.0,856693715
3759235,25589,737,2.0,856693899
3759236,25589,762,5.0,856693868
3759237,25589,765,5.0,856694034
3759238,25589,780,5.0,856693715
3759239,25589,784,3.0,856693824
3759240,25589,786,5.0,856693758
3759241,25589,788,5.0,856693824
3759242,25589,839,3.0,856693999
3759243,25589,849,4.0,856694064
3759244,25589,1043,4.0,856694387
3759245,25589,1056,3.0,856694496
3759246,25589,1073,4.0,856693758
3759247,25589,1167,5.0,856694386
3759248,25589,1363,5.0,856694284
3759249,25589,1401,4.0,856694496
3759250,25589,1445,5.0,856694629
3759251,25590,163,1.5,1296249338
3759252,25590,293,4.5,1296250165
3759253,25590,318,3.5,1296249573
3759254,25590,370,4.0,1296249283
3759255,25590,527,3.5,1296249674
3759256,25590,585,1.5,1296249422
3759257,25590,720,4.0,1296250151
3759258,25590,743,4.0,1296249003
3759259,25590,745,4.0,1296249677
3759260,25590,858,3.5,1296249644
3759261,25590,1080,4.0,1296251070
3759262,25590,1129,2.0,1296249460
3759263,25590,1148,3.5,1296249639
3759264,25590,1185,3.5,1296249114
3759265,25590,1198,3.0,1296249788
3759266,25590,1201,4.0,1296250114
3759267,25590,1203,3.5,1296249763
3759268,25590,1213,3.0,1296250386
3759269,25590,1233,3.0,1296249345
3759270,25590,1250,3.0,1296250155
3759271,25590,1262,3.5,1296249752
3759272,25590,1275,2.5,1296249403
3759273,25590,1287,3.0,1296249436
3759274,25590,1385,1.0,1296249087
3759275,25590,1911,2.0,1296248969
3759276,25590,2006,2.0,1296249349
3759277,25590,2096,3.0,1296249067
3759278,25590,2329,3.5,1296250153
3759279,25590,2761,3.5,1296251001
3759280,25590,2951,4.0,1296250160
3759281,25590,3468,4.5,1296250315
3759282,25590,3681,4.0,1296249766
3759283,25590,4085,2.0,1296249418
3759284,25590,4878,2.0,1296249292
3759285,25590,4973,4.0,1296249697
3759286,25590,6787,3.5,1296250379
3759287,25590,6807,4.0,1296251010
3759288,25590,7502,4.0,1296249781
3759289,25590,8340,4.0,1296251276
3759290,25590,8961,2.0,1296250983
3759291,25590,31410,3.0,1296250127
3759292,25590,42632,3.5,1296251008
3759293,25590,46976,4.0,1296251012
3759294,25590,50872,4.0,1296250248
3759295,25590,53123,0.5,1296251082
3759296,25590,55290,4.0,1296251075
3759297,25590,58559,3.5,1296249682
3759298,25590,60161,3.5,1296250254
3759299,25590,65188,4.5,1296249583
3759300,25590,68157,4.0,1296251036
3759301,25590,68237,4.0,1296251264
3759302,25590,69481,3.5,1296251066
3759303,25590,72226,4.5,1296250976
3759304,25590,79132,4.0,1296249687
3759305,25591,1,2.5,1123848486
3759306,25591,2,2.0,1133092115
3759307,25591,24,3.0,1123005062
3759308,25591,25,2.0,1250459866
3759309,25591,29,5.0,1347714650
3759310,25591,32,4.5,1122039690
3759311,25591,34,2.0,1133092125
3759312,25591,36,3.5,1133052084
3759313,25591,47,4.0,1123015049
3759314,25591,48,1.0,1133052869
3759315,25591,50,4.5,1123015039
3759316,25591,70,2.0,1324110381
3759317,25591,76,4.0,1122040058
3759318,25591,81,4.0,1131917221
3759319,25591,88,1.0,1312228215
3759320,25591,95,2.5,1133390420
3759321,25591,104,4.0,1122038134
3759322,25591,110,3.5,1123848480
3759323,25591,152,4.0,1122038377
3759324,25591,163,5.0,1397938276
3759325,25591,172,3.0,1304494609
3759326,25591,185,3.0,1124361087
3759327,25591,188,4.5,1125167637
3759328,25591,196,3.0,1128720522
3759329,25591,198,3.0,1124361145
3759330,25591,208,1.5,1369857853
3759331,25591,216,4.0,1125940429
3759332,25591,231,3.0,1133390378
3759333,25591,253,3.5,1128720158
3759334,25591,260,3.0,1124361182
3759335,25591,288,4.0,1122040324
3759336,25591,296,4.0,1124361173
3759337,25591,329,3.5,1122038983
3759338,25591,332,3.0,1133051961
3759339,25591,356,4.0,1123015011
3759340,25591,364,3.0,1355428856
3759341,25591,367,2.5,1133390385
3759342,25591,405,3.0,1153775788
3759343,25591,407,4.5,1122038391
3759344,25591,455,2.5,1133390788
3759345,25591,480,3.0,1123848471
3759346,25591,481,3.5,1122040347
3759347,25591,485,2.0,1125167701
3759348,25591,500,2.0,1142841256
3759349,25591,509,4.0,1122039335
3759350,25591,527,3.5,1133390330
3759351,25591,540,3.0,1225479007
3759352,25591,541,4.5,1122038607
3759353,25591,555,3.5,1122040337
3759354,25591,588,1.5,1133092026
3759355,25591,593,3.5,1123848465
3759356,25591,595,2.0,1133052037
3759357,25591,608,4.0,1423998882
3759358,25591,648,3.0,1133390345
3759359,25591,778,3.5,1267046450
3759360,25591,780,3.0,1124361071
3759361,25591,893,3.5,1202847391
3759362,25591,924,4.0,1123848228
3759363,25591,968,3.0,1347815748
3759364,25591,1022,1.5,1133092033
3759365,25591,1029,0.5,1123005288
3759366,25591,1032,2.5,1133092065
3759367,25591,1037,3.0,1137355054
3759368,25591,1073,3.0,1123848263
3759369,25591,1080,2.5,1237141267
3759370,25591,1089,4.0,1123847884
3759371,25591,1114,3.5,1123004537
3759372,25591,1127,3.5,1133390518
3759373,25591,1196,1.0,1122038682
3759374,25591,1200,4.0,1225478687
3759375,25591,1201,4.0,1123006394
3759376,25591,1206,4.0,1122039315
3759377,25591,1208,4.0,1122039728
3759378,25591,1210,1.0,1122038684
3759379,25591,1212,3.5,1252258836
3759380,25591,1214,4.5,1133389270
3759381,25591,1222,4.0,1197039943
3759382,25591,1237,4.5,1225477962
3759383,25591,1240,3.0,1379188546
3759384,25591,1246,4.0,1225478289
3759385,25591,1249,3.5,1123006303
3759386,25591,1253,4.0,1123005109
3759387,25591,1258,4.0,1123006327
3759388,25591,1270,3.5,1123015053
3759389,25591,1275,3.5,1122040379
3759390,25591,1356,4.0,1122039027
3759391,25591,1371,3.0,1137665078
3759392,25591,1372,3.5,1122038215
3759393,25591,1373,4.0,1122038970
3759394,25591,1374,3.5,1137665074
3759395,25591,1375,3.5,1122038967
3759396,25591,1376,4.0,1122038202
3759397,25591,1464,4.5,1123006174
3759398,25591,1466,3.5,1133390717
3759399,25591,1527,4.5,1122038467
3759400,25591,1544,2.0,1322292844
3759401,25591,1552,3.0,1122038226
3759402,25591,1573,2.5,1133390532
3759403,25591,1587,3.0,1123006354
3759404,25591,1590,5.0,1391455121
3759405,25591,1591,2.0,1131917449
3759406,25591,1610,3.5,1155933549
3759407,25591,1625,4.5,1319274023
3759408,25591,1653,4.5,1122040105
3759409,25591,1676,3.0,1122040145
3759410,25591,1689,2.5,1424030936
3759411,25591,1690,4.0,1155933536
3759412,25591,1721,3.0,1133390409
3759413,25591,1732,4.0,1288564515
3759414,25591,1748,4.5,1122038268
3759415,25591,1779,4.0,1133390967
3759416,25591,1784,4.0,1422786319
3759417,25591,1791,2.5,1133052305
3759418,25591,1862,2.5,1128720526
3759419,25591,1889,4.0,1122040454
3759420,25591,1909,3.0,1131488912
3759421,25591,1921,5.0,1126085788
3759422,25591,1997,3.5,1124361522
3759423,25591,2010,3.0,1133465925
3759424,25591,2018,2.0,1133092104
3759425,25591,2021,4.0,1122038305
3759426,25591,2028,2.5,1253002690
3759427,25591,2068,3.5,1123006017
3759428,25591,2076,4.5,1131435057
3759429,25591,2083,1.5,1133092013
3759430,25591,2105,4.0,1128720724
3759431,25591,2117,4.5,1129364707
3759432,25591,2161,2.0,1123004937
3759433,25591,2167,3.5,1122038257
3759434,25591,2231,3.0,1347976988
3759435,25591,2232,5.0,1127846127
3759436,25591,2311,3.5,1122040043
3759437,25591,2325,3.0,1153775271
3759438,25591,2329,4.0,1122038233
3759439,25591,2335,3.5,1400094886
3759440,25591,2353,2.5,1124361079
3759441,25591,2393,3.5,1137665091
3759442,25591,2470,3.0,1133390656
3759443,25591,2496,3.0,1133391192
3759444,25591,2502,4.5,1220970746
3759445,25591,2529,4.0,1123848164
3759446,25591,2571,4.0,1123004386
3759447,25591,2598,3.0,1122040132
3759448,25591,2628,1.0,1122038687
3759449,25591,2672,4.5,1122039056
3759450,25591,2700,2.0,1122038170
3759451,25591,2701,3.5,1369855419
3759452,25591,2706,3.0,1133390482
3759453,25591,2710,3.0,1133390510
3759454,25591,2719,2.0,1124126295
3759455,25591,2724,2.0,1133051861
3759456,25591,2762,1.5,1122038573
3759457,25591,2767,3.0,1225615174
3759458,25591,2858,4.5,1126301690
3759459,25591,2860,3.0,1396813276
3759460,25591,2882,3.0,1125167744
3759461,25591,2892,4.5,1344624459
3759462,25591,2916,4.0,1126086217
3759463,25591,2959,5.0,1202847418
3759464,25591,2985,3.5,1137140644
3759465,25591,2986,3.0,1137140650
3759466,25591,3005,3.0,1124360839
3759467,25591,3020,4.0,1122039465
3759468,25591,3033,3.5,1378066145
3759469,25591,3052,4.0,1334897393
3759470,25591,3253,3.5,1379776051
3759471,25591,3275,5.0,1202287721
3759472,25591,3299,2.0,1133389668
3759473,25591,3300,4.5,1128720145
3759474,25591,3355,4.0,1122038414
3759475,25591,3396,1.5,1133091968
3759476,25591,3398,2.0,1133092098
3759477,25591,3409,4.0,1313521577
3759478,25591,3535,3.5,1280988588
3759479,25591,3698,3.5,1125167725
3759480,25591,3702,4.0,1125907932
3759481,25591,3703,4.5,1126035223
3759482,25591,3704,3.0,1126085684
3759483,25591,3745,3.0,1124429614
3759484,25591,3751,2.5,1133092072
3759485,25591,3793,3.5,1122039372
3759486,25591,3798,3.0,1124361053
3759487,25591,3831,3.5,1132509265
3759488,25591,3889,3.0,1122040384
3759489,25591,3897,4.0,1122038154
3759490,25591,3917,4.0,1131269922
3759491,25591,3918,3.0,1137665054
3759492,25591,3919,4.0,1131269912
3759493,25591,3937,3.5,1133051845
3759494,25591,3948,4.0,1127849341
3759495,25591,3949,4.5,1237108545
3759496,25591,3968,2.5,1131303531
3759497,25591,3969,1.5,1128720854
3759498,25591,3979,3.5,1125940443
3759499,25591,3981,2.5,1271519612
3759500,25591,3993,4.0,1269545019
3759501,25591,3996,0.5,1123006248
3759502,25591,4011,4.0,1126086257
3759503,25591,4014,4.0,1123848094
3759504,25591,4015,3.0,1133540173
3759505,25591,4018,3.0,1123004646
3759506,25591,4025,2.0,1133390214
3759507,25591,4052,3.0,1123005011
3759508,25591,4223,3.5,1131303970
3759509,25591,4226,4.0,1221472052
3759510,25591,4229,4.0,1123004628
3759511,25591,4232,2.0,1133390230
3759512,25591,4306,4.0,1123004470
3759513,25591,4310,3.0,1123003828
3759514,25591,4327,3.5,1375038604
3759515,25591,4340,3.0,1197040284
3759516,25591,4370,1.5,1128720830
3759517,25591,4446,3.5,1123005933
3759518,25591,4447,3.5,1133390886
3759519,25591,4626,4.5,1377026660
3759520,25591,4641,4.0,1348429164
3759521,25591,4735,3.0,1366484442
3759522,25591,4776,2.5,1126086932
3759523,25591,4848,4.0,1123006380
3759524,25591,4865,4.0,1364764717
3759525,25591,4874,4.5,1130970721
3759526,25591,4878,5.0,1124360883
3759527,25591,4896,2.0,1370534549
3759528,25591,4941,3.5,1221548468
3759529,25591,4973,4.0,1122039248
3759530,25591,4975,4.0,1123005969
3759531,25591,4993,5.0,1125167649
3759532,25591,4995,3.5,1123003869
3759533,25591,5013,1.0,1133052823
3759534,25591,5016,4.0,1185260664
3759535,25591,5046,4.5,1383338123
3759536,25591,5060,3.5,1122038190
3759537,25591,5065,4.5,1122039957
3759538,25591,5171,3.5,1122040077
3759539,25591,5218,3.5,1128721522
3759540,25591,5219,3.5,1225478925
3759541,25591,5329,3.5,1123006219
3759542,25591,5378,1.0,1122038686
3759543,25591,5389,2.5,1131303785
3759544,25591,5479,3.5,1332174058
3759545,25591,5502,1.5,1135592543
3759546,25591,5504,1.5,1133390233
3759547,25591,5528,3.5,1123005958
3759548,25591,5608,4.5,1349469704
3759549,25591,5630,4.0,1133053289
3759550,25591,5679,4.0,1122040261
3759551,25591,5833,3.0,1306350026
3759552,25591,5903,5.0,1122039537
3759553,25591,5944,4.0,1122038988
3759554,25591,5945,2.5,1133053274
3759555,25591,5952,4.5,1122038160
3759556,25591,5989,3.5,1258130912
3759557,25591,5994,3.5,1153775166
3759558,25591,5995,4.0,1129371542
3759559,25591,6089,3.0,1133053773
3759560,25591,6123,3.0,1165948521
3759561,25591,6250,3.5,1221712580
3759562,25591,6287,4.0,1133419891
3759563,25591,6303,4.0,1129231247
3759564,25591,6305,4.5,1124390080
3759565,25591,6333,3.0,1122039376
3759566,25591,6365,2.5,1123004391
3759567,25591,6377,3.0,1122038280
3759568,25591,6502,4.5,1122039698
3759569,25591,6659,3.5,1123003728
3759570,25591,6731,4.0,1347815720
3759571,25591,6805,3.5,1131917208
3759572,25591,6862,3.0,1125167814
3759573,25591,6863,3.5,1124429750
3759574,25591,6874,4.0,1123003993
3759575,25591,6934,2.5,1123004393
3759576,25591,6953,4.0,1266183391
3759577,25591,6979,3.5,1133391403
3759578,25591,6996,3.0,1153775784
3759579,25591,7022,3.0,1334474060
3759580,25591,7034,3.5,1124361131
3759581,25591,7153,4.5,1125167652
3759582,25591,7254,4.5,1387028153
3759583,25591,7293,4.0,1125948971
3759584,25591,7323,3.0,1362345787
3759585,25591,7360,4.5,1123004059
3759586,25591,7381,3.5,1125907810
3759587,25591,7387,3.5,1347815731
3759588,25591,7438,3.0,1174858850
3759589,25591,7458,2.0,1124126238
3759590,25591,7502,3.5,1298924510
3759591,25591,7581,4.0,1286959413
3759592,25591,7649,4.5,1123057113
3759593,25591,7810,4.0,1122039663
3759594,25591,7811,4.0,1122039669
3759595,25591,7812,4.5,1122039671
3759596,25591,7827,4.5,1131004076
3759597,25591,8134,5.0,1122040287
3759598,25591,8360,2.5,1131488861
3759599,25591,8361,3.5,1123005451
3759600,25591,8368,2.5,1133092057
3759601,25591,8370,5.0,1122040415
3759602,25591,8371,5.0,1126596405
3759603,25591,8373,2.5,1276622942
3759604,25591,8477,4.0,1123003622
3759605,25591,8526,3.0,1155834806
3759606,25591,8529,2.5,1403213677
3759607,25591,8531,3.0,1131833300
3759608,25591,8576,3.0,1123004025
3759609,25591,8622,4.0,1123006383
3759610,25591,8642,1.0,1381667310
3759611,25591,8644,2.0,1369855740
3759612,25591,8784,1.5,1341000269
3759613,25591,8861,3.0,1153775581
3759614,25591,8914,2.0,1387133630
3759615,25591,8947,3.0,1126596429
3759616,25591,8949,2.5,1128720765
3759617,25591,8950,4.0,1226299880
3759618,25591,26285,3.5,1122039558
3759619,25591,26444,4.0,1302625248
3759620,25591,27548,2.0,1277449803
3759621,25591,27592,4.0,1225478021
3759622,25591,27611,4.0,1348896874
3759623,25591,27700,3.0,1142841223
3759624,25591,27721,4.0,1123848159
3759625,25591,27773,4.5,1293233862
3759626,25591,27904,5.0,1282066716
3759627,25591,30825,4.0,1127849349
3759628,25591,31410,4.5,1122038587
3759629,25591,31427,2.5,1123004660
3759630,25591,31696,3.5,1135981397
3759631,25591,32587,5.0,1131833288
3759632,25591,33004,4.0,1122039516
3759633,25591,33158,2.0,1137140701
3759634,25591,33162,3.0,1145310136
3759635,25591,33164,1.5,1326200069
3759636,25591,33493,1.5,1128720787
3759637,25591,33834,3.0,1347907769
3759638,25591,34048,2.0,1229847861
3759639,25591,34319,3.5,1378044787
3759640,25591,34405,4.0,1142841274
3759641,25591,36529,4.0,1256845303
3759642,25591,37729,3.5,1243407883
3759643,25591,38038,4.5,1170690835
3759644,25591,39400,2.0,1140453456
3759645,25591,40581,2.5,1155933590
3759646,25591,40819,4.0,1220971049
3759647,25591,40851,4.0,1404044859
3759648,25591,42632,4.0,1168353114
3759649,25591,42738,3.5,1414796141
3759650,25591,43589,3.5,1382298653
3759651,25591,44191,4.5,1236720619
3759652,25591,44204,3.5,1256487196
3759653,25591,44665,4.0,1153775205
3759654,25591,44828,3.5,1411228393
3759655,25591,45635,3.5,1289854962
3759656,25591,45662,3.0,1347652112
3759657,25591,46972,2.5,1243537683
3759658,25591,47200,3.5,1251871536
3759659,25591,47610,5.0,1368870314
3759660,25591,47997,3.0,1311773490
3759661,25591,48304,3.0,1373236468
3759662,25591,48394,2.0,1221476838
3759663,25591,48660,5.0,1364681908
3759664,25591,48774,4.0,1393187374
3759665,25591,48780,4.0,1258972216
3759666,25591,48997,4.5,1314213175
3759667,25591,49272,2.5,1221429957
3759668,25591,49278,3.0,1256846929
3759669,25591,49651,2.5,1260770075
3759670,25591,51037,3.0,1239575428
3759671,25591,51412,3.5,1261754488
3759672,25591,51540,4.0,1288564401
3759673,25591,51562,3.5,1237141180
3759674,25591,51662,4.0,1221030127
3759675,25591,52319,3.5,1292226236
3759676,25591,52458,3.0,1202287791
3759677,25591,53000,3.5,1225478907
3759678,25591,53906,4.0,1286015696
3759679,25591,53953,3.5,1196181158
3759680,25591,54259,4.0,1221429705
3759681,25591,54736,3.0,1239575309
3759682,25591,55080,3.0,1221429129
3759683,25591,55232,2.5,1221030046
3759684,25591,55274,2.0,1250628043
3759685,25591,55280,3.0,1324625761
3759686,25591,55282,2.5,1355171004
3759687,25591,55462,4.0,1374446162
3759688,25591,55820,1.5,1326197468
3759689,25591,55830,3.0,1220970912
3759690,25591,55908,5.0,1246309750
3759691,25591,56003,4.5,1218237543
3759692,25591,56145,4.0,1226299870
3759693,25591,56174,3.0,1355171426
3759694,25591,56757,3.5,1302626262
3759695,25591,56915,3.0,1270468936
3759696,25591,56921,4.0,1348896877
3759697,25591,57368,3.0,1344681319
3759698,25591,57669,5.0,1252581635
3759699,25591,58078,4.0,1221429199
3759700,25591,58295,4.0,1269545805
3759701,25591,58297,3.5,1411768047
3759702,25591,58559,4.0,1220970274
3759703,25591,59260,2.5,1252259356
3759704,25591,59369,4.0,1231512139
3759705,25591,59387,1.5,1221417242
3759706,25591,60037,3.0,1301808385
3759707,25591,60074,3.5,1286820737
3759708,25591,60161,2.5,1237141534
3759709,25591,60463,2.5,1270914766
3759710,25591,60684,4.0,1335624122
3759711,25591,60753,3.5,1225476879
3759712,25591,61024,2.0,1424628094
3759713,25591,61132,3.5,1391025158
3759714,25591,61240,4.5,1227648180
3759715,25591,61692,1.5,1357076902
3759716,25591,62250,2.0,1235843033
3759717,25591,62733,3.0,1274049170
3759718,25591,62834,4.0,1225620111
3759719,25591,63072,4.0,1302500914
3759720,25591,63992,3.5,1229847885
3759721,25591,64957,4.0,1248037182
3759722,25591,65088,1.5,1304803041
3759723,25591,65642,3.5,1353007668
3759724,25591,65882,3.5,1302625047
3759725,25591,65982,2.5,1395504325
3759726,25591,66171,4.0,1388865477
3759727,25591,66789,2.0,1258289791
3759728,25591,67073,3.5,1397375917
3759729,25591,67186,3.0,1273998181
3759730,25591,67197,3.0,1282122379
3759731,25591,67255,4.5,1274187940
3759732,25591,68157,3.5,1293233349
3759733,25591,68205,2.0,1258377183
3759734,25591,68237,3.0,1261639685
3759735,25591,68358,3.5,1243407230
3759736,25591,69122,2.5,1261598155
3759737,25591,69757,3.5,1426484792
3759738,25591,70286,3.5,1251692990
3759739,25591,71057,3.5,1286820726
3759740,25591,71135,4.0,1294484007
3759741,25591,71156,4.0,1301172384
3759742,25591,71254,3.5,1408823502
3759743,25591,71379,3.5,1311802802
3759744,25591,71484,4.0,1357506381
3759745,25591,71530,3.5,1255983898
3759746,25591,71535,3.5,1257153454
3759747,25591,71732,4.5,1344250040
3759748,25591,71745,3.0,1261598132
3759749,25591,72393,4.0,1309722415
3759750,25591,72395,3.0,1363551023
3759751,25591,72694,3.0,1364678453
3759752,25591,72762,3.0,1307955419
3759753,25591,73168,4.0,1324764494
3759754,25591,73268,4.0,1273998235
3759755,25591,73323,4.5,1274187924
3759756,25591,73718,2.5,1267439172
3759757,25591,74075,2.5,1388871143
3759758,25591,74156,4.0,1273922142
3759759,25591,74458,4.0,1334151827
3759760,25591,74510,4.5,1274187939
3759761,25591,74851,4.0,1403465691
3759762,25591,75425,2.0,1308924040
3759763,25591,76082,3.0,1407274274
3759764,25591,77427,2.5,1279556035
3759765,25591,77866,3.0,1288564333
3759766,25591,79132,3.5,1292226245
3759767,25591,79428,4.0,1419542198
3759768,25591,80489,4.0,1368555403
3759769,25591,80549,2.0,1357375747
3759770,25591,80917,2.5,1364053458
3759771,25591,82202,3.5,1319443917
3759772,25591,82461,3.0,1310939938
3759773,25591,82703,4.0,1357084569
3759774,25591,84613,3.0,1361133381
3759775,25591,85020,4.0,1423387627
3759776,25591,85414,4.5,1397418122
3759777,25591,85788,2.5,1361821293
3759778,25591,86355,4.0,1347389702
3759779,25591,86957,2.5,1357511170
3759780,25591,89305,3.0,1364147042
3759781,25591,89470,2.5,1344623860
3759782,25591,89629,4.0,1400356578
3759783,25591,89759,3.0,1337235071
3759784,25591,91273,5.0,1400922608
3759785,25591,91490,2.5,1347482299
3759786,25591,91500,4.0,1334151831
3759787,25591,92192,1.5,1426275546
3759788,25591,92923,3.0,1379196061
3759789,25591,93563,4.5,1342211135
3759790,25591,93805,2.5,1339042851
3759791,25591,93840,3.5,1390034357
3759792,25591,94278,4.5,1335624332
3759793,25591,94959,4.0,1419595474
3759794,25591,95088,4.0,1417967875
3759795,25591,95875,3.0,1345587073
3759796,25591,96079,4.0,1403454374
3759797,25591,96510,2.5,1356273542
3759798,25591,96610,3.0,1349469667
3759799,25591,97188,3.5,1422737594
3759800,25591,97752,2.5,1386619906
3759801,25591,99007,4.5,1372015829
3759802,25591,99114,4.0,1357068745
3759803,25591,99437,4.0,1419542181
3759804,25591,99937,2.0,1404569492
3759805,25591,100326,4.0,1417978751
3759806,25591,100450,3.0,1392592546
3759807,25591,100611,3.0,1379847017
3759808,25591,101997,2.5,1400427983
3759809,25591,102445,4.0,1420485734
3759810,25591,103228,3.5,1403901867
3759811,25591,103253,3.0,1400101037
3759812,25591,103306,4.5,1398089277
3759813,25591,103727,3.0,1424551803
3759814,25591,104078,0.5,1422718960
3759815,25591,104243,3.0,1418672722
3759816,25591,104841,3.5,1401738179
3759817,25591,105746,3.5,1401475258
3759818,25591,106918,0.5,1390684855
3759819,25591,107314,3.0,1423340655
3759820,25591,107737,4.0,1401404764
3759821,25591,114180,4.0,1415390083
3759822,25592,3,3.0,842850637
3759823,25592,6,3.0,842850054
3759824,25592,10,4.0,842849702
3759825,25592,11,3.0,842928436
3759826,25592,15,4.0,842850468
3759827,25592,16,1.0,842850117
3759828,25592,19,3.0,842849740
3759829,25592,21,4.0,842849757
3759830,25592,39,2.0,842928436
3759831,25592,44,2.0,842849869
3759832,25592,47,3.0,842849740
3759833,25592,50,5.0,842849777
3759834,25592,95,3.0,842928477
3759835,25592,110,4.0,842849680
3759836,25592,122,3.0,842850357
3759837,25592,141,3.0,842849381
3759838,25592,145,4.0,842850215
3759839,25592,151,4.0,842849916
3759840,25592,153,3.0,842849609
3759841,25592,158,3.0,842928457
3759842,25592,160,3.0,842849813
3759843,25592,161,3.0,842849658
3759844,25592,163,3.0,842850130
3759845,25592,164,4.0,842850560
3759846,25592,165,4.0,842849609
3759847,25592,168,3.0,842928527
3759848,25592,172,4.0,842850004
3759849,25592,173,3.0,842849813
3759850,25592,181,2.0,842928599
3759851,25592,185,3.0,842849703
3759852,25592,186,3.0,842928477
3759853,25592,194,3.0,842850648
3759854,25592,196,3.0,842849854
3759855,25592,204,3.0,842849979
3759856,25592,208,3.0,842849680
3759857,25592,227,3.0,842850105
3759858,25592,231,4.0,842849628
3759859,25592,235,1.0,842928477
3759860,25592,236,3.0,842928457
3759861,25592,237,3.0,842928599
3759862,25592,252,3.0,842928477
3759863,25592,253,3.0,842849702
3759864,25592,256,3.0,842928527
3759865,25592,266,3.0,842928436
3759866,25592,282,2.0,842928457
3759867,25592,288,1.0,842849702
3759868,25592,292,3.0,842928390
3759869,25592,293,4.0,842849979
3759870,25592,296,5.0,842849228
3759871,25592,300,4.0,842849723
3759872,25592,305,3.0,842850398
3759873,25592,306,3.0,842928862
3759874,25592,307,3.0,842850588
3759875,25592,308,3.0,842850670
3759876,25592,315,3.0,842849838
3759877,25592,316,3.0,842849628
3759878,25592,318,4.0,842849658
3759879,25592,329,3.0,842849658
3759880,25592,337,4.0,842849838
3759881,25592,339,3.0,842928390
3759882,25592,342,3.0,842850105
3759883,25592,344,3.0,842849609
3759884,25592,348,3.0,842928599
3759885,25592,349,3.0,842849609
3759886,25592,350,3.0,842849813
3759887,25592,353,3.0,842849979
3759888,25592,355,2.0,842928540
3759889,25592,356,5.0,842849658
3759890,25592,357,4.0,842849813
3759891,25592,362,5.0,842850199
3759892,25592,364,3.0,842849723
3759893,25592,367,4.0,842849740
3759894,25592,368,4.0,842849989
3759895,25592,370,3.0,842850025
3759896,25592,376,4.0,842850322
3759897,25592,377,4.0,842849723
3759898,25592,380,5.0,842849228
3759899,25592,383,4.0,842850333
3759900,25592,405,3.0,842850560
3759901,25592,410,2.0,842928390
3759902,25592,415,3.0,842850637
3759903,25592,420,2.0,842849777
3759904,25592,426,3.0,842850480
3759905,25592,431,4.0,842850199
3759906,25592,432,3.0,842849813
3759907,25592,434,4.0,842849658
3759908,25592,435,2.0,842928436
3759909,25592,440,4.0,842849789
3759910,25592,442,4.0,842849854
3759911,25592,454,4.0,842849723
3759912,25592,457,4.0,842849628
3759913,25592,466,3.0,842850105
3759914,25592,471,4.0,842850322
3759915,25592,474,4.0,842849838
3759916,25592,480,3.0,842849680
3759917,25592,485,4.0,842850077
3759918,25592,489,3.0,842850452
3759919,25592,494,4.0,842850357
3759920,25592,497,5.0,842850040
3759921,25592,500,4.0,842849740
3759922,25592,508,3.0,842928457
3759923,25592,509,3.0,842849854
3759924,25592,515,3.0,842928573
3759925,25592,519,3.0,842850619
3759926,25592,520,2.0,842850105
3759927,25592,527,3.0,842928408
3759928,25592,533,4.0,842850670
3759929,25592,535,3.0,842850452
3759930,25592,539,3.0,842928408
3759931,25592,546,2.0,842850619
3759932,25592,551,3.0,842928527
3759933,25592,552,4.0,842850077
3759934,25592,553,4.0,842849854
3759935,25592,555,3.0,842850004
3759936,25592,586,3.0,842849757
3759937,25592,587,3.0,842849757
3759938,25592,588,3.0,842928390
3759939,25592,589,5.0,842849702
3759940,25592,590,4.0,842849228
3759941,25592,592,3.0,842849228
3759942,25592,593,5.0,842849628
3759943,25592,594,4.0,842928573
3759944,25592,595,3.0,842928390
3759945,25592,597,3.0,842849757
3759946,25592,648,4.0,843808922
3759947,25592,733,4.0,842849414
3759948,25592,736,3.0,842849381
3759949,25592,784,2.0,842849414
3759950,25592,786,3.0,842849414
3759951,25593,1,1.0,1191512681
3759952,25593,22,3.5,1191512395
3759953,25593,31,3.5,1191512454
3759954,25593,44,0.5,1191512436
3759955,25593,110,4.0,1191512660
3759956,25593,252,3.0,1191512413
3759957,25593,253,5.0,1191512729
3759958,25593,277,3.0,1191512540
3759959,25593,345,4.5,1191512391
3759960,25593,356,5.0,1191512648
3759961,25593,380,2.0,1191512678
3759962,25593,457,3.0,1191512654
3759963,25593,480,4.0,1191512644
3759964,25593,585,4.5,1191512547
3759965,25593,592,2.5,1191512663
3759966,25593,593,4.0,1191512646
3759967,25593,647,3.0,1191512449
3759968,25593,780,2.0,1191512675
3759969,25593,914,3.5,1191512466
3759970,25593,1047,4.0,1191512459
3759971,25593,1282,3.0,1191512408
3759972,25593,1339,4.5,1191512543
3759973,25593,1721,5.0,1191512720
3759974,25593,1876,2.0,1191512398
3759975,25593,2336,5.0,1191512451
3759976,25593,2407,2.5,1191512431
3759977,25593,2858,4.5,1191512703
3759978,25593,54259,3.5,1191512780
3759979,25594,1,5.0,1145532797
3759980,25594,18,5.0,1145545387
3759981,25594,21,3.0,1146062511
3759982,25594,32,5.0,1145532819
3759983,25594,47,5.0,1145532118
3759984,25594,50,4.5,1145532827
3759985,25594,70,5.0,1145545384
3759986,25594,94,4.0,1145531178
3759987,25594,110,5.0,1145532132
3759988,25594,161,3.0,1145532131
3759989,25594,163,5.0,1145530611
3759990,25594,172,4.0,1145530644
3759991,25594,173,0.5,1145530572
3759992,25594,180,5.0,1145531119
3759993,25594,185,5.0,1145532109
3759994,25594,198,4.0,1145532316
3759995,25594,231,4.5,1145532100
3759996,25594,252,4.0,1145532299
3759997,25594,253,4.0,1146062508
3759998,25594,266,5.0,1145532302
3759999,25594,293,4.5,1146062709
3760000,25594,296,5.0,1145532773
3760001,25594,315,3.5,1146062710
3760002,25594,316,4.5,1145532098
3760003,25594,318,5.0,1145531232
3760004,25594,327,4.0,1146063112
3760005,25594,337,4.5,1145532281
3760006,25594,344,4.5,1145532832
3760007,25594,349,1.5,1145532841
3760008,25594,353,4.0,1145530981
3760009,25594,356,5.0,1145532777
3760010,25594,370,3.5,1145530595
3760011,25594,377,3.0,1145532825
3760012,25594,420,4.0,1146062677
3760013,25594,431,4.0,1145531130
3760014,25594,441,3.0,1146063084
3760015,25594,457,4.5,1145532782
3760016,25594,480,4.5,1145532780
3760017,25594,542,3.0,1146063078
3760018,25594,589,5.0,1145532794
3760019,25594,590,3.5,1145532039
3760020,25594,593,4.5,1145532775
3760021,25594,608,0.5,1145532822
3760022,25594,648,4.5,1145532829
3760023,25594,653,3.0,1146062669
3760024,25594,707,3.5,1146063070
3760025,25594,733,4.5,1145531266
3760026,25594,778,4.5,1180710496
3760027,25594,780,4.5,1145532036
3760028,25594,786,2.5,1146062665
3760029,25594,818,3.5,1146063075
3760030,25594,832,2.5,1145530576
3760031,25594,858,4.5,1145531235
3760032,25594,880,3.0,1146063043
3760033,25594,1010,3.5,1146063039
3760034,25594,1061,4.0,1145531136
3760035,25594,1079,3.5,1146062656
3760036,25594,1080,4.5,1180710614
3760037,25594,1089,5.0,1145545388
3760038,25594,1092,2.5,1146062653
3760039,25594,1120,4.0,1145532271
3760040,25594,1136,4.5,1146062503
3760041,25594,1196,5.0,1145532034
3760042,25594,1198,3.5,1180710253
3760043,25594,1210,4.0,1180710648
3760044,25594,1222,4.5,1180710327
3760045,25594,1258,4.5,1180710517
3760046,25594,1271,5.0,1145532243
3760047,25594,1275,4.5,1145531157
3760048,25594,1347,3.0,1146062995
3760049,25594,1380,3.0,1145530599
3760050,25594,1500,4.5,1145532238
3760051,25594,1513,3.5,1145532236
3760052,25594,1517,4.5,1146062588
3760053,25594,1527,5.0,1145531133
3760054,25594,1552,3.5,1146062586
3760055,25594,1580,5.0,1145531532
3760056,25594,1610,3.5,1145531211
3760057,25594,1617,3.0,1180710370
3760058,25594,1625,5.0,1145531176
3760059,25594,1639,4.5,1145530635
3760060,25594,1653,4.0,1145530566
3760061,25594,1680,4.0,1146062984
3760062,25594,1693,3.5,1145531121
3760063,25594,1704,4.5,1165564381
3760064,25594,1722,3.5,1146062583
3760065,25594,1729,5.0,1145545386
3760066,25594,1732,4.5,1145532230
3760067,25594,1777,5.0,1145531553
3760068,25594,1799,5.0,1145530915
3760069,25594,1882,3.0,1146062983
3760070,25594,1884,5.0,1146062980
3760071,25594,1923,5.0,1145530934
3760072,25594,1961,4.5,1180710644
3760073,25594,2023,5.0,1145532231
3760074,25594,2028,5.0,1145532031
3760075,25594,2053,2.0,1146062975
3760076,25594,2054,1.0,1145530570
3760077,25594,2058,4.0,1145531548
3760078,25594,2100,3.5,1145532181
3760079,25594,2115,4.0,1145531062
3760080,25594,2153,3.0,1165565014
3760081,25594,2194,4.0,1145530621
3760082,25594,2231,5.0,1165564397
3760083,25594,2268,4.0,1145532184
3760084,25594,2273,3.0,1146062579
3760085,25594,2278,5.0,1145531125
3760086,25594,2288,3.0,1146062935
3760087,25594,2324,3.5,1180710557
3760088,25594,2329,5.0,1165564369
3760089,25594,2335,3.5,1146062929
3760090,25594,2340,4.0,1146062930
3760091,25594,2353,4.5,1145530646
3760092,25594,2379,3.0,1146062927
3760093,25594,2395,2.5,1145532187
3760094,25594,2410,3.5,1146062901
3760095,25594,2470,4.0,1146062540
3760096,25594,2542,4.5,1180710373
3760097,25594,2571,5.0,1180710332
3760098,25594,2640,4.0,1145530580
3760099,25594,2671,3.5,1146062539
3760100,25594,2694,2.5,1145532172
3760101,25594,2699,3.0,1145530638
3760102,25594,2701,2.0,1145532168
3760103,25594,2712,4.0,1145532166
3760104,25594,2716,5.0,1146062498
3760105,25594,2762,4.5,1165564379
3760106,25594,2764,4.0,1145531159
3760107,25594,2770,2.5,1145532192
3760108,25594,2858,4.5,1180710311
3760109,25594,2959,5.0,1180710243
3760110,25594,2997,5.0,1145532166
3760111,25594,3052,4.5,1145530995
3760112,25594,3081,4.5,1145531116
3760113,25594,3082,4.0,1146062850
3760114,25594,3100,5.0,1146062847
3760115,25594,3147,5.0,1146062527
3760116,25594,3156,2.5,1146062843
3760117,25594,3186,3.5,1145531208
3760118,25594,3252,5.0,1145532433
3760119,25594,3253,4.0,1145531095
3760120,25594,3271,5.0,1146062836
3760121,25594,3275,5.0,1180710655
3760122,25594,3298,4.5,1146062833
3760123,25594,3354,3.5,1145532424
3760124,25594,3438,2.0,1146062829
3760125,25594,3448,5.0,1145531199
3760126,25594,3481,5.0,1145532161
3760127,25594,3593,4.5,1146062825
3760128,25594,3623,4.0,1145530615
3760129,25594,3624,3.0,1145532418
3760130,25594,3751,4.0,1145530588
3760131,25594,3785,3.5,1145532382
3760132,25594,3793,5.0,1145530874
3760133,25594,3868,3.5,1145532378
3760134,25594,3948,5.0,1145531533
3760135,25594,3949,4.0,1180710335
3760136,25594,3977,3.0,1145530640
3760137,25594,3980,4.5,1145532374
3760138,25594,3994,4.5,1145530886
3760139,25594,3996,4.0,1146062518
3760140,25594,4011,5.0,1145532124
3760141,25594,4015,3.0,1145532369
3760142,25594,4019,4.5,1145530983
3760143,25594,4034,3.5,1145530605
3760144,25594,4226,5.0,1180710238
3760145,25594,4262,5.0,1180710504
3760146,25594,4299,4.0,1146062776
3760147,25594,4308,2.0,1146062517
3760148,25594,4310,3.0,1146062774
3760149,25594,4446,5.0,1145532360
3760150,25594,4489,4.5,1146062771
3760151,25594,4701,2.5,1145532366
3760152,25594,4776,5.0,1180710227
3760153,25594,4816,4.0,1146062765
3760154,25594,4848,3.5,1146062763
3760155,25594,4878,3.0,1145532126
3760156,25594,4886,4.0,1145530592
3760157,25594,4889,4.0,1146063357
3760158,25594,4963,5.0,1145530991
3760159,25594,4993,4.0,1180710257
3760160,25594,5010,4.5,1145531215
3760161,25594,5110,2.5,1146063329
3760162,25594,5218,5.0,1145531090
3760163,25594,5283,3.5,1146063314
3760164,25594,5349,4.5,1145530879
3760165,25594,5445,4.5,1145530590
3760166,25594,5446,3.0,1146063307
3760167,25594,5630,3.5,1145530918
3760168,25594,5816,4.0,1146062514
3760169,25594,5945,3.5,1146062726
3760170,25594,5952,4.0,1165564376
3760171,25594,5989,4.0,1165564394
3760172,25594,5995,5.0,1145532335
3760173,25594,6156,3.0,1146063186
3760174,25594,6157,4.5,1146062722
3760175,25594,6333,4.5,1145530929
3760176,25594,6377,5.0,1180710662
3760177,25594,6503,3.0,1146062720
3760178,25594,6539,5.0,1145532121
3760179,25594,6874,5.0,1145545390
3760180,25594,6888,3.0,1146063181
3760181,25594,6893,4.0,1146063176
3760182,25594,6944,3.0,1146063174
3760183,25594,7143,4.5,1145531092
3760184,25594,7153,3.5,1165564373
3760185,25594,7173,4.0,1146063165
3760186,25594,7373,4.5,1146063164
3760187,25594,7438,5.0,1145532330
3760188,25594,8604,4.5,1145531204
3760189,25594,8636,4.5,1145530932
3760190,25594,8644,5.0,1145532323
3760191,25594,8781,3.5,1145530938
3760192,25594,8874,3.5,1165564997
3760193,25594,8961,4.0,1180710393
3760194,25594,8984,3.5,1146063126
3760195,25594,30707,4.0,1180710639
3760196,25594,30793,4.0,1146063123
3760197,25594,31101,4.5,1180710620
3760198,25594,31617,5.0,1180710365
3760199,25594,31696,4.0,1146063121
3760200,25594,31804,4.0,1146062430
3760201,25594,32587,5.0,1145637252
3760202,25594,33166,4.5,1165564388
3760203,25594,33493,4.5,1145530924
3760204,25594,33660,3.0,1180710340
3760205,25594,33794,5.0,1146062716
3760206,25594,34048,3.0,1146063118
3760207,25594,34162,5.0,1145531162
3760208,25594,37830,5.0,1146062298
3760209,25594,39234,4.5,1145531100
3760210,25594,44022,4.5,1146062386
3760211,25594,44195,3.5,1180710379
3760212,25594,44199,3.5,1180710598
3760213,25594,44204,5.0,1145531879
3760214,25594,44665,4.0,1180710219
3760215,25594,48516,5.0,1180710233
3760216,25594,49272,3.5,1180710388
3760217,25594,49530,5.0,1180710325
3760218,25595,32,5.0,941636077
3760219,25595,47,4.0,941635721
3760220,25595,50,5.0,941635463
3760221,25595,185,4.0,941636368
3760222,25595,196,3.0,941636624
3760223,25595,260,5.0,941635652
3760224,25595,296,3.0,941635519
3760225,25595,329,4.0,941636444
3760226,25595,480,4.0,941636270
3760227,25595,504,4.0,941636590
3760228,25595,519,1.0,941636817
3760229,25595,589,4.0,941636139
3760230,25595,593,4.0,941635652
3760231,25595,611,1.0,941636817
3760232,25595,737,1.0,941636817
3760233,25595,750,5.0,941636368
3760234,25595,780,3.0,941636543
3760235,25595,788,2.0,941636543
3760236,25595,858,3.0,941635519
3760237,25595,880,2.0,941636817
3760238,25595,899,3.0,941635345
3760239,25595,903,4.0,941635463
3760240,25595,924,5.0,941636368
3760241,25595,1079,5.0,941637002
3760242,25595,1097,3.0,941636270
3760243,25595,1127,4.0,941636368
3760244,25595,1172,3.0,941637145
3760245,25595,1193,5.0,941635463
3760246,25595,1196,4.0,941636139
3760247,25595,1197,5.0,941635652
3760248,25595,1198,5.0,941635721
3760249,25595,1199,3.0,941636139
3760250,25595,1200,5.0,941636077
3760251,25595,1204,3.0,941635395
3760252,25595,1206,4.0,941636299
3760253,25595,1210,4.0,941636077
3760254,25595,1214,5.0,941636139
3760255,25595,1220,4.0,941637035
3760256,25595,1240,4.0,941636077
3760257,25595,1270,4.0,941636139
3760258,25595,1288,4.0,941637070
3760259,25595,1307,4.0,941637035
3760260,25595,1320,3.0,941636757
3760261,25595,1356,3.0,941636368
3760262,25595,1371,4.0,941636757
3760263,25595,1374,4.0,941636368
3760264,25595,1376,4.0,941636368
3760265,25595,1381,2.0,941637513
3760266,25595,1387,2.0,941635463
3760267,25595,1391,5.0,941636624
3760268,25595,1394,3.0,941637002
3760269,25595,1544,4.0,941636817
3760270,25595,1573,4.0,941636624
3760271,25595,1580,5.0,941636270
3760272,25595,1584,3.0,941636077
3760273,25595,1663,4.0,941637106
3760274,25595,1704,5.0,941635583
3760275,25595,1779,3.0,941636543
3760276,25595,1862,2.0,941636884
3760277,25595,1876,3.0,941636543
3760278,25595,1921,4.0,941636188
3760279,25595,1968,4.0,941637106
3760280,25595,2001,3.0,941637230
3760281,25595,2003,1.0,941637301
3760282,25595,2011,3.0,941636270
3760283,25595,2012,3.0,941636444
3760284,25595,2034,3.0,941636884
3760285,25595,2053,1.0,941636884
3760286,25595,2054,2.0,941636662
3760287,25595,2081,2.0,941635721
3760288,25595,2085,3.0,941635519
3760289,25595,2105,3.0,941636590
3760290,25595,2110,3.0,941637378
3760291,25595,2134,2.0,941637182
3760292,25595,2140,3.0,941636230
3760293,25595,2145,3.0,941637182
3760294,25595,2150,3.0,941637106
3760295,25595,2163,1.0,941637469
3760296,25595,2174,3.0,941637070
3760297,25595,2247,2.0,941637338
3760298,25595,2248,4.0,941637002
3760299,25595,2301,4.0,941637230
3760300,25595,2311,2.0,941636230
3760301,25595,2352,3.0,941637002
3760302,25595,2369,2.0,941637378
3760303,25595,2371,5.0,941637035
3760304,25595,2372,4.0,941637230
3760305,25595,2378,2.0,941637338
3760306,25595,2379,1.0,941637513
3760307,25595,2380,1.0,941637513
3760308,25595,2381,1.0,941637513
3760309,25595,2382,1.0,941637513
3760310,25595,2383,1.0,941637469
3760311,25595,2398,3.0,941635652
3760312,25595,2405,4.0,941637338
3760313,25595,2406,4.0,941637002
3760314,25595,2413,2.0,941637262
3760315,25595,2416,3.0,941637106
3760316,25595,2423,2.0,941637230
3760317,25595,2454,2.0,941636444
3760318,25595,2463,3.0,941637262
3760319,25595,2470,4.0,941637002
3760320,25595,2478,3.0,941637145
3760321,25595,2528,4.0,941635721
3760322,25595,2529,3.0,941636188
3760323,25595,2571,4.0,941636077
3760324,25595,2628,2.0,941636077
3760325,25595,2657,3.0,941636230
3760326,25595,2662,3.0,941636188
3760327,25595,2664,4.0,941636188
3760328,25595,2710,3.0,941637879
3760329,25595,2716,3.0,941637002
3760330,25595,2717,2.0,941637469
3760331,25595,2762,5.0,941634839
3760332,25595,2791,4.0,941635583
3760333,25595,2792,3.0,941637513
3760334,25595,2794,2.0,941637513
3760335,25595,2795,3.0,941637230
3760336,25595,2796,2.0,941637469
3760337,25595,2797,5.0,941637002
3760338,25595,2858,4.0,941634839
3760339,25595,2881,1.0,941635101
3760340,25595,2891,4.0,941634907
3760341,25595,2915,4.0,941637301
3760342,25595,2916,5.0,941636491
3760343,25595,2918,5.0,941637002
3760344,25595,2968,2.0,941636917
3760345,25595,2985,3.0,941635583
3760346,25595,2986,1.0,941636884
3760347,25595,3033,2.0,941636718
3760348,25595,3041,2.0,941637559
3760349,25595,3042,1.0,941637559
3760350,25595,3070,3.0,941637182
3760351,25595,3072,2.0,941637145
3760352,25596,39,4.0,1250859866
3760353,25596,47,4.0,1250694918
3760354,25596,50,3.0,1250694842
3760355,25596,88,2.0,1250860312
3760356,25596,112,2.5,1250859940
3760357,25596,135,4.0,1250694102
3760358,25596,165,4.5,1250695979
3760359,25596,170,2.0,1250694071
3760360,25596,196,2.5,1250860150
3760361,25596,260,4.0,1250694463
3760362,25596,272,4.0,1250695659
3760363,25596,329,3.0,1250696003
3760364,25596,344,4.5,1250695959
3760365,25596,428,4.0,1250695018
3760366,25596,431,1.5,1250694036
3760367,25596,454,4.0,1250860087
3760368,25596,480,2.5,1250694441
3760369,25596,485,0.5,1250693905
3760370,25596,508,3.0,1250695677
3760371,25596,519,0.5,1250860306
3760372,25596,529,3.5,1250695147
3760373,25596,588,3.0,1250859974
3760374,25596,589,4.0,1250776479
3760375,25596,592,3.0,1250860459
3760376,25596,597,3.5,1250695985
3760377,25596,733,3.5,1250695990
3760378,25596,750,4.5,1250696105
3760379,25596,780,4.0,1250695939
3760380,25596,785,0.5,1250694007
3760381,25596,802,2.0,1250693910
3760382,25596,888,0.5,1250860719
3760383,25596,902,3.5,1251521738
3760384,25596,910,5.0,1250694012
3760385,25596,912,4.5,1250694882
3760386,25596,1036,4.5,1250776491
3760387,25596,1073,4.0,1250696008
3760388,25596,1101,4.5,1251596695
3760389,25596,1136,4.0,1250695041
3760390,25596,1185,4.0,1250694607
3760391,25596,1197,4.0,1250860443
3760392,25596,1201,5.0,1250860909
3760393,25596,1208,4.5,1250695009
3760394,25596,1210,3.0,1250695944
3760395,25596,1217,4.5,1251661206
3760396,25596,1225,5.0,1250694807
3760397,25596,1240,3.0,1250695313
3760398,25596,1242,4.0,1250694787
3760399,25596,1247,4.0,1250695352
3760400,25596,1270,4.0,1250695241
3760401,25596,1272,4.0,1250694054
3760402,25596,1293,4.0,1250694817
3760403,25596,1304,2.5,1250694798
3760404,25596,1357,3.5,1250694042
3760405,25596,1359,0.5,1250860288
3760406,25596,1367,2.0,1250694284
3760407,25596,1411,4.0,1250694116
3760408,25596,1517,4.0,1250859839
3760409,25596,1676,3.5,1250860697
3760410,25596,1721,0.5,1250860432
3760411,25596,1730,4.0,1250696340
3760412,25596,1862,2.5,1250860420
3760413,25596,1873,4.5,1250860280
3760414,25596,1900,4.5,1250695760
3760415,25596,1923,2.5,1250859833
3760416,25596,1960,5.0,1250694091
3760417,25596,2002,3.0,1250694031
3760418,25596,2019,4.5,1250694923
3760419,25596,2021,4.5,1250696141
3760420,25596,2028,4.5,1250694866
3760421,25596,2064,4.0,1250694076
3760422,25596,2067,2.5,1250694602
3760423,25596,2176,5.0,1250860269
3760424,25596,2212,4.0,1250695801
3760425,25596,2259,4.5,1250860408
3760426,25596,2273,4.5,1250859945
3760427,25596,2294,2.5,1250859853
3760428,25596,2325,3.0,1250696323
3760429,25596,2329,4.0,1250694792
3760430,25596,2376,3.5,1250860264
3760431,25596,2420,3.5,1250860683
3760432,25596,2424,2.5,1250860114
3760433,25596,2470,3.5,1250693962
3760434,25596,2471,3.5,1250860244
3760435,25596,2502,4.5,1250695291
3760436,25596,2539,3.0,1250859996
3760437,25596,2571,4.0,1250694967
3760438,25596,2628,2.5,1250696100
3760439,25596,2657,0.5,1250860669
3760440,25596,2683,3.5,1250860011
3760441,25596,2728,4.0,1250694934
3760442,25596,2770,2.5,1250694002
3760443,25596,2858,3.0,1250860082
3760444,25596,2860,4.0,1250860027
3760445,25596,2890,3.5,1250859784
3760446,25596,2918,4.0,1250695338
3760447,25596,2947,4.5,1250695261
3760448,25596,2948,4.0,1250696129
3760449,25596,2949,4.0,1250695638
3760450,25596,2951,4.0,1250695256
3760451,25596,2993,3.5,1250860238
3760452,25596,3000,3.0,1250695302
3760453,25596,3030,4.5,1250695483
3760454,25596,3204,4.5,1250860384
3760455,25596,3246,4.0,1250695276
3760456,25596,3392,4.0,1250860379
3760457,25596,3578,4.5,1250695516
3760458,25596,3638,3.5,1250860861
3760459,25596,3681,4.5,1250694893
3760460,25596,3697,1.5,1250696219
3760461,25596,3785,4.0,1250860108
3760462,25596,3996,0.5,1250776485
3760463,25596,4007,4.0,1250696207
3760464,25596,4011,4.0,1250695466
3760465,25596,4085,4.5,1250860582
3760466,25596,4095,4.5,1250695503
3760467,25596,4102,4.0,1250860366
3760468,25596,4226,3.5,1250694837
3760469,25596,4262,4.5,1250695542
3760470,25596,4638,0.5,1250860821
3760471,25596,4718,4.5,1250860569
3760472,25596,4973,4.5,1250694873
3760473,25596,4993,0.5,1250694490
3760474,25596,5009,3.0,1250696288
3760475,25596,5279,3.5,1250859766
3760476,25596,5291,5.0,1250694591
3760477,25596,5418,4.5,1250695494
3760478,25596,5475,4.5,1250860550
3760479,25596,5498,4.0,1250696499
3760480,25596,5952,0.5,1250694495
3760481,25596,5995,4.5,1250694977
3760482,25596,6016,2.5,1250695856
3760483,25596,6537,2.5,1250696116
3760484,25596,6708,1.0,1250695530
3760485,25596,6807,3.0,1250695664
3760486,25596,6870,4.5,1250695046
3760487,25596,7143,2.5,1250860532
3760488,25596,7153,0.5,1250694500
3760489,25596,7158,1.5,1250695361
3760490,25596,7323,4.0,1250695649
3760491,25596,7381,2.5,1250860522
3760492,25596,7445,3.0,1250859507
3760493,25596,7482,4.5,1250694888
3760494,25596,7756,4.0,1250860904
3760495,25596,8368,3.0,1250860097
3760496,25596,8874,3.5,1250695141
3760497,25596,8949,3.5,1250695545
3760498,25596,26131,4.5,1250696494
3760499,25596,27255,5.0,1250788485
3760500,25596,30749,4.0,1250694827
3760501,25596,33166,4.0,1250860093
3760502,25596,34271,2.5,1250696476
3760503,25596,36529,4.0,1250860769
3760504,25596,40583,0.5,1250860160
3760505,25596,41569,0.5,1250860166
3760506,25596,44195,5.0,1250694938
3760507,25596,44204,4.0,1250694637
3760508,25596,45720,3.0,1250860752
3760509,25596,45950,3.0,1250860329
3760510,25596,46335,0.5,1250696373
3760511,25596,48394,3.5,1250860742
3760512,25596,48516,4.0,1250694847
3760513,25596,48738,4.0,1250694564
3760514,25596,50068,4.0,1250694834
3760515,25596,53322,0.5,1250696262
3760516,25596,53894,1.5,1250694930
3760517,25596,55276,0.5,1250694903
3760518,25596,55442,2.5,1250694992
3760519,25596,56782,3.5,1250695782
3760520,25596,57532,1.5,1250776497
3760521,25596,59315,4.5,1250696177
3760522,25596,62849,3.0,1250860486
3760523,25596,63082,5.0,1250694997
3760524,25596,64614,4.0,1250694386
3760525,25596,65216,4.0,1250694226
3760526,25596,67087,3.0,1251521698
3760527,25596,67997,3.5,1250859584
3760528,25596,69122,4.0,1250694334
3760529,25596,69458,4.0,1250859609
3760530,25596,69481,4.0,1250694344
3760531,25596,69640,3.0,1250694351
3760532,25596,69844,1.0,1250694349
3760533,25596,70286,0.5,1250694339
3760534,25597,50,5.0,1171160157
3760535,25597,262,4.5,1171159588
3760536,25597,296,4.0,1171159958
3760537,25597,318,4.5,1171160024
3760538,25597,356,4.5,1171159968
3760539,25597,377,2.5,1171160080
3760540,25597,412,2.0,1171159550
3760541,25597,441,4.5,1171159495
3760542,25597,527,4.0,1171159808
3760543,25597,531,4.0,1171159500
3760544,25597,562,4.5,1171159518
3760545,25597,593,4.0,1171159802
3760546,25597,736,2.0,1171160211
3760547,25597,920,5.0,1171159844
3760548,25597,926,3.5,1171159764
3760549,25597,928,3.5,1171159773
3760550,25597,1097,2.0,1171160249
3760551,25597,1193,4.5,1171159792
3760552,25597,1197,4.0,1171160251
3760553,25597,1230,4.0,1171159780
3760554,25597,1345,3.5,1171159484
3760555,25597,1580,2.5,1171160195
3760556,25597,1721,3.5,1171160038
3760557,25597,1805,1.5,1171159505
3760558,25597,1885,2.5,1171159554
3760559,25597,1895,2.5,1171159627
3760560,25597,1962,3.5,1171159838
3760561,25597,2300,3.5,1171159535
3760562,25597,2396,5.0,1171159821
3760563,25597,2581,4.0,1171159512
3760564,25597,2858,5.0,1171159777
3760565,25597,2959,3.0,1171160090
3760566,25597,3083,5.0,1171159601
3760567,25597,3545,4.0,1171159633
3760568,25597,3897,5.0,1171160192
3760569,25597,4027,5.0,1171160239
3760570,25597,4226,3.0,1171160012
3760571,25597,4306,5.0,1171160067
3760572,25597,4963,4.0,1171160160
3760573,25597,4973,5.0,1171160183
3760574,25597,4995,3.5,1171159841
3760575,25597,5878,5.0,1171159668
3760576,25597,5989,4.0,1171160179
3760577,25597,5991,4.0,1171159824
3760578,25597,6377,4.5,1171159987
3760579,25597,6711,1.5,1171160076
3760580,25597,7147,3.0,1171159493
3760581,25597,7361,4.5,1171160174
3760582,25597,8360,5.0,1171160043
3760583,25597,30707,3.0,1171159798
3760584,25597,32587,4.0,1171160082
3760585,25597,33166,5.0,1171159827
3760586,25597,35836,4.0,1182115914
3760587,25597,39183,3.5,1171159762
3760588,25597,44191,5.0,1171160013
3760589,25597,45726,3.0,1182115917
3760590,25597,49530,4.5,1171159708
3760591,25597,52973,4.0,1182115772
3760592,25598,34,4.0,940611663
3760593,25598,125,5.0,940611707
3760594,25598,440,3.0,940611235
3760595,25598,497,4.0,940611455
3760596,25598,898,5.0,940611455
3760597,25598,905,4.0,940611543
3760598,25598,946,4.0,940611663
3760599,25598,1079,5.0,940611294
3760600,25598,1136,5.0,940611235
3760601,25598,1148,4.0,940611294
3760602,25598,1175,4.0,940611663
3760603,25598,1197,5.0,940611707
3760604,25598,1230,5.0,940611663
3760605,25598,1244,5.0,940611707
3760606,25598,1276,4.0,940611707
3760607,25598,1285,5.0,940611235
3760608,25598,1288,5.0,940611543
3760609,25598,1292,4.0,940611707
3760610,25598,1304,4.0,940611235
3760611,25598,1394,5.0,940611294
3760612,25598,1845,5.0,940611356
3760613,25598,1923,4.0,940611356
3760614,25598,1963,4.0,940611356
3760615,25598,1965,4.0,940611455
3760616,25598,2000,4.0,940611543
3760617,25598,2065,4.0,940611707
3760618,25598,2078,3.0,940611455
3760619,25598,2243,4.0,940611707
3760620,25598,2248,5.0,940611356
3760621,25598,2289,5.0,940611356
3760622,25598,2300,4.0,940611455
3760623,25598,2302,4.0,940611663
3760624,25598,2349,4.0,940611356
3760625,25598,2372,1.0,940611663
3760626,25598,2396,4.0,940611294
3760627,25598,2406,4.0,940611543
3760628,25598,2716,4.0,940611455
3760629,25598,2720,2.0,940610474
3760630,25598,2723,2.0,940610320
3760631,25598,2761,5.0,940610140
3760632,25598,2763,4.0,940610209
3760633,25598,2797,5.0,940611543
3760634,25598,2829,3.0,940610474
3760635,25598,2836,3.0,940610246
3760636,25598,2890,4.0,940610169
3760637,25598,2923,5.0,940611235
3760638,25599,3,3.0,1102376045
3760639,25599,6,4.5,1102378298
3760640,25599,16,4.5,1102376081
3760641,25599,17,4.5,1102378272
3760642,25599,21,3.0,1102378288
3760643,25599,32,4.0,1102378185
3760644,25599,34,3.5,1102378193
3760645,25599,208,3.0,1102378181
3760646,25599,337,4.5,1102376062
3760647,25599,364,4.0,1102378172
3760648,25599,368,4.5,1102376022
3760649,25599,497,4.0,1102376053
3760650,25599,500,4.0,1102378160
3760651,25599,553,2.5,1102376058
3760652,25599,586,4.0,1102378151
3760653,25599,589,2.0,1102377609
3760654,25599,741,4.0,1102379237
3760655,25599,784,4.0,1102376125
3760656,25599,858,4.0,1102378141
3760657,25599,1089,4.5,1102378107
3760658,25599,1097,3.0,1102377605
3760659,25599,1208,5.0,1102376038
3760660,25599,1527,3.5,1102376017
3760661,25599,1721,1.0,1102378065
3760662,25599,1917,3.0,1102379057
3760663,25599,1923,3.5,1102376030
3760664,25599,1954,0.5,1102377636
3760665,25599,2118,4.0,1102379043
3760666,25599,2151,4.5,1102377921
3760667,25599,2278,4.0,1102377715
3760668,25599,2340,4.0,1102378945
3760669,25599,2402,0.5,1102377720
3760670,25599,2542,5.0,1102377711
3760671,25599,2622,4.0,1102377730
3760672,25599,2672,3.5,1102378775
3760673,25599,2683,1.0,1102376011
3760674,25599,2700,4.5,1102376136
3760675,25599,2701,2.5,1102378781
3760676,25599,2791,3.5,1102376097
3760677,25599,2959,5.0,1102378042
3760678,25599,3039,4.0,1102378726
3760679,25599,3052,4.5,1102377602
3760680,25599,3082,3.0,1102378731
3760681,25599,3176,4.5,1102378735
3760682,25599,3247,4.0,1102378679
3760683,25599,3257,2.5,1102378666
3760684,25599,3285,3.5,1102378698
3760685,25599,3301,4.5,1102378693
3760686,25599,3450,2.5,1102378684
3760687,25599,3793,2.0,1102376118
3760688,25599,4034,5.0,1102378549
3760689,25599,4246,3.0,1102378556
3760690,25599,4306,4.5,1102376114
3760691,25599,4718,2.5,1102378509
3760692,25599,4788,4.0,1102378526
3760693,25599,4993,4.0,1102376104
3760694,25599,5064,3.5,1102377812
3760695,25599,5218,4.5,1102378365
3760696,25599,5502,1.5,1102377677
3760697,25599,5791,5.0,1102377795
3760698,25599,5803,2.5,1102377972
3760699,25599,5902,4.0,1102378322
3760700,25599,6539,4.0,1102378330
3760701,25599,6709,3.5,1102377802
3760702,25599,7318,3.0,1102377791
3760703,25599,7458,3.5,1102379353
3760704,25599,8371,3.0,1102377994
3760705,25599,8528,3.5,1102377984
3760706,25599,8665,3.0,1102379357
3760707,25600,186,3.0,1139484052
3760708,25600,246,5.0,1139484117
3760709,25600,534,1.5,1139484566
3760710,25600,852,3.5,1139484128
3760711,25600,1288,4.0,1139483974
3760712,25600,1380,0.5,1139483951
3760713,25600,1625,3.0,1139484064
3760714,25600,1747,3.0,1139484402
3760715,25600,1805,3.5,1139484543
3760716,25600,2081,1.0,1139484081
3760717,25600,2329,4.5,1139484142
3760718,25600,2501,4.0,1139484513
3760719,25600,2502,5.0,1139483966
3760720,25600,2580,4.5,1139484513
3760721,25600,2599,3.5,1139483937
3760722,25600,2692,4.5,1139484028
3760723,25600,2890,1.0,1139484402
3760724,25600,3176,3.0,1139484100
3760725,25600,3753,4.0,1139484152
3760726,25600,3785,3.5,1139484495
3760727,25600,3893,4.0,1139484488
3760728,25600,4034,2.0,1139483993
3760729,25600,4226,4.5,1139484717
3760730,25600,4340,0.5,1139484614
3760731,25600,4641,3.0,1139484483
3760732,25600,4873,1.5,1139484605
3760733,25600,4890,2.0,1139484465
3760734,25600,4975,4.0,1139484452
3760735,25600,4995,4.5,1139484145
3760736,25600,5377,4.5,1139484452
3760737,25600,6281,3.0,1139484457
3760738,25600,7153,2.0,1139484089
3760739,25600,36529,4.0,1139484659
3760740,25600,41997,4.0,1139484974
3760741,25601,1,4.0,967070958
3760742,25601,2,2.0,967070360
3760743,25601,6,3.0,967072071
3760744,25601,10,5.0,967918538
3760745,25601,14,4.0,986327415
3760746,25601,17,4.0,971052138
3760747,25601,19,3.0,967066535
3760748,25601,21,5.0,967072071
3760749,25601,22,3.0,986327014
3760750,25601,23,3.0,970069360
3760751,25601,24,3.0,970067353
3760752,25601,36,5.0,967496155
3760753,25601,39,4.0,967496733
3760754,25601,50,5.0,967072353
3760755,25601,60,4.0,986327695
3760756,25601,65,2.0,967067785
3760757,25601,70,3.0,967918817
3760758,25601,89,4.0,967918622
3760759,25601,95,4.0,967068182
3760760,25601,100,2.0,967068583
3760761,25601,105,3.0,967068153
3760762,25601,110,5.0,967068108
3760763,25601,111,5.0,967072403
3760764,25601,135,2.0,986327619
3760765,25601,144,4.0,986327282
3760766,25601,145,4.0,967918704
3760767,25601,150,4.0,967067271
3760768,25601,151,5.0,971898244
3760769,25601,161,4.0,967068894
3760770,25601,163,3.0,967918875
3760771,25601,165,5.0,967919015
3760772,25601,168,3.0,967069965
3760773,25601,173,2.0,967070360
3760774,25601,198,3.0,967918538
3760775,25601,223,4.0,967494741
3760776,25601,225,4.0,967069269
3760777,25601,230,4.0,967069316
3760778,25601,231,3.0,967069441
3760779,25601,235,4.0,967071242
3760780,25601,236,4.0,967070211
3760781,25601,237,3.0,986327727
3760782,25601,241,4.0,986909183
3760783,25601,247,3.0,967495811
3760784,25601,248,3.0,986328055
3760785,25601,252,3.0,986328188
3760786,25601,254,4.0,967070266
3760787,25601,257,4.0,986327558
3760788,25601,260,3.0,967066478
3760789,25601,266,5.0,971897964
3760790,25601,267,3.0,967070539
3760791,25601,272,3.0,970214338
3760792,25601,282,4.0,986327762
3760793,25601,288,5.0,967918817
3760794,25601,290,4.0,971050094
3760795,25601,292,5.0,967918622
3760796,25601,294,5.0,967497597
3760797,25601,296,5.0,967496927
3760798,25601,300,5.0,971896838
3760799,25601,303,3.0,967919015
3760800,25601,314,4.0,986911784
3760801,25601,316,4.0,967918817
3760802,25601,318,5.0,967495526
3760803,25601,329,5.0,967918433
3760804,25601,333,4.0,986327727
3760805,25601,334,3.0,971893702
3760806,25601,337,4.0,971896838
3760807,25601,338,3.0,986328188
3760808,25601,344,3.0,967066849
3760809,25601,349,4.0,967068638
3760810,25601,350,4.0,967068638
3760811,25601,353,4.0,967918817
3760812,25601,356,5.0,967070133
3760813,25601,364,5.0,967070411
3760814,25601,367,4.0,967070667
3760815,25601,368,4.0,967070721
3760816,25601,376,5.0,967918704
3760817,25601,377,5.0,967918205
3760818,25601,379,2.0,986327945
3760819,25601,380,5.0,967918817
3760820,25601,410,4.0,983604619
3760821,25601,428,3.0,967068182
3760822,25601,431,3.0,967068342
3760823,25601,435,4.0,967068757
3760824,25601,440,4.0,986326449
3760825,25601,442,3.0,967069161
3760826,25601,448,4.0,986326363
3760827,25601,454,4.0,967069965
3760828,25601,457,4.0,967497233
3760829,25601,459,4.0,986328134
3760830,25601,474,4.0,967918205
3760831,25601,480,5.0,967918433
3760832,25601,481,4.0,986327197
3760833,25601,491,5.0,967070571
3760834,25601,494,4.0,967918704
3760835,25601,500,4.0,971898410
3760836,25601,507,4.0,967918704
3760837,25601,508,5.0,971897894
3760838,25601,514,2.0,986327015
3760839,25601,516,3.0,986328055
3760840,25601,517,5.0,967918704
3760841,25601,518,3.0,986328188
3760842,25601,521,4.0,986326963
3760843,25601,524,4.0,986327015
3760844,25601,527,5.0,967495438
3760845,25601,541,4.0,967067866
3760846,25601,543,3.0,986327311
3760847,25601,553,5.0,967072566
3760848,25601,555,5.0,967072071
3760849,25601,589,5.0,967071922
3760850,25601,590,4.0,967069001
3760851,25601,593,5.0,967072403
3760852,25601,597,5.0,971898000
3760853,25601,608,5.0,967069799
3760854,25601,647,4.0,967068842
3760855,25601,648,4.0,986327695
3760856,25601,650,4.0,986328188
3760857,25601,653,4.0,986327762
3760858,25601,662,4.0,971898367
3760859,25601,678,3.0,986326449
3760860,25601,697,4.0,967069859
3760861,25601,714,4.0,986908697
3760862,25601,724,4.0,986328134
3760863,25601,733,5.0,967918538
3760864,25601,736,4.0,967919015
3760865,25601,748,3.0,967067324
3760866,25601,750,4.0,971051052
3760867,25601,778,5.0,967496608
3760868,25601,780,5.0,967918538
3760869,25601,782,2.0,967069767
3760870,25601,785,4.0,967493544
3760871,25601,786,4.0,967069587
3760872,25601,788,3.0,986327282
3760873,25601,802,4.0,986326886
3760874,25601,805,3.0,986326819
3760875,25601,809,3.0,986328026
3760876,25601,830,1.0,967069965
3760877,25601,832,4.0,986327066
3760878,25601,837,4.0,967496608
3760879,25601,838,3.0,986327015
3760880,25601,840,2.0,967066536
3760881,25601,858,5.0,967071804
3760882,25601,866,4.0,970070949
3760883,25601,881,3.0,967069965
3760884,25601,919,4.0,967495600
3760885,25601,920,5.0,967495655
3760886,25601,921,4.0,967071225
3760887,25601,924,4.0,967493377
3760888,25601,987,3.0,986327282
3760889,25601,991,4.0,986328134
3760890,25601,994,3.0,970070248
3760891,25601,1015,4.0,971898410
3760892,25601,1020,3.0,986327282
3760893,25601,1021,3.0,967067212
3760894,25601,1035,4.0,967496608
3760895,25601,1036,4.0,967071963
3760896,25601,1042,3.0,986326604
3760897,25601,1047,3.0,967918433
3760898,25601,1049,3.0,967918704
3760899,25601,1053,3.0,971050094
3760900,25601,1079,5.0,967069965
3760901,25601,1084,4.0,967068007
3760902,25601,1090,5.0,967495655
3760903,25601,1092,4.0,967067528
3760904,25601,1094,4.0,970213269
3760905,25601,1095,3.0,967496876
3760906,25601,1096,3.0,971896838
3760907,25601,1097,5.0,967069461
3760908,25601,1101,5.0,967918704
3760909,25601,1120,4.0,986326569
3760910,25601,1127,5.0,970066743
3760911,25601,1129,3.0,967918304
3760912,25601,1136,4.0,967071066
3760913,25601,1167,3.0,986327987
3760914,25601,1175,4.0,967070989
3760915,25601,1179,4.0,967497071
3760916,25601,1185,4.0,967496677
3760917,25601,1188,2.0,986326765
3760918,25601,1193,4.0,967495600
3760919,25601,1196,4.0,967069530
3760920,25601,1198,5.0,967495955
3760921,25601,1200,4.0,967918039
3760922,25601,1201,3.0,967918205
3760923,25601,1204,5.0,967495526
3760924,25601,1207,5.0,967495600
3760925,25601,1208,3.0,967067271
3760926,25601,1210,5.0,967071963
3760927,25601,1213,5.0,967496876
3760928,25601,1214,3.0,967066981
3760929,25601,1220,4.0,967067973
3760930,25601,1221,5.0,967071804
3760931,25601,1222,4.0,967071853
3760932,25601,1225,5.0,967067070
3760933,25601,1228,4.0,971894166
3760934,25601,1230,4.0,967070958
3760935,25601,1231,5.0,967496677
3760936,25601,1233,4.0,967067973
3760937,25601,1234,5.0,967071041
3760938,25601,1238,4.0,967071041
3760939,25601,1240,5.0,967071922
3760940,25601,1242,5.0,967071853
3760941,25601,1244,3.0,967070958
3760942,25601,1245,4.0,967497071
3760943,25601,1246,4.0,967069068
3760944,25601,1247,5.0,967495811
3760945,25601,1249,4.0,967495600
3760946,25601,1252,5.0,971893982
3760947,25601,1258,4.0,967496608
3760948,25601,1262,4.0,971894166
3760949,25601,1263,4.0,967069161
3760950,25601,1265,4.0,967071173
3760951,25601,1266,4.0,967496524
3760952,25601,1270,4.0,967067461
3760953,25601,1271,4.0,986326914
3760954,25601,1272,5.0,971898367
3760955,25601,1275,5.0,967918538
3760956,25601,1276,5.0,967070898
3760957,25601,1291,5.0,967497011
3760958,25601,1292,4.0,967067652
3760959,25601,1293,4.0,967496524
3760960,25601,1299,4.0,967495712
3760961,25601,1302,4.0,967069895
3760962,25601,1304,5.0,967068261
3760963,25601,1307,4.0,967071173
3760964,25601,1321,4.0,967067124
3760965,25601,1339,3.0,970071071
3760966,25601,1343,4.0,967068312
3760967,25601,1356,5.0,967918304
3760968,25601,1358,5.0,967072403
3760969,25601,1370,5.0,967918433
3760970,25601,1372,4.0,967918817
3760971,25601,1374,5.0,967918304
3760972,25601,1375,5.0,967918538
3760973,25601,1376,4.0,967918433
3760974,25601,1378,4.0,967918817
3760975,25601,1387,4.0,967497011
3760976,25601,1391,4.0,967070640
3760977,25601,1392,3.0,986326363
3760978,25601,1393,4.0,967070296
3760979,25601,1394,5.0,967071041
3760980,25601,1396,3.0,986326858
3760981,25601,1408,5.0,967072071
3760982,25601,1409,4.0,986327513
3760983,25601,1422,3.0,986327858
3760984,25601,1429,3.0,971049747
3760985,25601,1440,4.0,1010683061
3760986,25601,1449,2.0,987170995
3760987,25601,1459,3.0,967066849
3760988,25601,1465,5.0,967496331
3760989,25601,1468,4.0,967068032
3760990,25601,1476,4.0,986327197
3760991,25601,1479,3.0,986327806
3760992,25601,1485,4.0,986326819
3760993,25601,1499,3.0,967067159
3760994,25601,1500,4.0,986326087
3760995,25601,1503,3.0,967066797
3760996,25601,1517,2.0,967067395
3760997,25601,1527,4.0,967918433
3760998,25601,1542,2.0,986326819
3760999,25601,1544,4.0,967919049
3761000,25601,1552,4.0,967918704
3761001,25601,1573,3.0,967069697
3761002,25601,1580,5.0,967918304
3761003,25601,1584,4.0,967068784
3761004,25601,1586,3.0,986328026
3761005,25601,1589,2.0,967068817
3761006,25601,1597,4.0,967068784
3761007,25601,1608,4.0,1010682990
3761008,25601,1610,4.0,967071963
3761009,25601,1615,4.0,967069506
3761010,25601,1616,4.0,967918817
3761011,25601,1617,5.0,967072353
3761012,25601,1620,3.0,986328088
3761013,25601,1631,3.0,970069360
3761014,25601,1640,5.0,971893580
3761015,25601,1641,4.0,986323868
3761016,25601,1645,4.0,967069215
3761017,25601,1653,4.0,986326363
3761018,25601,1660,4.0,971897894
3761019,25601,1661,4.0,967496301
3761020,25601,1662,3.0,986328088
3761021,25601,1666,4.0,986327695
3761022,25601,1672,3.0,986327478
3761023,25601,1673,4.0,967068007
3761024,25601,1674,4.0,967496876
3761025,25601,1676,3.0,967918538
3761026,25601,1682,4.0,967497233
3761027,25601,1686,4.0,986328134
3761028,25601,1687,4.0,986327945
3761029,25601,1694,3.0,970069055
3761030,25601,1704,4.0,967496085
3761031,25601,1711,3.0,986327727
3761032,25601,1722,4.0,967918433
3761033,25601,1729,4.0,986326914
3761034,25601,1732,3.0,970070248
3761035,25601,1746,3.0,970212501
3761036,25601,1747,3.0,986327015
3761037,25601,1752,3.0,986328244
3761038,25601,1753,3.0,971049747
3761039,25601,1754,4.0,967918205
3761040,25601,1759,3.0,971051052
3761041,25601,1777,3.0,986326963
3761042,25601,1784,3.0,967067324
3761043,25601,1788,4.0,967918205
3761044,25601,1792,5.0,967918817
3761045,25601,1805,4.0,986326858
3761046,25601,1831,3.0,986328244
3761047,25601,1833,4.0,967918538
3761048,25601,1834,3.0,971898367
3761049,25601,1835,4.0,967068610
3761050,25601,1841,3.0,986327695
3761051,25601,1845,4.0,967497325
3761052,25601,1848,3.0,986328026
3761053,25601,1866,3.0,967067756
3761054,25601,1873,5.0,967496733
3761055,25601,1883,4.0,967068237
3761056,25601,1885,5.0,971050095
3761057,25601,1892,4.0,971898289
3761058,25601,1911,3.0,986910438
3761059,25601,1914,4.0,986498480
3761060,25601,1916,3.0,970071340
3761061,25601,1917,2.0,967067295
3761062,25601,1918,4.0,986327858
3761063,25601,1920,3.0,986327945
3761064,25601,1923,5.0,986326523
3761065,25601,1952,5.0,967495955
3761066,25601,1953,4.0,967070211
3761067,25601,1954,5.0,967918205
3761068,25601,1961,5.0,967497011
3761069,25601,1962,4.0,967069417
3761070,25601,2000,5.0,967918304
3761071,25601,2002,4.0,986327945
3761072,25601,2006,4.0,967070667
3761073,25601,2011,4.0,967067461
3761074,25601,2012,4.0,967067461
3761075,25601,2013,4.0,967918622
3761076,25601,2023,5.0,967918817
3761077,25601,2028,5.0,967071853
3761078,25601,2046,4.0,967070017
3761079,25601,2058,4.0,967918205
3761080,25601,2067,4.0,967069293
3761081,25601,2070,4.0,967494104
3761082,25601,2072,3.0,967066682
3761083,25601,2094,3.0,986327858
3761084,25601,2105,4.0,967918622
3761085,25601,2108,3.0,986326680
3761086,25601,2115,5.0,967918538
3761087,25601,2155,3.0,986326641
3761088,25601,2162,5.0,967070796
3761089,25601,2166,4.0,986326963
3761090,25601,2167,3.0,970070392
3761091,25601,2174,4.0,967067614
3761092,25601,2194,4.0,967496927
3761093,25601,2233,2.0,967069241
3761094,25601,2236,5.0,971893647
3761095,25601,2248,4.0,986498480
3761096,25601,2249,4.0,986327513
3761097,25601,2259,4.0,967067866
3761098,25601,2266,3.0,967068261
3761099,25601,2268,4.0,967069895
3761100,25601,2273,4.0,967918433
3761101,25601,2278,3.0,967918538
3761102,25601,2282,3.0,986326858
3761103,25601,2289,4.0,986326363
3761104,25601,2291,2.0,967069506
3761105,25601,2302,5.0,971897692
3761106,25601,2307,4.0,967918622
3761107,25601,2310,3.0,970067247
3761108,25601,2311,4.0,967493378
3761109,25601,2316,4.0,986328134
3761110,25601,2320,3.0,983604971
3761111,25601,2329,5.0,1010683061
3761112,25601,2333,3.0,987170925
3761113,25601,2335,3.0,986327762
3761114,25601,2336,4.0,967069530
3761115,25601,2340,4.0,971898289
3761116,25601,2347,4.0,967918433
3761117,25601,2352,5.0,967067738
3761118,25601,2353,4.0,967069556
3761119,25601,2359,4.0,986323686
3761120,25601,2369,3.0,986910390
3761121,25601,2371,4.0,967069995
3761122,25601,2372,4.0,967070017
3761123,25601,2376,4.0,967918622
3761124,25601,2384,4.0,967070898
3761125,25601,2390,3.0,971050095
3761126,25601,2391,4.0,967497374
3761127,25601,2393,5.0,967918817
3761128,25601,2396,5.0,967070922
3761129,25601,2401,4.0,971898367
3761130,25601,2403,4.0,967069965
3761131,25601,2407,4.0,967068694
3761132,25601,2410,2.0,967066536
3761133,25601,2424,3.0,986327311
3761134,25601,2427,5.0,967918433
3761135,25601,2428,3.0,970066989
3761136,25601,2431,2.0,986327987
3761137,25601,2433,4.0,967494741
3761138,25601,2434,4.0,986910438
3761139,25601,2440,4.0,986326363
3761140,25601,2455,4.0,967070069
3761141,25601,2466,4.0,967067652
3761142,25601,2467,4.0,971898289
3761143,25601,2475,3.0,967066762
3761144,25601,2478,4.0,967072625
3761145,25601,2490,5.0,967493915
3761146,25601,2501,4.0,987173267
3761147,25601,2502,4.0,967493915
3761148,25601,2505,3.0,967066797
3761149,25601,2517,4.0,967068548
3761150,25601,2528,4.0,967070484
3761151,25601,2539,2.0,967067159
3761152,25601,2540,3.0,971049747
3761153,25601,2542,4.0,967070484
3761154,25601,2558,3.0,986327446
3761155,25601,2561,3.0,986327282
3761156,25601,2571,5.0,967070721
3761157,25601,2580,4.0,971893523
3761158,25601,2581,3.0,970067353
3761159,25601,2596,5.0,967496927
3761160,25601,2598,3.0,967493963
3761161,25601,2599,4.0,967070989
3761162,25601,2600,4.0,986911916
3761163,25601,2605,4.0,967494916
3761164,25601,2618,4.0,971049503
3761165,25601,2620,4.0,971050469
3761166,25601,2628,5.0,967918538
3761167,25601,2640,4.0,967918304
3761168,25601,2662,4.0,967918205
3761169,25601,2674,2.0,970213269
3761170,25601,2676,3.0,970067111
3761171,25601,2683,2.0,967067395
3761172,25601,2687,4.0,986326709
3761173,25601,2688,3.0,967494916
3761174,25601,2690,2.0,986910535
3761175,25601,2692,5.0,967918039
3761176,25601,2693,2.0,970067693
3761177,25601,2697,3.0,986326858
3761178,25601,2699,3.0,967067295
3761179,25601,2702,3.0,967494104
3761180,25601,2707,4.0,983605033
3761181,25601,2712,2.0,967494916
3761182,25601,2713,4.0,967493544
3761183,25601,2716,4.0,970066989
3761184,25601,2720,4.0,967493544
3761185,25601,2722,5.0,967494828
3761186,25601,2724,3.0,967494009
3761187,25601,2761,3.0,970067111
3761188,25601,2762,5.0,967494060
3761189,25601,2769,4.0,994865874
3761190,25601,2770,3.0,970066821
3761191,25601,2791,2.0,967066955
3761192,25601,2792,2.0,967066955
3761193,25601,2794,4.0,967069611
3761194,25601,2797,4.0,967067738
3761195,25601,2803,4.0,986327806
3761196,25601,2812,4.0,986909183
3761197,25601,2819,5.0,967496608
3761198,25601,2826,3.0,986910290
3761199,25601,2827,2.0,967067369
3761200,25601,2852,4.0,967497169
3761201,25601,2858,5.0,967067070
3761202,25601,2862,4.0,967068292
3761203,25601,2864,2.0,967495438
3761204,25601,2870,4.0,967067528
3761205,25601,2871,4.0,967069161
3761206,25601,2875,4.0,986327197
3761207,25601,2881,4.0,967069363
3761208,25601,2883,4.0,967071090
3761209,25601,2906,2.0,967493963
3761210,25601,2907,3.0,967494104
3761211,25601,2908,4.0,967494741
3761212,25601,2912,3.0,967497071
3761213,25601,2916,5.0,967918433
3761214,25601,2917,4.0,967067973
3761215,25601,2918,5.0,967069895
3761216,25601,2921,4.0,967497287
3761217,25601,2944,4.0,967496155
3761218,25601,2947,5.0,967496942
3761219,25601,2948,5.0,967497287
3761220,25601,2951,3.0,967069965
3761221,25601,2959,4.0,986325783
3761222,25601,2968,4.0,967072236
3761223,25601,2985,4.0,967918304
3761224,25601,2989,4.0,967918622
3761225,25601,2990,5.0,967918304
3761226,25601,2991,4.0,967918538
3761227,25601,2993,5.0,967918304
3761228,25601,2997,4.0,967067652
3761229,25601,3005,4.0,967494741
3761230,25601,3006,4.0,971051694
3761231,25601,3008,3.0,970067247
3761232,25601,3011,4.0,967496608
3761233,25601,3020,4.0,967069738
3761234,25601,3029,5.0,967918622
3761235,25601,3037,5.0,967070412
3761236,25601,3052,4.0,986326741
3761237,25601,3053,3.0,970067247
3761238,25601,3062,5.0,967918205
3761239,25601,3068,4.0,967496797
3761240,25601,3074,5.0,967070296
3761241,25601,3078,2.0,986326363
3761242,25601,3081,3.0,970067477
3761243,25601,3082,4.0,967918817
3761244,25601,3100,4.0,986326506
3761245,25601,3101,4.0,967069819
3761246,25601,3104,5.0,967918304
3761247,25601,3105,4.0,967067416
3761248,25601,3108,3.0,967069965
3761249,25601,3117,4.0,970067477
3761250,25601,3135,5.0,971898244
3761251,25601,3145,3.0,986326963
3761252,25601,3147,5.0,967072403
3761253,25601,3156,2.0,967067738
3761254,25601,3157,3.0,967494104
3761255,25601,3169,4.0,967069738
3761256,25601,3173,3.0,970069082
3761257,25601,3175,3.0,970066989
3761258,25601,3176,4.0,967066536
3761259,25601,3178,4.0,967918304
3761260,25601,3181,2.0,986326819
3761261,25601,3182,3.0,971050095
3761262,25601,3183,4.0,986327695
3761263,25601,3185,3.0,970067477
3761264,25601,3186,4.0,986327806
3761265,25601,3188,2.0,1010681857
3761266,25601,3189,4.0,1010682472
3761267,25601,3197,5.0,967918704
3761268,25601,3198,4.0,967496524
3761269,25601,3200,4.0,967071090
3761270,25601,3201,5.0,967069995
3761271,25601,3204,4.0,967497287
3761272,25601,3206,4.0,967066925
3761273,25601,3219,4.0,967493915
3761274,25601,3244,3.0,967066478
3761275,25601,3246,4.0,967497233
3761276,25601,3249,3.0,986327344
3761277,25601,3250,3.0,967067008
3761278,25601,3252,4.0,986326963
3761279,25601,3254,3.0,986327945
3761280,25601,3255,4.0,986326709
3761281,25601,3256,5.0,967918304
3761282,25601,3259,3.0,986327478
3761283,25601,3263,3.0,986327282
3761284,25601,3269,4.0,967070133
3761285,25601,3274,5.0,967918704
3761286,25601,3275,4.0,986499449
3761287,25601,3300,3.0,986499449
3761288,25601,3301,3.0,987778048
3761289,25601,3308,4.0,971898410
3761290,25601,3316,4.0,986499504
3761291,25601,3317,4.0,986325264
3761292,25601,3318,5.0,999700713
3761293,25601,3324,3.0,967069417
3761294,25601,3328,4.0,987170817
3761295,25601,3354,3.0,967493856
3761296,25601,3355,3.0,1010682775
3761297,25601,3360,4.0,967497233
3761298,25601,3361,4.0,967068237
3761299,25601,3362,5.0,967496021
3761300,25601,3363,5.0,967067102
3761301,25601,3386,5.0,971897964
3761302,25601,3394,4.0,967067894
3761303,25601,3404,5.0,967918622
3761304,25601,3408,4.0,967069587
3761305,25601,3409,2.0,971049747
3761306,25601,3418,4.0,967496927
3761307,25601,3420,4.0,967066682
3761308,25601,3421,4.0,967067212
3761309,25601,3424,4.0,967497121
3761310,25601,3427,3.0,986323111
3761311,25601,3430,3.0,967918875
3761312,25601,3448,4.0,967497374
3761313,25601,3452,3.0,986499449
3761314,25601,3471,5.0,967068666
3761315,25601,3478,4.0,967067483
3761316,25601,3481,4.0,986499167
3761317,25601,3483,4.0,986499504
3761318,25601,3498,4.0,967497121
3761319,25601,3499,4.0,967497071
3761320,25601,3508,5.0,967072536
3761321,25601,3510,4.0,986499328
3761322,25601,3513,4.0,986499449
3761323,25601,3515,3.0,986499404
3761324,25601,3524,3.0,967067324
3761325,25601,3527,5.0,967918622
3761326,25601,3534,2.0,1010682990
3761327,25601,3536,3.0,986499167
3761328,25601,3551,4.0,967495811
3761329,25601,3552,4.0,967068292
3761330,25601,3555,4.0,967918205
3761331,25601,3571,2.0,987171995
3761332,25601,3578,5.0,967071963
3761333,25601,3584,4.0,967068128
3761334,25601,3595,2.0,999700744
3761335,25601,3608,3.0,967071173
3761336,25601,3618,2.0,986325323
3761337,25601,3623,4.0,967493856
3761338,25601,3633,4.0,967918205
3761339,25601,3635,4.0,967918538
3761340,25601,3646,3.0,987778250
3761341,25601,3649,5.0,1010683062
3761342,25601,3654,5.0,967918070
3761343,25601,3671,4.0,967067866
3761344,25601,3682,4.0,967496797
3761345,25601,3683,4.0,967067894
3761346,25601,3684,3.0,967069697
3761347,25601,3685,5.0,967496797
3761348,25601,3686,3.0,986327344
3761349,25601,3697,3.0,986328088
3761350,25601,3699,4.0,967497287
3761351,25601,3701,3.0,967066981
3761352,25601,3702,4.0,967496677
3761353,25601,3703,4.0,967918205
3761354,25601,3706,3.0,967067185
3761355,25601,3717,3.0,970067112
3761356,25601,3721,2.0,987170995
3761357,25601,3728,4.0,967072444
3761358,25601,3730,3.0,967496021
3761359,25601,3733,4.0,967496876
3761360,25601,3735,4.0,967495871
3761361,25601,3744,4.0,986499369
3761362,25601,3751,3.0,986910390
3761363,25601,3752,2.0,986325323
3761364,25601,3753,5.0,986499369
3761365,25601,3755,3.0,986499404
3761366,25601,3763,3.0,967069697
3761367,25601,3784,4.0,986325264
3761368,25601,3791,4.0,967494570
3761369,25601,3793,4.0,986499328
3761370,25601,3795,2.0,987777113
3761371,25601,3798,4.0,986325264
3761372,25601,3809,3.0,986327282
3761373,25601,3821,3.0,986499530
3761374,25601,3826,3.0,986325323
3761375,25601,3827,3.0,987778083
3761376,25601,3831,4.0,986325264
3761377,25601,3836,5.0,967071342
3761378,25601,3841,4.0,967066925
3761379,25601,3844,4.0,967494443
3761380,25601,3851,2.0,1007134966
3761381,25601,3857,4.0,986325323
3761382,25601,3861,4.0,986499404
3761383,25601,3863,3.0,986325264
3761384,25601,3873,3.0,967068392
3761385,25601,3879,3.0,983605033
3761386,25601,3884,3.0,986325323
3761387,25601,3893,4.0,986325264
3761388,25601,3896,4.0,986499167
3761389,25601,3897,5.0,986322993
3761390,25601,3898,3.0,983605216
3761391,25601,3906,4.0,986325359
3761392,25601,3911,4.0,994865874
3761393,25601,3915,4.0,986498793
3761394,25601,3916,4.0,986323868
3761395,25601,3943,3.0,994865951
3761396,25601,3946,2.0,986325323
3761397,25601,3948,5.0,986325264
3761398,25601,3950,4.0,987777422
3761399,25601,3952,5.0,986325264
3761400,25601,3955,2.0,986499556
3761401,25601,3956,2.0,986325569
3761402,25601,3967,5.0,999700680
3761403,25601,3968,2.0,986325264
3761404,25601,3969,5.0,994865874
3761405,25601,3975,5.0,986499449
3761406,25601,3977,3.0,986499328
3761407,25601,3978,3.0,986499449
3761408,25601,3979,3.0,987778152
3761409,25601,3980,4.0,986499328
3761410,25601,3981,3.0,986499449
3761411,25601,3986,3.0,986910290
3761412,25601,3988,4.0,1007134966
3761413,25601,3989,4.0,994866443
3761414,25601,3993,3.0,994865874
3761415,25601,3994,4.0,986499328
3761416,25601,3996,5.0,994865874
3761417,25601,3998,5.0,994865951
3761418,25601,3999,5.0,994865951
3761419,25601,4011,4.0,994865874
3761420,25601,4016,4.0,986499167
3761421,25601,4018,4.0,986499504
3761422,25601,4019,5.0,999700539
3761423,25601,4020,4.0,998415718
3761424,25601,4022,4.0,994865874
3761425,25601,4023,5.0,999697566
3761426,25601,4025,3.0,986499369
3761427,25601,4027,4.0,994865874
3761428,25601,4029,3.0,994865951
3761429,25601,4030,4.0,994865951
3761430,25601,4031,2.0,994865951
3761431,25601,4033,5.0,999697566
3761432,25601,4034,4.0,994865874
3761433,25601,4036,3.0,994865874
3761434,25601,4047,3.0,986326569
3761435,25601,4052,4.0,994865951
3761436,25601,4053,2.0,998415861
3761437,25601,4055,4.0,999697566
3761438,25601,4063,4.0,986327015
3761439,25601,4066,3.0,986323111
3761440,25601,4148,3.0,998415861
3761441,25601,4149,4.0,998415861
3761442,25601,4153,4.0,998415861
3761443,25601,4154,2.0,1010682878
3761444,25601,4161,4.0,998415718
3761445,25601,4162,3.0,1010682846
3761446,25601,4166,4.0,1010682593
3761447,25601,4167,2.0,1010682990
3761448,25601,4223,4.0,998415718
3761449,25601,4224,2.0,999700860
3761450,25601,4225,5.0,999700539
3761451,25601,4226,4.0,999699279
3761452,25601,4228,4.0,1003421709
3761453,25601,4229,3.0,998415861
3761454,25601,4232,4.0,987171630
3761455,25601,4234,4.0,1001590210
3761456,25601,4238,4.0,1001590258
3761457,25601,4239,5.0,1001590210
3761458,25601,4240,5.0,1007134844
3761459,25601,4246,4.0,1007134844
3761460,25601,4247,3.0,999697585
3761461,25601,4250,5.0,1001590258
3761462,25601,4254,3.0,1001590258
3761463,25601,4255,1.0,1007134966
3761464,25601,4267,3.0,1007134966
3761465,25601,4270,3.0,994866078
3761466,25601,4299,4.0,994866078
3761467,25601,4305,3.0,1007134966
3761468,25601,4308,4.0,994866038
3761469,25601,4310,5.0,994866038
3761470,25601,4341,4.0,1010682010
3761471,25601,4343,3.0,1010682010
3761472,25601,4344,5.0,1007134966
3761473,25601,4367,4.0,994866103
3761474,25601,4368,3.0,1007134966
3761475,25601,4369,4.0,1010681956
3761476,25601,4370,2.0,1010682990
3761477,25601,4446,4.0,1007134844
3761478,25601,4447,2.0,1007134966
3761479,25601,4452,3.0,1007134844
3761480,25601,4638,3.0,998415972
3761481,25601,4639,5.0,1007134966
3761482,25601,4640,3.0,1010682743
3761483,25601,4643,5.0,998415972
3761484,25601,4701,4.0,998415929
3761485,25601,4721,2.0,1010682010
3761486,25601,4728,4.0,999697419
3761487,25601,4734,5.0,999697419
3761488,25601,4735,3.0,1010682094
3761489,25601,4776,4.0,1003422285
3761490,25601,4815,2.0,1010682593
3761491,25601,4816,3.0,1010682531
3761492,25601,4874,4.0,1007135987
3761493,25601,4896,5.0,1007135987
3761494,25601,4916,4.0,1010682060
3761495,25601,4917,4.0,1010682060
3761496,25601,4980,4.0,1010682010
3761497,25601,4990,4.0,1010682638
3761498,25601,4993,3.0,1010681689
3761499,25601,5060,5.0,1010681857
3761500,25602,1,5.0,828695678
3761501,25602,2,4.0,828695678
3761502,25602,4,1.0,828695678
3761503,25602,5,3.0,828695678
3761504,25602,19,2.0,828696166
3761505,25602,32,5.0,828695678
3761506,25602,48,5.0,828696167
3761507,25602,110,5.0,828696166
3761508,25602,150,5.0,828696166
3761509,25602,151,5.0,828696167
3761510,25602,153,3.0,828696166
3761511,25602,161,5.0,828696166
3761512,25602,185,4.0,828710224
3761513,25602,207,5.0,828710096
3761514,25602,208,5.0,828710096
3761515,25602,222,4.0,828710096
3761516,25602,231,2.0,828696166
3761517,25602,276,1.0,828710096
3761518,25602,296,5.0,828696167
3761519,25602,316,4.0,828696167
3761520,25602,317,3.0,828696167
3761521,25602,329,4.0,828696167
3761522,25602,339,3.0,828696167
3761523,25602,344,5.0,828696166
3761524,25602,349,5.0,828696166
3761525,25602,380,4.0,828710224
3761526,25602,410,3.0,828696166
3761527,25602,432,2.0,828696166
3761528,25602,434,3.0,828696166
3761529,25602,435,2.0,828696166
3761530,25602,437,1.0,828696166
3761531,25602,468,5.0,828696166
3761532,25602,494,5.0,828695678
3761533,25602,588,5.0,828696166
3761534,25602,590,5.0,828696166
3761535,25602,592,3.0,828696166
3761536,25602,595,5.0,828696166
3761537,25603,135,2.0,1346812173
3761538,25603,306,3.0,1346812170
3761539,25603,318,4.0,1346812360
3761540,25603,319,3.0,1346812175
3761541,25603,527,2.0,1346812370
3761542,25603,800,3.0,1346812148
3761543,25603,858,2.5,1346812365
3761544,25603,1148,4.5,1346812453
3761545,25603,1179,2.0,1346812216
3761546,25603,1193,1.5,1346812417
3761547,25603,1198,3.5,1346812443
3761548,25603,1221,2.5,1346812383
3761549,25603,1411,2.0,1346812207
3761550,25603,1590,3.5,1346812191
3761551,25603,2019,2.5,1346812375
3761552,25603,2094,2.5,1346812154
3761553,25603,2352,2.0,1346812194
3761554,25603,2359,3.0,1346812159
3761555,25603,2371,4.0,1346812197
3761556,25603,2391,2.0,1346812212
3761557,25603,2872,1.5,1346812214
3761558,25603,2949,2.5,1346812163
3761559,25603,2959,3.0,1346812449
3761560,25603,3300,3.5,1346812200
3761561,25603,3354,1.5,1346812203
3761562,25603,3361,2.0,1346812168
3761563,25603,3826,2.0,1346812181
3761564,25603,3967,4.0,1346812143
3761565,25603,4011,2.5,1346812301
3761566,25603,4973,4.5,1346812286
3761567,25603,5377,3.5,1346812572
3761568,25603,5617,3.0,1346812965
3761569,25603,6711,2.0,1346812654
3761570,25603,6867,3.5,1346812308
3761571,25603,6942,1.5,1346812682
3761572,25603,7502,3.0,1346812366
3761573,25603,8784,3.0,1346812583
3761574,25603,8949,3.0,1346812581
3761575,25603,8961,3.5,1346812322
3761576,25603,46578,4.5,1346812313
3761577,25603,46976,3.5,1346812587
3761578,25603,54259,3.5,1346812675
3761579,25603,56367,3.5,1346812574
3761580,25603,58559,3.5,1346812435
3761581,25603,66934,3.0,1346812290
3761582,25603,68954,4.0,1346812298
3761583,25603,72011,2.5,1346812577
3761584,25603,77658,4.0,1346812439
3761585,25603,79702,3.5,1346812957
3761586,25603,86377,4.0,1346812295
3761587,25603,88163,3.5,1346812997
3761588,25603,94503,3.5,1346812814
3761589,25604,1,5.0,1028487968
3761590,25604,2,4.0,1028488215
3761591,25604,32,5.0,1028486851
3761592,25604,47,3.0,1028489239
3761593,25604,50,2.0,1028489171
3761594,25604,107,4.0,1028487585
3761595,25604,185,5.0,1028489081
3761596,25604,260,5.0,1028487700
3761597,25604,293,3.0,1028489256
3761598,25604,296,1.0,1028488020
3761599,25604,316,3.0,1028488631
3761600,25604,318,3.0,1028488045
3761601,25604,329,4.0,1028489001
3761602,25604,350,5.0,1028488450
3761603,25604,356,2.0,1028485469
3761604,25604,367,4.0,1028488192
3761605,25604,377,4.0,1028500171
3761606,25604,442,4.0,1028488966
3761607,25604,457,5.0,1028489239
3761608,25604,480,5.0,1028488610
3761609,25604,543,5.0,1028487105
3761610,25604,587,4.0,1028486562
3761611,25604,589,5.0,1028487754
3761612,25604,593,4.0,1028485562
3761613,25604,648,5.0,1028488469
3761614,25604,671,5.0,1028488867
3761615,25604,780,5.0,1028487478
3761616,25604,858,1.5,1063760738
3761617,25604,906,4.0,1028488408
3761618,25604,924,1.0,1028488389
3761619,25604,968,4.0,1028488689
3761620,25604,1019,4.0,1028488933
3761621,25604,1022,4.0,1028486585
3761622,25604,1036,4.0,1028487726
3761623,25604,1073,4.0,1079558098
3761624,25604,1089,2.0,1030828043
3761625,25604,1097,3.0,1028488116
3761626,25604,1127,3.0,1028487844
3761627,25604,1136,5.0,1028487081
3761628,25604,1148,5.0,1028487940
3761629,25604,1196,5.0,1028485517
3761630,25604,1197,5.0,1028485322
3761631,25604,1198,5.0,1028486308
3761632,25604,1199,3.0,1028485496
3761633,25604,1200,4.0,1128035941
3761634,25604,1210,5.0,1028485236
3761635,25604,1214,4.0,1028487700
3761636,25604,1219,5.0,1028488314
3761637,25604,1240,5.0,1028487755
3761638,25604,1257,4.0,1028487631
3761639,25604,1270,5.0,1028488585
3761640,25604,1291,5.0,1028487755
3761641,25604,1307,4.0,1028487940
3761642,25604,1356,5.0,1028488867
3761643,25604,1387,4.0,1079558129
3761644,25604,1405,4.0,1028491411
3761645,25604,1438,3.0,1028485322
3761646,25604,1527,4.0,1028488673
3761647,25604,1544,4.0,1028489102
3761648,25604,1580,5.0,1028487428
3761649,25604,1625,5.0,1028487276
3761650,25604,1645,4.0,1079558120
3761651,25604,1653,4.0,1028486816
3761652,25604,1676,4.0,1028487517
3761653,25604,1732,4.0,1028488450
3761654,25604,1779,4.0,1079561012
3761655,25604,1799,4.5,1128035956
3761656,25604,1805,5.0,1028502100
3761657,25604,1831,4.0,1028489119
3761658,25604,1876,4.0,1028489061
3761659,25604,1884,1.5,1068954285
3761660,25604,1917,4.5,1079558106
3761661,25604,1921,2.0,1028488898
3761662,25604,2011,4.0,1028488673
3761663,25604,2012,4.0,1028488898
3761664,25604,2015,5.0,1028488192
3761665,25604,2028,4.0,1079558133
3761666,25604,2046,4.0,1028488913
3761667,25604,2054,4.0,1028488240
3761668,25604,2094,4.0,1028489001
3761669,25604,2140,3.0,1028488161
3761670,25604,2143,2.0,1028486609
3761671,25604,2193,3.0,1028488161
3761672,25604,2232,4.0,1028488713
3761673,25604,2324,5.0,1028487009
3761674,25604,2354,3.0,1028485496
3761675,25604,2365,2.0,1028489001
3761676,25604,2393,4.0,1028491411
3761677,25604,2529,4.0,1028488647
3761678,25604,2530,4.0,1028486675
3761679,25604,2541,4.0,1028502063
3761680,25604,2571,5.0,1028487061
3761681,25604,2600,2.5,1072911906
3761682,25604,2622,3.0,1028488192
3761683,25604,2628,4.0,1028488192
3761684,25604,2664,3.0,1028488330
3761685,25604,2712,4.0,1028485562
3761686,25604,2716,4.0,1028487968
3761687,25604,2762,5.0,1028487134
3761688,25604,2797,4.0,1028488116
3761689,25604,2841,4.5,1071366308
3761690,25604,2858,4.0,1028486500
3761691,25604,2916,5.0,1028487394
3761692,25604,2959,5.0,1030828167
3761693,25604,2965,2.0,1028486415
3761694,25604,2968,3.0,1028488161
3761695,25604,2987,4.0,1028487804
3761696,25604,2995,5.0,1062483044
3761697,25604,2997,5.0,1028487295
3761698,25604,3033,4.0,1028488713
3761699,25604,3147,5.0,1028489239
3761700,25604,3159,3.0,1028485322
3761701,25604,3175,5.0,1028487844
3761702,25604,3176,4.0,1028488469
3761703,25604,3275,3.0,1034468540
3761704,25604,3285,2.0,1068334046
3761705,25604,3301,4.5,1063760670
3761706,25604,3408,4.0,1028486675
3761707,25604,3471,1.0,1028488610
3761708,25604,3489,5.0,1028485255
3761709,25604,3503,0.5,1062545941
3761710,25604,3510,4.0,1128035971
3761711,25604,3578,4.5,1063760551
3761712,25604,3745,4.0,1068333974
3761713,25604,3753,4.0,1028487445
3761714,25604,3793,4.0,1028488631
3761715,25604,3798,4.5,1063760695
3761716,25604,3863,3.0,1028489061
3761717,25604,3864,4.0,1028488966
3761718,25604,3948,4.5,1063760638
3761719,25604,3959,4.0,1028488673
3761720,25604,3994,5.0,1028488689
3761721,25604,3996,2.5,1068333119
3761722,25604,4016,5.0,1028502200
3761723,25604,4022,4.0,1079558116
3761724,25604,4027,5.0,1028487048
3761725,25604,4121,4.0,1028487428
3761726,25604,4226,5.0,1028485772
3761727,25604,4299,4.0,1028486609
3761728,25604,4306,4.0,1028488116
3761729,25604,4310,4.0,1028487517
3761730,25604,4366,4.0,1028488240
3761731,25604,4370,3.0,1028488713
3761732,25604,4446,4.0,1028488673
3761733,25604,4448,3.5,1063760663
3761734,25604,4571,4.0,1028488161
3761735,25604,4638,4.0,1028486739
3761736,25604,4643,4.0,1028488933
3761737,25604,4678,5.0,1028487428
3761738,25604,4700,3.0,1028486562
3761739,25604,4720,4.5,1063760538
3761740,25604,4799,4.0,1028491390
3761741,25604,4886,5.0,1033356751
3761742,25604,4963,4.0,1028486609
3761743,25604,4974,4.0,1028487466
3761744,25604,4979,3.0,1028487375
3761745,25604,4993,5.0,1028487804
3761746,25604,4995,4.0,1030828149
3761747,25604,5047,3.0,1028487545
3761748,25604,5107,5.0,1028500214
3761749,25604,5171,4.0,1028487545
3761750,25604,5208,2.0,1062368590
3761751,25604,5219,4.0,1028487517
3761752,25604,5266,5.0,1028489273
3761753,25604,5313,3.0,1068333153
3761754,25604,5349,5.0,1028486903
3761755,25604,5378,4.0,1028486500
3761756,25604,5400,4.0,1068333970
3761757,25604,5418,4.5,1128035960
3761758,25604,5445,4.5,1063760548
3761759,25604,5459,4.0,1030332809
3761760,25604,5479,4.0,1028486927
3761761,25604,5500,4.0,1028487466
3761762,25604,5502,5.0,1030332809
3761763,25604,5608,4.5,1068333090
3761764,25604,5629,5.0,1033788784
3761765,25604,5679,5.0,1070650096
3761766,25604,5881,0.5,1068333702
3761767,25604,5903,4.5,1063760534
3761768,25604,5952,4.5,1063760559
3761769,25604,6157,4.0,1068334005
3761770,25604,6323,4.5,1068333088
3761771,25604,6333,4.0,1128035914
3761772,25604,6377,5.0,1068333886
3761773,25604,6378,4.0,1068333897
3761774,25604,6502,3.0,1071365655
3761775,25604,6539,5.0,1063760774
3761776,25604,7153,5.0,1128035906
3761777,25604,7254,5.0,1079559515
3761778,25604,8636,4.5,1128035897
3761779,25604,8961,5.0,1128035857
3761780,25604,30793,4.5,1128036018
3761781,25604,33794,5.0,1128035919
3761782,25605,50,5.0,975202666
3761783,25605,296,4.0,975202603
3761784,25605,318,5.0,975202713
3761785,25605,480,4.0,975202280
3761786,25605,541,5.0,975202877
3761787,25605,589,4.0,975202761
3761788,25605,608,5.0,975202713
3761789,25605,648,4.0,975202398
3761790,25605,720,5.0,975202730
3761791,25605,1079,4.0,975202985
3761792,25605,1090,5.0,975203051
3761793,25605,1097,4.0,975203134
3761794,25605,1127,2.0,975203134
3761795,25605,1148,5.0,975202643
3761796,25605,1172,5.0,975202985
3761797,25605,1186,4.0,975203169
3761798,25605,1196,4.0,975202237
3761799,25605,1198,4.0,975202901
3761800,25605,1200,4.0,975203051
3761801,25605,1210,4.0,975203134
3761802,25605,1220,3.0,975203134
3761803,25605,1240,5.0,975202985
3761804,25605,1259,5.0,975203080
3761805,25605,1288,4.0,975203015
3761806,25605,1293,4.0,975202901
3761807,25605,1299,4.0,975203051
3761808,25605,1307,4.0,975203015
3761809,25605,1380,4.0,975202237
3761810,25605,1394,5.0,975202901
3761811,25605,1617,3.0,975202666
3761812,25605,1674,4.0,975203169
3761813,25605,1961,4.0,975203105
3761814,25605,2000,4.0,975203080
3761815,25605,2160,3.0,975202280
3761816,25605,2194,2.0,975203080
3761817,25605,2312,4.0,975203169
3761818,25605,2336,3.0,975202761
3761819,25605,2352,5.0,975203134
3761820,25605,2378,1.0,975202280
3761821,25605,2396,4.0,975202713
3761822,25605,2716,4.0,975203015
3761823,25605,2791,3.0,975203051
3761824,25605,2918,5.0,975203105
3761825,25605,2997,5.0,975202713
3761826,25605,3019,3.0,975202956
3761827,25605,3060,4.0,975202280
3761828,25605,3068,3.0,975202877
3761829,25605,3072,4.0,975202985
3761830,25605,3098,4.0,975203080
3761831,25605,3173,5.0,975202398
3761832,25605,3210,4.0,975203169
3761833,25605,3424,4.0,975202956
3761834,25605,3526,4.0,975203105
3761835,25605,3552,2.0,975203169
3761836,25605,3703,2.0,975202936
3761837,25605,4002,2.0,975202877
3761838,25605,4010,3.0,975202936
3761839,25606,10,3.0,835529139
3761840,25606,150,5.0,835529068
3761841,25606,161,5.0,835529139
3761842,25606,165,5.0,835529097
3761843,25606,185,5.0,835529159
3761844,25606,208,3.0,835529159
3761845,25606,231,4.0,835529117
3761846,25606,253,5.0,835529159
3761847,25606,288,4.0,835529171
3761848,25606,292,5.0,835529139
3761849,25606,296,5.0,835529068
3761850,25606,316,3.0,835529117
3761851,25606,339,5.0,835529139
3761852,25606,344,3.0,835529097
3761853,25606,349,2.0,835529097
3761854,25606,380,4.0,835529069
3761855,25606,434,5.0,835529139
3761856,25606,457,5.0,835529159
3761857,25606,588,4.0,835529097
3761858,25606,590,3.0,835529068
3761859,25606,592,3.0,835529068
3761860,25606,593,4.0,835529159
3761861,25607,1,4.0,945902145
3761862,25607,2,2.0,945982257
3761863,25607,6,5.0,966806137
3761864,25607,7,4.0,945905756
3761865,25607,10,4.0,1004825215
3761866,25607,17,3.0,945980774
3761867,25607,21,3.0,945904752
3761868,25607,28,3.0,945980749
3761869,25607,29,5.0,945903572
3761870,25607,32,4.0,945902133
3761871,25607,39,4.0,945905475
3761872,25607,44,4.0,945904036
3761873,25607,47,4.0,945902987
3761874,25607,50,4.0,945902374
3761875,25607,58,3.0,945904916
3761876,25607,72,3.0,949048128
3761877,25607,76,2.0,946083908
3761878,25607,85,4.0,945980840
3761879,25607,104,2.0,945982257
3761880,25607,111,4.0,945901833
3761881,25607,112,4.0,965004252
3761882,25607,122,2.0,950410047
3761883,25607,123,5.0,945902443
3761884,25607,150,3.0,945904603
3761885,25607,153,2.0,948172944
3761886,25607,161,3.0,994126187
3761887,25607,165,3.0,945903264
3761888,25607,172,2.0,1027731994
3761889,25607,184,4.0,945982809
3761890,25607,187,3.0,945982393
3761891,25607,198,3.0,946082666
3761892,25607,223,4.0,948171605
3761893,25607,224,3.0,948172258
3761894,25607,231,4.0,998356725
3761895,25607,232,4.0,986871397
3761896,25607,235,4.0,945902327
3761897,25607,253,3.0,945905174
3761898,25607,260,5.0,945901928
3761899,25607,265,4.0,945904555
3761900,25607,288,4.0,949048249
3761901,25607,293,5.0,991950347
3761902,25607,296,4.0,945901812
3761903,25607,307,3.0,945902293
3761904,25607,309,4.0,945905039
3761905,25607,316,3.0,1005510193
3761906,25607,318,5.0,945901341
3761907,25607,329,3.0,945903697
3761908,25607,342,3.0,945905675
3761909,25607,349,2.0,950410092
3761910,25607,353,4.0,945906182
3761911,25607,356,1.0,957668452
3761912,25607,357,3.0,945905505
3761913,25607,364,2.0,982732327
3761914,25607,367,3.0,946083668
3761915,25607,370,3.0,948172798
3761916,25607,372,1.0,945982425
3761917,25607,373,4.0,996189864
3761918,25607,380,2.0,945982543
3761919,25607,393,2.0,946083017
3761920,25607,410,4.0,945905695
3761921,25607,420,2.0,945982022
3761922,25607,431,4.0,945904944
3761923,25607,432,2.0,945902854
3761924,25607,440,2.0,950410136
3761925,25607,442,3.0,945982120
3761926,25607,448,5.0,945901592
3761927,25607,454,3.0,945903146
3761928,25607,457,2.0,950410177
3761929,25607,466,2.0,950410226
3761930,25607,471,4.0,945905408
3761931,25607,474,3.0,946083508
3761932,25607,497,4.0,945905505
3761933,25607,509,3.0,945980840
3761934,25607,511,2.0,946083130
3761935,25607,514,2.0,949048324
3761936,25607,516,1.0,945905918
3761937,25607,520,2.0,945982425
3761938,25607,535,4.0,945902013
3761939,25607,541,5.0,945901568
3761940,25607,542,1.0,945906073
3761941,25607,551,4.0,945982359
3761942,25607,587,1.0,950410226
3761943,25607,588,3.0,945902544
3761944,25607,589,3.0,945902443
3761945,25607,590,2.0,949047946
3761946,25607,592,2.0,945903926
3761947,25607,593,4.0,945902200
3761948,25607,594,3.0,945902625
3761949,25607,595,3.0,945902667
3761950,25607,596,3.0,945902544
3761951,25607,599,5.0,945901657
3761952,25607,608,4.0,945902934
3761953,25607,648,2.0,949048185
3761954,25607,680,4.0,949047591
3761955,25607,704,2.0,946083473
3761956,25607,707,4.0,945903384
3761957,25607,714,4.0,1027731942
3761958,25607,716,4.0,965496985
3761959,25607,720,4.0,945902238
3761960,25607,728,4.0,945902404
3761961,25607,741,5.0,949048076
3761962,25607,743,2.0,945982507
3761963,25607,745,4.0,945902625
3761964,25607,750,5.0,945901738
3761965,25607,778,4.0,945902280
3761966,25607,780,2.0,945903651
3761967,25607,783,3.0,945902745
3761968,25607,785,4.0,945905776
3761969,25607,800,4.0,945902200
3761970,25607,838,3.0,945905432
3761971,25607,839,3.0,945903445
3761972,25607,849,1.0,945903336
3761973,25607,858,4.0,993953122
3761974,25607,861,4.0,945903175
3761975,25607,866,4.0,945903016
3761976,25607,899,4.0,945901738
3761977,25607,900,4.0,945980817
3761978,25607,901,5.0,945902212
3761979,25607,902,5.0,945904582
3761980,25607,903,4.0,945902947
3761981,25607,904,4.0,957667659
3761982,25607,911,5.0,945982052
3761983,25607,912,5.0,945901962
3761984,25607,913,3.0,965497155
3761985,25607,915,4.0,945905528
3761986,25607,916,5.0,945901812
3761987,25607,919,3.0,945901833
3761988,25607,922,5.0,983571052
3761989,25607,923,4.0,945904460
3761990,25607,924,4.0,945902113
3761991,25607,937,4.0,945905548
3761992,25607,953,2.0,945982257
3761993,25607,994,4.0,957668004
3761994,25607,999,3.0,947295764
3761995,25607,1020,1.0,950410093
3761996,25607,1022,2.0,950410093
3761997,25607,1025,3.0,948171971
3761998,25607,1028,3.0,949048185
3761999,25607,1029,2.0,950410136
3762000,25607,1030,3.0,948172018
3762001,25607,1035,3.0,945981096
3762002,25607,1036,4.0,945902971
3762003,25607,1041,4.0,945904582
3762004,25607,1047,4.0,945903183
3762005,25607,1057,2.0,950410177
3762006,25607,1060,4.0,945905385
3762007,25607,1079,3.0,949048017
3762008,25607,1080,4.0,945905385
3762009,25607,1089,4.0,945901869
3762010,25607,1090,3.0,994126127
3762011,25607,1091,2.0,945901341
3762012,25607,1092,3.0,945903204
3762013,25607,1094,4.0,945901991
3762014,25607,1095,3.0,978746897
3762015,25607,1097,3.0,945901341
3762016,25607,1101,2.0,946083193
3762017,25607,1125,4.0,948172349
3762018,25607,1127,3.0,972696000
3762019,25607,1129,2.0,945982120
3762020,25607,1136,5.0,945902200
3762021,25607,1148,4.0,945901962
3762022,25607,1171,2.0,950410047
3762023,25607,1175,4.0,945903547
3762024,25607,1183,4.0,945904978
3762025,25607,1188,4.0,945902225
3762026,25607,1193,5.0,945904460
3762027,25607,1196,5.0,945903547
3762028,25607,1197,3.0,945903890
3762029,25607,1198,4.0,945902030
3762030,25607,1199,5.0,945903547
3762031,25607,1200,4.0,945902404
3762032,25607,1201,4.0,945902815
3762033,25607,1204,5.0,945902101
3762034,25607,1206,4.0,945903547
3762035,25607,1208,5.0,945901833
3762036,25607,1210,4.0,945901312
3762037,25607,1213,4.0,945902101
3762038,25607,1214,5.0,949047738
3762039,25607,1215,3.0,945902443
3762040,25607,1217,4.0,1010998380
3762041,25607,1218,4.0,945901767
3762042,25607,1219,4.0,947376334
3762043,25607,1220,2.0,950410047
3762044,25607,1223,4.0,945902625
3762045,25607,1225,3.0,957667753
3762046,25607,1228,5.0,993695032
3762047,25607,1231,3.0,945902133
3762048,25607,1232,3.0,945982633
3762049,25607,1233,5.0,994126066
3762050,25607,1234,4.0,945902475
3762051,25607,1235,3.0,945902509
3762052,25607,1240,4.0,945902225
3762053,25607,1243,4.0,945904978
3762054,25607,1246,3.0,957668033
3762055,25607,1247,4.0,945902030
3762056,25607,1248,4.0,957667701
3762057,25607,1249,4.0,945902443
3762058,25607,1251,4.0,945904517
3762059,25607,1252,5.0,945901713
3762060,25607,1253,4.0,967521385
3762061,25607,1256,4.0,945905317
3762062,25607,1258,4.0,976328513
3762063,25607,1260,4.0,945982296
3762064,25607,1261,4.0,945903890
3762065,25607,1262,4.0,988152744
3762066,25607,1265,2.0,950410226
3762067,25607,1266,4.0,945902544
3762068,25607,1267,4.0,996544840
3762069,25607,1269,4.0,945902475
3762070,25607,1270,2.0,950410047
3762071,25607,1274,5.0,945902648
3762072,25607,1275,4.0,945903926
3762073,25607,1280,5.0,957667613
3762074,25607,1281,4.0,948172190
3762075,25607,1284,4.0,945901792
3762076,25607,1287,2.0,950410048
3762077,25607,1288,4.0,945904517
3762078,25607,1291,3.0,945903890
3762079,25607,1293,3.0,950410178
3762080,25607,1295,3.0,945902280
3762081,25607,1296,3.0,945902358
3762082,25607,1297,3.0,945905572
3762083,25607,1298,4.0,945904774
3762084,25607,1305,5.0,945904888
3762085,25607,1306,4.0,983066456
3762086,25607,1307,4.0,945905360
3762087,25607,1320,3.0,945903316
3762088,25607,1333,4.0,945904171
3762089,25607,1350,4.0,945904255
3762090,25607,1354,4.0,945904819
3762091,25607,1356,3.0,945982507
3762092,25607,1358,5.0,945904555
3762093,25607,1365,5.0,945904673
3762094,25607,1367,3.0,945981304
3762095,25607,1370,3.0,945982120
3762096,25607,1371,3.0,945904059
3762097,25607,1372,3.0,946083162
3762098,25607,1374,4.0,945903547
3762099,25607,1375,4.0,945903995
3762100,25607,1376,3.0,945903592
3762101,25607,1377,2.0,945982022
3762102,25607,1380,1.0,950410227
3762103,25607,1387,3.0,957667907
3762104,25607,1391,3.0,945903697
3762105,25607,1394,4.0,965497187
3762106,25607,1396,3.0,945904916
3762107,25607,1405,1.0,950410048
3762108,25607,1406,4.0,945904642
3762109,25607,1407,4.0,945903046
3762110,25607,1411,4.0,945904603
3762111,25607,1429,4.0,946083041
3762112,25607,1449,4.0,945905408
3762113,25607,1464,3.0,945981364
3762114,25607,1466,4.0,947295668
3762115,25607,1480,3.0,945903231
3762116,25607,1483,4.0,945903316
3762117,25607,1485,3.0,948172583
3762118,25607,1500,3.0,945902571
3762119,25607,1517,1.0,950409992
3762120,25607,1527,2.0,949048017
3762121,25607,1569,3.0,949048185
3762122,25607,1570,2.0,957667753
3762123,25607,1573,4.0,945903126
3762124,25607,1580,3.0,945903926
3762125,25607,1584,1.0,945982088
3762126,25607,1587,3.0,949047881
3762127,25607,1610,3.0,946082982
3762128,25607,1617,4.0,945902901
3762129,25607,1633,4.0,945904712
3762130,25607,1641,3.0,945905432
3762131,25607,1645,3.0,949047946
3762132,25607,1648,4.0,945903109
3762133,25607,1653,3.0,1040437818
3762134,25607,1663,2.0,945982507
3762135,25607,1673,3.0,945904673
3762136,25607,1674,3.0,945903000
3762137,25607,1676,4.0,945903651
3762138,25607,1681,3.0,945904123
3762139,25607,1682,4.0,945904888
3762140,25607,1687,1.0,945982257
3762141,25607,1690,3.0,945903717
3762142,25607,1704,4.0,945904673
3762143,25607,1717,3.0,945903175
3762144,25607,1719,4.0,945904673
3762145,25607,1721,1.0,945901608
3762146,25607,1722,4.0,945980941
3762147,25607,1748,2.0,945903095
3762148,25607,1760,3.0,949048427
3762149,25607,1769,4.0,945903264
3762150,25607,1777,2.0,945982576
3762151,25607,1784,4.0,945902475
3762152,25607,1834,4.0,945902544
3762153,25607,1858,4.0,946083525
3762154,25607,1866,4.0,945905839
3762155,25607,1882,1.0,945982208
3762156,25607,1884,4.0,945905918
3762157,25607,1889,4.0,985805663
3762158,25607,1921,4.0,948171822
3762159,25607,1923,3.0,949048494
3762160,25607,1924,3.0,945903620
3762161,25607,1927,4.0,946084007
3762162,25607,1947,3.0,945980795
3762163,25607,1954,3.0,945902475
3762164,25607,1965,2.0,946083908
3762165,25607,1968,3.0,945905505
3762166,25607,2000,3.0,945904799
3762167,25607,2001,3.0,945905174
3762168,25607,2002,3.0,945905876
3762169,25607,2003,3.0,945904234
3762170,25607,2005,3.0,966314128
3762171,25607,2009,2.0,945982507
3762172,25607,2010,5.0,965003683
3762173,25607,2011,2.0,945982022
3762174,25607,2019,5.0,945904434
3762175,25607,2020,4.0,945980774
3762176,25607,2021,3.0,993087527
3762177,25607,2022,5.0,945904888
3762178,25607,2028,4.0,949048373
3762179,25607,2034,3.0,945903756
3762180,25607,2054,2.0,986871845
3762181,25607,2058,3.0,946083130
3762182,25607,2076,4.0,945904517
3762183,25607,2078,3.0,948171971
3762184,25607,2081,2.0,945902691
3762185,25607,2085,3.0,945902691
3762186,25607,2087,3.0,948171971
3762187,25607,2090,4.0,945902691
3762188,25607,2096,3.0,948171971
3762189,25607,2100,2.0,946083668
3762190,25607,2105,3.0,945903651
3762191,25607,2106,4.0,945904849
3762192,25607,2108,3.0,945902404
3762193,25607,2115,4.0,945903973
3762194,25607,2116,4.0,945902730
3762195,25607,2117,4.0,946083938
3762196,25607,2122,4.0,945904298
3762197,25607,2124,4.0,945905675
3762198,25607,2134,3.0,948172408
3762199,25607,2139,3.0,948171971
3762200,25607,2140,4.0,945903651
3762201,25607,2143,2.0,966314128
3762202,25607,2144,2.0,948172474
3762203,25607,2145,2.0,945982393
3762204,25607,2150,4.0,945905475
3762205,25607,2167,4.0,945903951
3762206,25607,2174,3.0,945903792
3762207,25607,2179,2.0,987377440
3762208,25607,2186,4.0,945902901
3762209,25607,2194,4.0,945904799
3762210,25607,2198,4.0,945981202
3762211,25607,2232,4.0,966278370
3762212,25607,2248,2.0,976328513
3762213,25607,2253,2.0,966314148
3762214,25607,2273,4.0,945903295
3762215,25607,2275,4.0,945903744
3762216,25607,2278,4.0,992398132
3762217,25607,2289,4.0,945905360
3762218,25607,2291,3.0,945904673
3762219,25607,2300,2.0,945901850
3762220,25607,2301,3.0,986871820
3762221,25607,2311,3.0,945903572
3762222,25607,2318,5.0,945905719
3762223,25607,2324,4.0,945905408
3762224,25607,2328,2.0,945904298
3762225,25607,2330,5.0,947284414
3762226,25607,2355,3.0,945902648
3762227,25607,2359,4.0,945905385
3762228,25607,2362,3.0,945904799
3762229,25607,2371,2.0,945982155
3762230,25607,2373,3.0,945904036
3762231,25607,2375,2.0,945906005
3762232,25607,2376,4.0,946083264
3762233,25607,2378,3.0,945905956
3762234,25607,2387,3.0,948172607
3762235,25607,2393,3.0,945982507
3762236,25607,2395,4.0,945902133
3762237,25607,2402,3.0,946083328
3762238,25607,2405,3.0,948172552
3762239,25607,2407,3.0,946083939
3762240,25607,2416,1.0,950409993
3762241,25607,2420,2.0,957668388
3762242,25607,2463,2.0,978746758
3762243,25607,2467,4.0,945981347
3762244,25607,2470,2.0,950410093
3762245,25607,2478,2.0,945902833
3762246,25607,2495,4.0,945902715
3762247,25607,2502,3.0,987299685
3762248,25607,2540,4.0,946083234
3762249,25607,2542,4.0,945903016
3762250,25607,2551,4.0,945904978
3762251,25607,2571,5.0,945903547
3762252,25607,2580,4.0,947295740
3762253,25607,2582,4.0,945901312
3762254,25607,2594,4.0,1023839265
3762255,25607,2600,4.0,945903360
3762256,25607,2616,2.0,946083070
3762257,25607,2617,4.0,998356754
3762258,25607,2624,5.0,950247279
3762259,25607,2625,5.0,946083554
3762260,25607,2628,4.0,945903697
3762261,25607,2640,3.0,946083017
3762262,25607,2641,3.0,946083130
3762263,25607,2664,4.0,946083774
3762264,25607,2677,4.0,957667701
3762265,25607,2686,3.0,946082552
3762266,25607,2690,3.0,948172311
3762267,25607,2692,4.0,1004148160
3762268,25607,2700,4.0,957668117
3762269,25607,2701,1.0,945902854
3762270,25607,2706,3.0,957668331
3762271,25607,2710,3.0,945904215
3762272,25607,2716,2.0,950410227
3762273,25607,2720,1.0,978746739
3762274,25607,2723,4.0,945904036
3762275,25607,2726,4.0,946082873
3762276,25607,2728,5.0,945904888
3762277,25607,2761,4.0,947296004
3762278,25607,2762,4.0,945902987
3762279,25607,2789,4.0,945904380
3762280,25607,2791,3.0,949047738
3762281,25607,2792,2.0,950409993
3762282,25607,2797,2.0,949047816
3762283,25607,2804,5.0,945901928
3762284,25607,2808,2.0,946083287
3762285,25607,2810,4.0,945902764
3762286,25607,2815,1.0,945982257
3762287,25607,2822,1.0,945982359
3762288,25607,2858,5.0,945901390
3762289,25607,2872,4.0,945903792
3762290,25607,2879,4.0,946083162
3762291,25607,2880,3.0,986871718
3762292,25607,2890,4.0,978746684
3762293,25607,2912,4.0,976328295
3762294,25607,2915,2.0,948172311
3762295,25607,2916,4.0,945903095
3762296,25607,2918,2.0,950410178
3762297,25607,2924,4.0,945901991
3762298,25607,2942,1.0,950410178
3762299,25607,2947,4.0,945906141
3762300,25607,2948,4.0,945906161
3762301,25607,2949,4.0,946083017
3762302,25607,2951,4.0,945902815
3762303,25607,2959,5.0,945901541
3762304,25607,2968,4.0,945903572
3762305,25607,2972,4.0,957667881
3762306,25607,2976,2.0,950410093
3762307,25607,2985,3.0,945906161
3762308,25607,2987,5.0,945902648
3762309,25607,2989,4.0,946083193
3762310,25607,2991,4.0,946083070
3762311,25607,2993,4.0,946083554
3762312,25607,2997,4.0,945901991
3762313,25607,3020,4.0,966212442
3762314,25607,3030,5.0,979772140
3762315,25607,3033,3.0,948172508
3762316,25607,3034,3.0,949048324
3762317,25607,3052,4.0,945901436
3762318,25607,3070,3.0,1027120661
3762319,25607,3077,4.0,949891668
3762320,25607,3081,4.0,947295554
3762321,25607,3100,3.0,945904978
3762322,25607,3104,3.0,945905385
3762323,25607,3107,3.0,948173333
3762324,25607,3108,4.0,945905020
3762325,25607,3113,2.0,976328216
3762326,25607,3145,4.0,949047515
3762327,25607,3175,3.0,949048017
3762328,25607,3210,3.0,986871369
3762329,25607,3246,3.0,957668033
3762330,25607,3247,2.0,948172583
3762331,25607,3253,2.0,948172311
3762332,25607,3254,2.0,948172349
3762333,25607,3255,3.0,948172349
3762334,25607,3258,3.0,948172658
3762335,25607,3264,2.0,949047881
3762336,25607,3265,5.0,948173184
3762337,25607,3328,4.0,957667455
3762338,25607,3334,4.0,957667753
3762339,25607,3354,1.0,957667490
3762340,25607,3361,2.0,957667838
3762341,25607,3396,4.0,957667807
3762342,25607,3397,3.0,957668117
3762343,25607,3398,3.0,986871605
3762344,25607,3421,2.0,957667838
3762345,25607,3429,4.0,978746824
3762346,25607,3444,4.0,958452082
3762347,25607,3448,3.0,986871765
3762348,25607,3450,2.0,957668291
3762349,25607,3452,4.0,958452138
3762350,25607,3462,4.0,966806352
3762351,25607,3471,3.0,957667753
3762352,25607,3481,4.0,963707320
3762353,25607,3503,4.0,990072836
3762354,25607,3512,4.0,957667455
3762355,25607,3527,3.0,976328323
3762356,25607,3550,3.0,1028420733
3762357,25607,3552,2.0,957668426
3762358,25607,3578,4.0,957667455
3762359,25607,3623,3.0,963707351
3762360,25607,3624,4.0,963707320
3762361,25607,3638,3.0,958452110
3762362,25607,3683,4.0,966314062
3762363,25607,3699,3.0,964389686
3762364,25607,3702,4.0,965003860
3762365,25607,3703,4.0,966313839
3762366,25607,3729,3.0,965497021
3762367,25607,3741,4.0,965004206
3762368,25607,3744,1.0,965497021
3762369,25607,3751,4.0,963707320
3762370,25607,3785,3.0,964082548
3762371,25607,3790,4.0,963707369
3762372,25607,3793,4.0,964082515
3762373,25607,3858,4.0,986505334
3762374,25607,3868,4.0,986871449
3762375,25607,3896,4.0,991633221
3762376,25607,3897,4.0,971723343
3762377,25607,3910,5.0,976766717
3762378,25607,3949,4.0,976328173
3762379,25607,3977,4.0,976328173
3762380,25607,3996,5.0,979771766
3762381,25607,4002,2.0,986871480
3762382,25607,4011,4.0,982732230
3762383,25607,4015,4.0,1000679532
3762384,25607,4027,3.0,1040437916
3762385,25607,4085,3.0,983930664
3762386,25607,4121,2.0,986871516
3762387,25607,4144,5.0,984706150
3762388,25607,4226,4.0,1000679510
3762389,25607,4235,4.0,993952733
3762390,25607,4275,3.0,988152807
3762391,25607,4298,4.0,998422987
3762392,25607,4306,3.0,1012700639
3762393,25607,4308,4.0,996424558
3762394,25607,4329,4.0,996451686
3762395,25607,4361,2.0,996451686
3762396,25607,4367,2.0,1012700664
3762397,25607,4369,4.0,1023839216
3762398,25607,4378,4.0,1023839192
3762399,25607,4448,3.0,998776912
3762400,25607,4552,5.0,996111956
3762401,25607,4571,3.0,1012163070
3762402,25607,4701,4.0,1012700639
3762403,25607,4728,4.0,998776939
3762404,25607,4857,4.0,1004825313
3762405,25607,4878,4.0,1023839192
3762406,25607,4886,4.0,1010998282
3762407,25607,4889,4.0,1023839192
3762408,25607,4896,4.0,1008902569
3762409,25607,4973,5.0,1010998282
3762410,25607,4978,4.0,1027731919
3762411,25607,4993,5.0,1008902569
3762412,25607,5060,3.0,945901869
3762413,25607,5265,4.0,1020465624
3762414,25607,5349,4.0,1020744906
3762415,25607,5378,4.0,1021671822
3762416,25607,5418,3.0,1027120511
3762417,25607,5445,3.0,1040437818
3762418,25607,5617,4.0,1040437701
3762419,25607,5673,4.0,1040437740
3762420,25607,5690,4.0,1040438089
3762421,25607,5944,3.0,1040437724
3762422,25607,5952,5.0,1040437676
3762423,25607,6184,2.0,965003901
3762424,25608,1,3.5,1361676763
3762425,25608,260,3.5,1361676927
3762426,25608,296,5.0,1361676279
3762427,25608,356,5.0,1361676644
3762428,25608,364,3.5,1362340582
3762429,25608,527,4.5,1361676259
3762430,25608,589,3.0,1361676896
3762431,25608,661,2.5,1361675959
3762432,25608,673,1.5,1361675966
3762433,25608,1036,5.0,1361676922
3762434,25608,1196,5.0,1361676876
3762435,25608,1198,4.0,1361676904
3762436,25608,1199,3.5,1361676950
3762437,25608,1203,5.0,1361676862
3762438,25608,1210,5.0,1361676929
3762439,25608,1240,4.0,1361676801
3762440,25608,1265,4.0,1361676794
3762441,25608,1291,4.5,1361676907
3762442,25608,1293,5.0,1361677246
3762443,25608,1356,4.0,1362340575
3762444,25608,1608,2.5,1362340647
3762445,25608,1693,3.5,1361676113
3762446,25608,1927,5.0,1361677345
3762447,25608,1965,3.5,1361676074
3762448,25608,2134,3.0,1361676084
3762449,25608,2294,3.0,1361675972
3762450,25608,2571,4.0,1361676850
3762451,25608,2746,0.5,1361675993
3762452,25608,2747,0.5,1361676185
3762453,25608,2788,4.5,1361677211
3762454,25608,2792,3.0,1361676126
3762455,25608,3254,2.5,1361676101
3762456,25608,3271,3.5,1361676153
3762457,25608,3461,3.5,1361676206
3762458,25608,3668,4.0,1361676189
3762459,25608,3948,3.5,1362340611
3762460,25608,3959,2.5,1361676204
3762461,25608,3996,3.5,1361676730
3762462,25608,4006,3.0,1361676192
3762463,25608,4025,3.0,1362340608
3762464,25608,4874,4.0,1361676079
3762465,25608,4993,3.5,1361676880
3762466,25608,5218,3.0,1362340606
3762467,25608,5378,3.0,1362340603
3762468,25608,5952,4.0,1361676883
3762469,25608,6377,3.5,1361676936
3762470,25608,6539,4.5,1362340569
3762471,25608,6874,5.0,1361676309
3762472,25608,7438,5.0,1361676317
3762473,25608,7482,3.5,1362340505
3762474,25608,8665,4.0,1362340595
3762475,25608,8874,4.5,1361676871
3762476,25608,42718,4.0,1361676367
3762477,25608,44191,4.0,1361676938
3762478,25608,58559,4.0,1361676264
3762479,25608,59315,5.0,1361677583
3762480,25608,68358,4.0,1361677269
3762481,25608,68954,4.0,1361677097
3762482,25608,70286,4.0,1361677668
3762483,25608,71535,4.0,1362340695
3762484,25608,78499,3.5,1361677137
3762485,25608,79132,4.0,1361676964
3762486,25608,89745,4.0,1361677145
3762487,25609,50,5.0,981992262
3762488,25609,306,5.0,981991711
3762489,25609,307,5.0,981991640
3762490,25609,308,4.0,981991728
3762491,25609,318,5.0,981991705
3762492,25609,353,5.0,981991038
3762493,25609,527,4.0,981991038
3762494,25609,829,1.0,981992373
3762495,25609,912,5.0,981992303
3762496,25609,1129,3.0,981991221
3762497,25609,1193,4.0,981991018
3762498,25609,1220,4.0,981991621
3762499,25609,1250,5.0,981991183
3762500,25609,1372,4.0,981991705
3762501,25609,1445,2.0,981991038
3762502,25609,1610,5.0,981991660
3762503,25609,1686,2.0,981991689
3762504,25609,2019,4.0,981992493
3762505,25609,2076,3.0,981991590
3762506,25609,2249,2.0,981991640
3762507,25609,2383,2.0,981991038
3762508,25609,2805,2.0,981991640
3762509,25609,3147,2.0,981992434
3762510,25609,3263,4.0,981991735
3762511,25609,3274,3.0,981991728
3762512,25609,3388,3.0,981991018
3762513,25609,3527,4.0,981991689
3762514,25609,3578,5.0,981991197
3762515,25609,3697,2.0,981991689
3762516,25609,3744,3.0,981991221
3762517,25609,3751,5.0,981991197
3762518,25609,3785,4.0,981991247
3762519,25609,3793,4.0,981991207
3762520,25609,3831,3.0,981991235
3762521,25609,3993,3.0,981991132
3762522,25609,3994,3.0,981991115
3762523,25609,3996,5.0,981991099
3762524,25609,4014,4.0,981991132
3762525,25609,4020,4.0,981991132
3762526,25609,4029,4.0,981991115
3762527,25609,4034,4.0,981991099
3762528,25609,4066,4.0,981991235
3762529,25610,1,4.0,945011167
3762530,25610,2,2.0,944916667
3762531,25610,3,3.0,945012281
3762532,25610,10,4.0,945013516
3762533,25610,11,4.0,945012489
3762534,25610,16,4.0,945011968
3762535,25610,17,4.0,945011789
3762536,25610,21,4.0,945011931
3762537,25610,32,3.0,944920537
3762538,25610,34,4.0,944918792
3762539,25610,36,1.0,944918815
3762540,25610,39,3.0,945011874
3762541,25610,43,4.0,945012549
3762542,25610,45,3.0,945011497
3762543,25610,47,3.0,945625145
3762544,25610,48,1.0,945014123
3762545,25610,50,4.0,944917652
3762546,25610,70,1.0,944917330
3762547,25610,73,4.0,945011789
3762548,25610,79,3.0,945013985
3762549,25610,81,1.0,944977657
3762550,25610,92,4.0,945014436
3762551,25610,95,4.0,945013516
3762552,25610,104,1.0,945012519
3762553,25610,105,1.0,945012957
3762554,25610,110,3.0,944917193
3762555,25610,140,3.0,945014152
3762556,25610,141,3.0,948380446
3762557,25610,149,3.0,944917835
3762558,25610,150,5.0,945011874
3762559,25610,151,4.0,944921280
3762560,25610,153,1.0,944916974
3762561,25610,155,3.0,944921315
3762562,25610,160,2.0,945014767
3762563,25610,161,4.0,944921351
3762564,25610,163,2.0,944917354
3762565,25610,164,3.0,944917706
3762566,25610,165,3.0,945013366
3762567,25610,168,4.0,944916757
3762568,25610,172,3.0,945014606
3762569,25610,173,2.0,944916863
3762570,25610,177,2.0,945014606
3762571,25610,181,1.0,945127313
3762572,25610,193,3.0,945015076
3762573,25610,194,2.0,945011418
3762574,25610,196,2.0,944919494
3762575,25610,207,4.0,945014011
3762576,25610,215,3.0,944920263
3762577,25610,223,2.0,945011036
3762578,25610,229,2.0,945012640
3762579,25610,234,3.0,945014767
3762580,25610,235,3.0,945011497
3762581,25610,237,3.0,945014214
3762582,25610,253,3.0,944919473
3762583,25610,254,2.0,945011036
3762584,25610,260,5.0,944916241
3762585,25610,272,2.0,963929068
3762586,25610,280,4.0,945012397
3762587,25610,292,5.0,945013439
3762588,25610,293,4.0,944920993
3762589,25610,300,5.0,945011111
3762590,25610,303,4.0,945013409
3762591,25610,316,4.0,944916701
3762592,25610,318,4.0,944918479
3762593,25610,329,3.0,944916667
3762594,25610,344,2.0,945013516
3762595,25610,346,3.0,945011134
3762596,25610,349,4.0,944916524
3762597,25610,350,4.0,944920005
3762598,25610,356,4.0,944976939
3762599,25610,357,2.0,945012262
3762600,25610,364,2.0,944919818
3762601,25610,368,4.0,944917518
3762602,25610,369,2.0,945012753
3762603,25610,373,4.0,944921037
3762604,25610,377,4.0,944917255
3762605,25610,380,4.0,944916616
3762606,25610,381,1.0,945623615
3762607,25610,382,4.0,944919425
3762608,25610,383,3.0,944921609
3762609,25610,412,3.0,965944728
3762610,25610,423,4.0,945014313
3762611,25610,424,4.0,945807905
3762612,25610,426,3.0,944920804
3762613,25610,434,4.0,945013286
3762614,25610,440,4.0,944920399
3762615,25610,454,4.0,945012618
3762616,25610,457,4.0,944917088
3762617,25610,459,2.0,945014536
3762618,25610,463,4.0,945013702
3762619,25610,466,2.0,945014186
3762620,25610,474,4.0,945012009
3762621,25610,475,2.0,945011456
3762622,25610,477,4.0,945012157
3762623,25610,480,4.0,944916488
3762624,25610,481,3.0,945012585
3762625,25610,482,4.0,945012585
3762626,25610,485,2.0,944917552
3762627,25610,491,2.0,945012519
3762628,25610,492,4.0,944920005
3762629,25610,505,2.0,945014918
3762630,25610,507,3.0,945012849
3762631,25610,508,2.0,945011931
3762632,25610,517,3.0,944920133
3762633,25610,518,2.0,945014258
3762634,25610,521,2.0,945013749
3762635,25610,524,3.0,945012938
3762636,25610,525,4.0,945011418
3762637,25610,527,5.0,944921181
3762638,25610,529,5.0,945011456
3762639,25610,532,4.0,944917811
3762640,25610,536,3.0,972231410
3762641,25610,538,4.0,945011111
3762642,25610,539,2.0,945012753
3762643,25610,541,4.0,965945597
3762644,25610,551,2.0,945011789
3762645,25610,552,4.0,945013206
3762646,25610,553,4.0,944921541
3762647,25610,555,4.0,944917193
3762648,25610,564,2.0,945014393
3762649,25610,587,4.0,945013561
3762650,25610,588,2.0,954203011
3762651,25610,589,3.0,944917157
3762652,25610,590,3.0,944921541
3762653,25610,592,3.0,944916488
3762654,25610,593,4.0,944920993
3762655,25610,594,5.0,945625159
3762656,25610,595,3.0,944919774
3762657,25610,597,2.0,945013439
3762658,25610,599,4.0,944921500
3762659,25610,605,3.0,945013138
3762660,25610,608,4.0,944917624
3762661,25610,628,5.0,945012104
3762662,25610,640,2.0,945014802
3762663,25610,647,4.0,965944728
3762664,25610,648,3.0,944916667
3762665,25610,653,4.0,944916725
3762666,25610,673,3.0,944919001
3762667,25610,674,3.0,944920804
3762668,25610,694,3.0,945013138
3762669,25610,695,4.0,944977737
3762670,25610,707,2.0,944919133
3762671,25610,708,4.0,945011985
3762672,25610,733,2.0,944916616
3762673,25610,736,2.0,944916701
3762674,25610,737,1.0,945014902
3762675,25610,750,5.0,944920505
3762676,25610,780,3.0,944920725
3762677,25610,784,1.0,945013639
3762678,25610,786,4.0,945013721
3762679,25610,798,3.0,944916838
3762680,25610,800,4.0,944919927
3762681,25610,805,4.0,945012715
3762682,25610,809,3.0,945014496
3762683,25610,830,4.0,945013439
3762684,25610,836,4.0,945013985
3762685,25610,837,2.0,953177172
3762686,25610,849,4.0,944976858
3762687,25610,852,4.0,945015355
3762688,25610,858,5.0,944917088
3762689,25610,861,2.0,945012449
3762690,25610,869,3.0,945012104
3762691,25610,880,1.0,945014393
3762692,25610,893,3.0,945011789
3762693,25610,897,3.0,944916419
3762694,25610,898,3.0,944977364
3762695,25610,899,5.0,944919624
3762696,25610,903,5.0,944919887
3762697,25610,904,3.0,944919887
3762698,25610,906,2.0,944919927
3762699,25610,908,5.0,944918531
3762700,25610,909,4.0,944918305
3762701,25610,910,5.0,944917624
3762702,25610,911,4.0,944919966
3762703,25610,912,5.0,944918445
3762704,25610,913,4.0,944919059
3762705,25610,914,5.0,944919652
3762706,25610,918,3.0,944919624
3762707,25610,919,5.0,944916241
3762708,25610,920,5.0,944920263
3762709,25610,922,3.0,944919059
3762710,25610,923,4.0,944918412
3762711,25610,924,3.0,944919927
3762712,25610,926,3.0,959352127
3762713,25610,928,4.0,965945524
3762714,25610,929,4.0,944921075
3762715,25610,930,5.0,996001899
3762716,25610,933,4.0,944920291
3762717,25610,935,3.0,959352366
3762718,25610,938,2.0,944919652
3762719,25610,940,3.0,944916303
3762720,25610,948,3.0,963928983
3762721,25610,949,4.0,944918689
3762722,25610,950,3.0,944919887
3762723,25610,952,5.0,944916546
3762724,25610,953,3.0,944918740
3762725,25610,964,2.0,963408311
3762726,25610,965,3.0,944920993
3762727,25610,968,4.0,944919345
3762728,25610,969,5.0,944916241
3762729,25610,971,4.0,959352366
3762730,25610,986,4.0,944916346
3762731,25610,991,4.0,944921351
3762732,25610,996,2.0,945014214
3762733,25610,999,3.0,944976542
3762734,25610,1004,3.0,945014186
3762735,25610,1006,3.0,945012914
3762736,25610,1017,4.0,944916457
3762737,25610,1019,3.0,944918935
3762738,25610,1022,3.0,944919731
3762739,25610,1027,4.0,945014279
3762740,25610,1028,3.0,944919731
3762741,25610,1035,4.0,996001972
3762742,25610,1036,3.0,944917157
3762743,25610,1042,4.0,945011604
3762744,25610,1047,4.0,945013029
3762745,25610,1049,4.0,944916419
3762746,25610,1061,3.0,944917968
3762747,25610,1077,4.0,944918305
3762748,25610,1078,4.0,944918223
3762749,25610,1079,2.0,944918136
3762750,25610,1082,4.0,999568625
3762751,25610,1084,5.0,944917652
3762752,25610,1086,4.0,944919927
3762753,25610,1090,1.0,944921280
3762754,25610,1092,4.0,945012785
3762755,25610,1093,1.0,944919774
3762756,25610,1094,1.0,944920291
3762757,25610,1095,1.0,945010893
3762758,25610,1096,3.0,945147299
3762759,25610,1097,4.0,944918935
3762760,25610,1100,3.0,945014358
3762761,25610,1101,4.0,944977737
3762762,25610,1103,5.0,999568578
3762763,25610,1104,3.0,944918606
3762764,25610,1120,3.0,945012215
3762765,25610,1124,3.0,945147460
3762766,25610,1129,4.0,944916457
3762767,25610,1135,4.0,945147080
3762768,25610,1136,4.0,944918096
3762769,25610,1178,3.0,944918531
3762770,25610,1179,2.0,944917677
3762771,25610,1190,3.0,945011497
3762772,25610,1193,5.0,944918445
3762773,25610,1196,3.0,944916241
3762774,25610,1197,4.0,944977364
3762775,25610,1198,5.0,944916241
3762776,25610,1200,4.0,944917193
3762777,25610,1201,4.0,944921500
3762778,25610,1203,4.0,959352127
3762779,25610,1204,5.0,944977153
3762780,25610,1206,4.0,944920537
3762781,25610,1207,5.0,944918504
3762782,25610,1208,2.0,944918531
3762783,25610,1210,3.0,944916419
3762784,25610,1212,5.0,944919887
3762785,25610,1213,5.0,944917624
3762786,25610,1214,5.0,944917088
3762787,25610,1219,5.0,944919211
3762788,25610,1220,2.0,944919691
3762789,25610,1221,4.0,944915955
3762790,25610,1222,4.0,944917119
3762791,25610,1225,3.0,959352007
3762792,25610,1226,1.0,954202594
3762793,25610,1228,4.0,944918479
3762794,25610,1230,3.0,944976637
3762795,25610,1231,4.0,945147267
3762796,25610,1233,2.0,944976695
3762797,25610,1234,5.0,944978133
3762798,25610,1235,5.0,944918196
3762799,25610,1238,2.0,959352665
3762800,25610,1240,5.0,944917157
3762801,25610,1242,4.0,944921229
3762802,25610,1244,2.0,944920239
3762803,25610,1245,5.0,945011572
3762804,25610,1247,5.0,944918768
3762805,25610,1248,3.0,944919059
3762806,25610,1250,5.0,944921181
3762807,25610,1252,5.0,944919059
3762808,25610,1253,4.0,944918740
3762809,25610,1254,4.0,944916241
3762810,25610,1258,4.0,944919293
3762811,25610,1259,2.0,944916241
3762812,25610,1262,5.0,944916241
3762813,25610,1263,4.0,944918740
3762814,25610,1265,4.0,944918137
3762815,25610,1266,4.0,944921500
3762816,25610,1267,4.0,944919059
3762817,25610,1269,3.0,944921075
3762818,25610,1270,4.0,944920560
3762819,25610,1272,5.0,944918606
3762820,25610,1276,4.0,944918037
3762821,25610,1277,3.0,944920239
3762822,25610,1278,4.0,944918167
3762823,25610,1282,4.0,944919692
3762824,25610,1283,5.0,944921501
3762825,25610,1284,3.0,944919887
3762826,25610,1286,4.0,945147502
3762827,25610,1287,4.0,944916303
3762828,25610,1291,4.0,944916419
3762829,25610,1292,4.0,944918096
3762830,25610,1293,4.0,945147238
3762831,25610,1299,4.0,944918531
3762832,25610,1301,2.0,944920560
3762833,25610,1302,5.0,945015174
3762834,25610,1303,5.0,944916303
3762835,25610,1304,5.0,944917119
3762836,25610,1307,4.0,944918273
3762837,25610,1320,2.0,944920854
3762838,25610,1321,4.0,945125666
3762839,25610,1333,4.0,944919293
3762840,25610,1339,4.0,945012973
3762841,25610,1344,5.0,944919091
3762842,25610,1345,4.0,944919261
3762843,25610,1359,3.0,944977112
3762844,25610,1363,3.0,945013660
3762845,25610,1367,3.0,945014097
3762846,25610,1374,3.0,944977551
3762847,25610,1376,3.0,944916419
3762848,25610,1380,4.0,944919774
3762849,25610,1387,3.0,944917088
3762850,25610,1390,4.0,945013270
3762851,25610,1393,4.0,945011704
3762852,25610,1396,3.0,944917811
3762853,25610,1407,1.0,944919345
3762854,25610,1408,3.0,944921229
3762855,25610,1409,4.0,945012585
3762856,25610,1414,2.0,945012262
3762857,25610,1422,3.0,944920040
3762858,25610,1438,3.0,945014767
3762859,25610,1459,4.0,944920040
3762860,25610,1476,4.0,945012157
3762861,25610,1499,2.0,944916838
3762862,25610,1507,2.0,1013982706
3762863,25610,1518,3.0,945013138
3762864,25610,1527,4.0,945012489
3762865,25610,1544,3.0,944916787
3762866,25610,1552,4.0,959351745
3762867,25610,1569,4.0,944978795
3762868,25610,1573,1.0,944920614
3762869,25610,1580,5.0,944916346
3762870,25610,1581,3.0,945013107
3762871,25610,1584,3.0,996002191
3762872,25610,1586,4.0,974003412
3762873,25610,1587,4.0,944916524
3762874,25610,1588,4.0,945012519
3762875,25610,1589,3.0,979309845
3762876,25610,1590,2.0,969631783
3762877,25610,1594,4.0,945011036
3762878,25610,1597,3.0,944920084
3762879,25610,1601,2.0,944919133
3762880,25610,1603,2.0,944920725
3762881,25610,1606,3.0,963408341
3762882,25610,1608,3.0,944917518
3762883,25610,1609,2.0,945012812
3762884,25610,1610,4.0,944921105
3762885,25610,1615,3.0,944916419
3762886,25610,1616,2.0,945013350
3762887,25610,1617,4.0,944917624
3762888,25610,1625,4.0,944919966
3762889,25610,1627,2.0,945014704
3762890,25610,1631,4.0,953086584
3762891,25610,1641,4.0,945011604
3762892,25610,1645,4.0,944917811
3762893,25610,1653,3.0,944920614
3762894,25610,1660,1.0,945011789
3762895,25610,1662,3.0,945014335
3762896,25610,1667,3.0,945013066
3762897,25610,1672,4.0,945012449
3762898,25610,1673,1.0,944918635
3762899,25610,1674,4.0,944920317
3762900,25610,1676,3.0,944916616
3762901,25610,1678,3.0,945011904
3762902,25610,1680,3.0,945012234
3762903,25610,1682,4.0,948723581
3762904,25610,1686,4.0,945011704
3762905,25610,1687,3.0,945014186
3762906,25610,1689,4.0,944920133
3762907,25610,1690,3.0,944920768
3762908,25610,1693,2.0,945014123
3762909,25610,1704,3.0,945011456
3762910,25610,1711,1.0,944920133
3762911,25610,1721,4.0,945013409
3762912,25610,1726,2.0,945013082
3762913,25610,1727,2.0,945014335
3762914,25610,1732,4.0,944917706
3762915,25610,1747,4.0,945011789
3762916,25610,1752,1.0,945014011
3762917,25610,1771,4.0,945012938
3762918,25610,1783,2.0,944919133
3762919,25610,1784,2.0,945011904
3762920,25610,1792,3.0,945013821
3762921,25610,1797,4.0,948380158
3762922,25610,1801,4.0,945014436
3762923,25610,1805,3.0,944917968
3762924,25610,1833,4.0,954260407
3762925,25610,1834,4.0,959352498
3762926,25610,1835,3.0,945013270
3762927,25610,1837,3.0,945014521
3762928,25610,1845,2.0,1018791634
3762929,25610,1862,2.0,945013821
3762930,25610,1873,4.0,945011904
3762931,25610,1876,3.0,945014704
3762932,25610,1882,3.0,945127513
3762933,25610,1892,4.0,944920005
3762934,25610,1894,2.0,944916616
3762935,25610,1907,4.0,945012331
3762936,25610,1909,4.0,967563764
3762937,25610,1911,1.0,945012897
3762938,25610,1917,1.0,946488827
3762939,25610,1918,3.0,945013409
3762940,25610,1920,2.0,955586418
3762941,25610,1923,5.0,945011633
3762942,25610,1925,3.0,944921315
3762943,25610,1927,3.0,944921181
3762944,25610,1931,4.0,944916303
3762945,25610,1938,4.0,959352294
3762946,25610,1940,4.0,999568312
3762947,25610,1942,5.0,946860752
3762948,25610,1944,5.0,944918575
3762949,25610,1945,4.0,944917624
3762950,25610,1946,4.0,944920291
3762951,25610,1947,4.0,944919731
3762952,25610,1949,3.0,999568312
3762953,25610,1950,5.0,944919927
3762954,25610,1952,2.0,944918668
3762955,25610,1953,4.0,965945658
3762956,25610,1954,4.0,1009230592
3762957,25610,1956,2.0,959352563
3762958,25610,1957,3.0,944918668
3762959,25610,1958,2.0,945147021
3762960,25610,1960,4.0,944921280
3762961,25610,1961,4.0,944916006
3762962,25610,1962,2.0,945147381
3762963,25610,1963,3.0,944918223
3762964,25610,1968,2.0,945146960
3762965,25610,1974,1.0,944919473
3762966,25610,1994,3.0,959352429
3762967,25610,2000,4.0,944917811
3762968,25610,2005,1.0,944916838
3762969,25610,2013,4.0,944916457
3762970,25610,2018,4.0,996001972
3762971,25610,2019,3.0,944917088
3762972,25610,2020,4.0,959352429
3762973,25610,2021,1.0,944920688
3762974,25610,2023,4.0,945013155
3762975,25610,2024,2.0,944919927
3762976,25610,2025,2.0,945013545
3762977,25610,2028,4.0,944917157
3762978,25610,2058,3.0,944917479
3762979,25610,2065,2.0,944920445
3762980,25610,2066,4.0,944919091
3762981,25610,2067,4.0,944920343
3762982,25610,2068,4.0,944918768
3762983,25610,2071,2.0,944918740
3762984,25610,2077,4.0,944916546
3762985,25610,2080,2.0,944919692
3762986,25610,2081,3.0,945146960
3762987,25610,2082,4.0,945014258
3762988,25610,2088,2.0,944916900
3762989,25610,2100,4.0,944918935
3762990,25610,2105,3.0,944917479
3762991,25610,2108,1.0,945011345
3762992,25610,2112,2.0,999568921
3762993,25610,2115,3.0,944916524
3762994,25610,2118,3.0,944916006
3762995,25610,2125,4.0,945012753
3762996,25610,2126,4.0,944920133
3762997,25610,2130,2.0,944917677
3762998,25610,2132,5.0,944918792
3762999,25610,2135,1.0,944916667
3763000,25610,2153,1.0,944916996
3763001,25610,2154,2.0,945014496
3763002,25610,2155,1.0,961610489
3763003,25610,2160,4.0,944919261
3763004,25610,2161,3.0,944977313
3763005,25610,2166,4.0,945013545
3763006,25610,2182,3.0,944919133
3763007,25610,2183,4.0,945624765
3763008,25610,2185,4.0,967998954
3763009,25610,2186,4.0,944919091
3763010,25610,2194,5.0,944917234
3763011,25610,2202,4.0,944921315
3763012,25610,2203,5.0,946860557
3763013,25610,2212,3.0,944920993
3763014,25610,2231,5.0,979309679
3763015,25610,2243,3.0,944920376
3763016,25610,2253,3.0,945014370
3763017,25610,2268,5.0,944976906
3763018,25610,2269,4.0,945014258
3763019,25610,2273,2.0,968932863
3763020,25610,2278,4.0,946860348
3763021,25610,2279,1.0,945624621
3763022,25610,2288,5.0,944917234
3763023,25610,2289,2.0,944918072
3763024,25610,2290,1.0,944977593
3763025,25610,2297,3.0,951596873
3763026,25610,2300,4.0,944919624
3763027,25610,2302,4.0,945012262
3763028,25610,2310,1.0,954089431
3763029,25610,2311,2.0,944920084
3763030,25610,2312,1.0,983283733
3763031,25610,2314,1.0,979309722
3763032,25610,2316,2.0,945013545
3763033,25610,2320,1.0,946860132
3763034,25610,2322,3.0,944916926
3763035,25610,2334,4.0,945839108
3763036,25610,2355,3.0,954203156
3763037,25610,2366,5.0,944916303
3763038,25610,2367,3.0,944916787
3763039,25610,2384,3.0,944918305
3763040,25610,2385,4.0,945146506
3763041,25610,2387,1.0,955586272
3763042,25610,2391,4.0,944977476
3763043,25610,2393,3.0,948380398
3763044,25610,2396,3.0,959706607
3763045,25610,2398,4.0,996001800
3763046,25610,2401,4.0,944921501
3763047,25610,2405,3.0,945146578
3763048,25610,2406,4.0,944916524
3763049,25610,2407,4.0,944920768
3763050,25610,2414,4.0,945146741
3763051,25610,2420,3.0,945147460
3763052,25610,2427,2.0,950379455
3763053,25610,2429,4.0,944916419
3763054,25610,2437,1.0,945624575
3763055,25610,2454,4.0,944919386
3763056,25610,2455,3.0,944919425
3763057,25610,2467,3.0,944919966
3763058,25610,2469,4.0,945147080
3763059,25610,2474,4.0,944978605
3763060,25610,2476,4.0,944921351
3763061,25610,2478,2.0,944921573
3763062,25610,2479,4.0,951790646
3763063,25610,2497,3.0,965944728
3763064,25610,2501,2.0,945011237
3763065,25610,2505,1.0,949806277
3763066,25610,2511,4.0,996002134
3763067,25610,2517,4.0,944919580
3763068,25610,2522,3.0,944916006
3763069,25610,2527,3.0,944917306
3763070,25610,2528,3.0,944917375
3763071,25610,2529,4.0,944920537
3763072,25610,2546,4.0,961610576
3763073,25610,2561,2.0,952663390
3763074,25610,2565,4.0,944919774
3763075,25610,2568,3.0,963929017
3763076,25610,2571,4.0,955586307
3763077,25610,2586,4.0,974003365
3763078,25610,2598,4.0,960297386
3763079,25610,2605,4.0,957668453
3763080,25610,2607,1.0,952795661
3763081,25610,2611,3.0,999568538
3763082,25610,2616,4.0,945013478
3763083,25610,2628,2.0,944916725
3763084,25610,2633,2.0,944919317
3763085,25610,2634,2.0,944919317
3763086,25610,2640,3.0,944916419
3763087,25610,2648,4.0,944919211
3763088,25610,2657,2.0,944919449
3763089,25610,2660,5.0,959352127
3763090,25610,2662,3.0,944921280
3763091,25610,2664,5.0,944919211
3763092,25610,2670,4.0,944921229
3763093,25610,2701,4.0,966436799
3763094,25610,2710,4.0,944919386
3763095,25610,2712,2.0,971727477
3763096,25610,2716,4.0,944919346
3763097,25610,2719,2.0,969203495
3763098,25610,2722,3.0,971536322
3763099,25610,2724,1.0,968762873
3763100,25610,2728,3.0,944918768
3763101,25610,2729,4.0,952921170
3763102,25610,2735,3.0,945146741
3763103,25610,2739,3.0,945147422
3763104,25610,2747,3.0,944919386
3763105,25610,2761,5.0,963928983
3763106,25610,2762,5.0,944921075
3763107,25610,2763,2.0,948515538
3763108,25610,2764,4.0,944917835
3763109,25610,2771,4.0,969541871
3763110,25610,2779,4.0,945625337
3763111,25610,2782,3.0,944919425
3763112,25610,2789,2.0,1013982800
3763113,25610,2791,5.0,945015592
3763114,25610,2797,3.0,944918899
3763115,25610,2802,2.0,944917552
3763116,25610,2803,4.0,945013462
3763117,25610,2805,4.0,972177307
3763118,25610,2806,4.0,970345511
3763119,25610,2807,1.0,966950579
3763120,25610,2819,5.0,944921037
3763121,25610,2822,3.0,944916926
3763122,25610,2829,5.0,982339106
3763123,25610,2852,4.0,945147350
3763124,25610,2857,4.0,944919624
3763125,25610,2858,1.0,959706633
3763126,25610,2863,4.0,944919624
3763127,25610,2871,5.0,944916241
3763128,25610,2872,4.0,944918899
3763129,25610,2875,4.0,944920040
3763130,25610,2890,4.0,971060805
3763131,25610,2908,1.0,996001972
3763132,25610,2915,3.0,945146960
3763133,25610,2916,3.0,944916488
3763134,25610,2917,4.0,945146825
3763135,25610,2919,4.0,944918833
3763136,25610,2922,3.0,944921541
3763137,25610,2941,2.0,944919818
3763138,25610,2944,4.0,944917119
3763139,25610,2947,4.0,944917193
3763140,25610,2948,5.0,944917193
3763141,25610,2949,3.0,944917234
3763142,25610,2951,3.0,944921501
3763143,25610,2959,4.0,996001899
3763144,25610,2983,4.0,959352429
3763145,25610,2985,2.0,944917306
3763146,25610,2987,4.0,944919091
3763147,25610,2995,1.0,972836403
3763148,25610,2997,5.0,996001899
3763149,25610,3011,4.0,996002075
3763150,25610,3020,3.0,945012849
3763151,25610,3032,3.0,944920661
3763152,25610,3034,3.0,959352429
3763153,25610,3035,4.0,944918251
3763154,25610,3037,4.0,944918223
3763155,25610,3038,4.0,944918412
3763156,25610,3039,5.0,959352563
3763157,25610,3052,5.0,1027806897
3763158,25610,3068,5.0,945147214
3763159,25610,3070,2.0,944916346
3763160,25610,3072,4.0,944918305
3763161,25610,3074,4.0,944921541
3763162,25610,3075,4.0,944921037
3763163,25610,3090,4.0,999568404
3763164,25610,3093,2.0,944921501
3763165,25610,3095,2.0,944918575
3763166,25610,3097,3.0,959352294
3763167,25610,3098,5.0,945147381
3763168,25610,3104,4.0,944916346
3763169,25610,3105,4.0,945011572
3763170,25610,3108,2.0,944920343
3763171,25610,3120,4.0,944978133
3763172,25610,3134,2.0,944977036
3763173,25610,3147,4.0,999568312
3763174,25610,3155,4.0,979309652
3763175,25610,3168,3.0,944916457
3763176,25610,3169,4.0,944918445
3763177,25610,3175,4.0,982339310
3763178,25610,3196,5.0,948380079
3763179,25610,3230,4.0,967563764
3763180,25610,3246,4.0,948380079
3763181,25610,3252,3.0,951189949
3763182,25610,3253,2.0,951190021
3763183,25610,3255,4.0,951189688
3763184,25610,3256,4.0,951189949
3763185,25610,3257,3.0,951189505
3763186,25610,3259,4.0,951189582
3763187,25610,3263,4.0,951190021
3763188,25610,3274,4.0,951189949
3763189,25610,3284,3.0,951189984
3763190,25610,3285,2.0,983755802
3763191,25610,3296,3.0,951189984
3763192,25610,3317,4.0,1010942601
3763193,25610,3326,3.0,982339222
3763194,25610,3330,3.0,993905400
3763195,25610,3334,5.0,951189688
3763196,25610,3341,4.0,951189505
3763197,25610,3347,4.0,951189807
3763198,25610,3360,4.0,952664927
3763199,25610,3361,5.0,951596998
3763200,25610,3362,4.0,951597035
3763201,25610,3364,4.0,951791413
3763202,25610,3365,4.0,951597137
3763203,25610,3367,4.0,951791525
3763204,25610,3371,2.0,959352563
3763205,25610,3379,4.0,951791649
3763206,25610,3384,4.0,951597137
3763207,25610,3386,4.0,951791583
3763208,25610,3395,4.0,952664959
3763209,25610,3401,1.0,951791413
3763210,25610,3405,4.0,951791649
3763211,25610,3406,4.0,951791465
3763212,25610,3408,4.0,977530881
3763213,25610,3421,4.0,952664760
3763214,25610,3424,1.0,952664885
3763215,25610,3435,4.0,952664885
3763216,25610,3447,5.0,952664927
3763217,25610,3448,3.0,952664927
3763218,25610,3450,3.0,952664927
3763219,25610,3451,2.0,952664927
3763220,25610,3461,5.0,954090449
3763221,25610,3467,4.0,954090390
3763222,25610,3468,4.0,954090390
3763223,25610,3469,4.0,954090390
3763224,25610,3471,2.0,955586538
3763225,25610,3475,4.0,952921633
3763226,25610,3479,3.0,954090449
3763227,25610,3489,4.0,954090390
3763228,25610,3494,5.0,954090596
3763229,25610,3497,4.0,954090449
3763230,25610,3498,4.0,954090449
3763231,25610,3499,4.0,954090449
3763232,25610,3500,2.0,954090516
3763233,25610,3501,3.0,954090516
3763234,25610,3504,3.0,954090516
3763235,25610,3505,4.0,954090516
3763236,25610,3506,4.0,954090516
3763237,25610,3507,4.0,954090516
3763238,25610,3509,4.0,968850449
3763239,25610,3510,4.0,976203080
3763240,25610,3516,4.0,954090123
3763241,25610,3528,3.0,954090549
3763242,25610,3529,3.0,954090549
3763243,25610,3545,4.0,965945658
3763244,25610,3549,4.0,955586538
3763245,25610,3551,5.0,955586620
3763246,25610,3578,4.0,959351778
3763247,25610,3614,4.0,957668600
3763248,25610,3634,4.0,959352366
3763249,25610,3654,5.0,999568404
3763250,25610,3671,5.0,959352127
3763251,25610,3681,3.0,993905479
3763252,25610,3683,4.0,959352366
3763253,25610,3684,5.0,961610232
3763254,25610,3693,2.0,959351941
3763255,25610,3698,4.0,961610433
3763256,25610,3699,4.0,961610433
3763257,25610,3702,4.0,961610382
3763258,25610,3704,3.0,961610382
3763259,25610,3705,5.0,961610233
3763260,25610,3707,1.0,966780798
3763261,25610,3713,3.0,959351941
3763262,25610,3726,4.0,963408526
3763263,25610,3728,4.0,961610383
3763264,25610,3730,3.0,983283733
3763265,25610,3733,3.0,961610383
3763266,25610,3734,3.0,963408607
3763267,25610,3735,3.0,961610433
3763268,25610,3738,4.0,961610433
3763269,25610,3740,3.0,961610233
3763270,25610,3741,4.0,961610233
3763271,25610,3744,3.0,999568058
3763272,25610,3751,3.0,994606402
3763273,25610,3760,4.0,961610383
3763274,25610,3788,2.0,963408526
3763275,25610,3792,3.0,963408526
3763276,25610,3793,3.0,1002935844
3763277,25610,3801,4.0,963408526
3763278,25610,3802,4.0,963408526
3763279,25610,3809,4.0,965944977
3763280,25610,3811,4.0,963408526
3763281,25610,3812,3.0,963408526
3763282,25610,3836,4.0,965944896
3763283,25610,3868,3.0,967563764
3763284,25610,3869,3.0,966437020
3763285,25610,3871,5.0,966437020
3763286,25610,3872,2.0,966437020
3763287,25610,3873,4.0,966437020
3763288,25610,3893,4.0,1010942627
3763289,25610,3906,3.0,1009230639
3763290,25610,3950,5.0,1011497433
3763291,25610,3952,3.0,994606030
3763292,25610,3983,2.0,1002935915
3763293,25610,3998,3.0,1009230523
3763294,25610,4000,4.0,983283793
3763295,25610,4027,5.0,1002935886
3763296,25610,4037,4.0,983283733
3763297,25610,4041,4.0,983283733
3763298,25610,4045,3.0,996001972
3763299,25610,4047,3.0,983283733
3763300,25610,4060,3.0,983283733
3763301,25610,4148,3.0,982339175
3763302,25610,4187,5.0,996001672
3763303,25610,4190,4.0,999568312
3763304,25610,4263,5.0,999568404
3763305,25610,4306,5.0,993905327
3763306,25610,4308,5.0,993905147
3763307,25610,4327,5.0,996001800
3763308,25610,4329,5.0,999568501
3763309,25610,4339,4.0,996002134
3763310,25610,4361,5.0,999568248
3763311,25610,4367,1.0,993905367
3763312,25610,4370,3.0,994606426
3763313,25610,4406,4.0,996001733
3763314,25610,4577,2.0,996002075
3763315,25610,4602,3.0,996002191
3763316,25610,4638,4.0,996001556
3763317,25610,4705,3.0,996001672
3763318,25610,4709,4.0,996002191
3763319,25610,4710,5.0,996001672
3763320,25610,4719,1.0,1027807025
3763321,25610,4776,5.0,1002935415
3763322,25610,4896,2.0,1010944477
3763323,25610,4995,1.0,1027806949
3763324,25610,5015,4.0,1018791605
3763325,25610,5060,2.0,944921181
3763326,25610,5349,3.0,1027806827
3763327,25610,5418,2.0,1027806827
3763328,25611,1,4.0,848783178
3763329,25611,2,5.0,848783146
3763330,25611,6,3.0,848783534
3763331,25611,10,5.0,848782934
3763332,25611,17,4.0,848783193
3763333,25611,32,3.0,848783048
3763334,25611,62,4.0,848783217
3763335,25611,95,3.0,848783178
3763336,25611,110,5.0,848782934
3763337,25611,150,4.0,848782817
3763338,25611,153,3.0,848782840
3763339,25611,160,3.0,848783090
3763340,25611,161,4.0,848782934
3763341,25611,165,5.0,848782840
3763342,25611,172,4.0,848783534
3763343,25611,173,3.0,848783123
3763344,25611,185,3.0,848782934
3763345,25611,186,3.0,848783217
3763346,25611,204,3.0,848783240
3763347,25611,208,4.0,848782934
3763348,25611,225,3.0,848783048
3763349,25611,252,3.0,848783217
3763350,25611,292,3.0,848782906
3763351,25611,296,3.0,848782817
3763352,25611,300,3.0,848783003
3763353,25611,315,3.0,848783146
3763354,25611,316,4.0,848782861
3763355,25611,317,4.0,848783090
3763356,25611,329,4.0,848782906
3763357,25611,349,4.0,848782861
3763358,25611,350,3.0,848783090
3763359,25611,356,4.0,848782861
3763360,25611,364,4.0,848782980
3763361,25611,367,3.0,848782980
3763362,25611,368,3.0,848783240
3763363,25611,377,4.0,848782959
3763364,25611,380,5.0,848782817
3763365,25611,410,3.0,848783003
3763366,25611,432,3.0,848783123
3763367,25611,434,3.0,848782906
3763368,25611,435,2.0,848783123
3763369,25611,440,4.0,848783090
3763370,25611,442,3.0,848783146
3763371,25611,454,3.0,848782959
3763372,25611,457,3.0,848782840
3763373,25611,474,3.0,848783123
3763374,25611,480,5.0,848782907
3763375,25611,485,3.0,848783534
3763376,25611,500,3.0,848782980
3763377,25611,509,3.0,848783146
3763378,25611,527,4.0,848783023
3763379,25611,539,3.0,848783023
3763380,25611,553,4.0,848783178
3763381,25611,587,3.0,848783003
3763382,25611,589,5.0,848782959
3763383,25611,590,4.0,848782817
3763384,25611,592,4.0,848782816
3763385,25611,648,3.0,848783342
3763386,25611,736,5.0,848783193
3763387,25611,780,4.0,848783217
3763388,25612,47,4.5,1120766011
3763389,25612,104,3.5,1120765952
3763390,25612,158,1.5,1120765812
3763391,25612,168,2.0,1120765784
3763392,25612,172,1.0,1120765748
3763393,25612,231,3.0,1120765961
3763394,25612,318,5.0,1120765875
3763395,25612,370,2.5,1120765725
3763396,25612,377,3.5,1120765891
3763397,25612,380,3.0,1120765886
3763398,25612,466,2.5,1120765715
3763399,25612,480,3.5,1120765997
3763400,25612,733,3.5,1120765903
3763401,25612,805,4.0,1120765799
3763402,25612,858,5.0,1120766128
3763403,25612,1265,3.5,1120765987
3763404,25612,1358,3.0,1120765759
3763405,25612,1380,2.5,1120765745
3763406,25612,1391,1.0,1120765991
3763407,25612,1393,3.0,1120765971
3763408,25612,1485,3.5,1120765718
3763409,25612,1639,4.0,1120765776
3763410,25612,2001,2.5,1120765823
3763411,25612,2054,3.0,1120765711
3763412,25612,2058,3.5,1120766141
3763413,25612,2353,4.5,1120765815
3763414,25612,2699,3.5,1120765774
3763415,25612,2706,3.5,1120765883
3763416,25612,3481,1.0,1120766036
3763417,25612,3623,3.0,1120765829
3763418,25612,3897,2.5,1120766021
3763419,25612,3980,3.0,1120765910
3763420,25612,5445,3.5,1120765826
3763421,25612,5502,3.5,1120765895
3763422,25612,5945,3.0,1120766018
3763423,25612,7153,3.5,1120766126
3763424,25613,32,5.0,1255894596
3763425,25613,145,3.0,1255894357
3763426,25613,196,1.0,1255894343
3763427,25613,466,3.0,1255894321
3763428,25613,552,0.5,1255894337
3763429,25613,913,4.0,1255894366
3763430,25613,924,4.0,1255894643
3763431,25613,1129,0.5,1255894417
3763432,25613,1405,1.0,1255894422
3763433,25613,1625,3.0,1255894324
3763434,25613,1690,3.0,1255894375
3763435,25613,1747,5.0,1255894383
3763436,25613,1805,1.0,1255894478
3763437,25613,2003,0.5,1255894377
3763438,25613,2505,4.0,1255895024
3763439,25613,2699,0.5,1255894317
3763440,25613,3256,4.0,1255894452
3763441,25613,4167,5.0,1255894613
3763442,25613,5060,0.5,1255894346
3763443,25613,6383,0.5,1255894636
3763444,25613,6502,4.0,1255894682
3763445,25613,35836,2.5,1255894990
3763446,25613,43936,3.5,1255894619
3763447,25613,51662,4.5,1255894707
3763448,25613,51935,3.5,1255895256
3763449,25613,53000,4.0,1255894688
3763450,25613,58293,2.5,1255894581
3763451,25614,1,4.5,1282974153
3763452,25614,2,3.0,1282679203
3763453,25614,10,3.0,1282803273
3763454,25614,16,2.0,1282858512
3763455,25614,25,2.0,1282679152
3763456,25614,29,4.5,1282615361
3763457,25614,32,3.5,1282616204
3763458,25614,34,4.5,1282678970
3763459,25614,36,3.5,1282803841
3763460,25614,47,3.5,1282678893
3763461,25614,48,4.0,1282858873
3763462,25614,58,5.0,1282676451
3763463,25614,62,3.5,1282803813
3763464,25614,70,0.5,1282859059
3763465,25614,110,4.0,1282678804
3763466,25614,112,4.0,1282858973
3763467,25614,150,4.5,1282678823
3763468,25614,153,1.5,1282678908
3763469,25614,163,1.0,1282858804
3763470,25614,170,4.0,1282860844
3763471,25614,172,4.0,1282678251
3763472,25614,173,3.5,1282858646
3763473,25614,180,4.5,1282860733
3763474,25614,185,2.5,1282679110
3763475,25614,186,4.0,1282615226
3763476,25614,198,4.5,1282678214
3763477,25614,208,4.0,1282678263
3763478,25614,223,4.0,1282679181
3763479,25614,224,4.0,1282860228
3763480,25614,231,1.0,1282678939
3763481,25614,236,2.5,1282859011
3763482,25614,252,4.5,1282615276
3763483,25614,253,4.5,1282679086
3763484,25614,260,4.5,1282616183
3763485,25614,261,2.0,1282615268
3763486,25614,265,5.0,1282676269
3763487,25614,288,2.0,1282679146
3763488,25614,292,3.5,1282679081
3763489,25614,293,4.0,1282803717
3763490,25614,296,2.5,1282678698
3763491,25614,315,3.5,1282615245
3763492,25614,316,4.0,1282678922
3763493,25614,318,4.0,1282616322
3763494,25614,327,4.5,1282861041
3763495,25614,329,4.0,1282679001
3763496,25614,337,5.0,1282858504
3763497,25614,344,1.0,1282678873
3763498,25614,345,4.0,1282859430
3763499,25614,353,4.5,1282858566
3763500,25614,356,4.5,1282678780
3763501,25614,357,5.0,1282679078
3763502,25614,364,4.0,1282678900
3763503,25614,367,3.5,1282678946
3763504,25614,377,3.0,1282678870
3763505,25614,380,3.0,1282858189
3763506,25614,435,2.0,1282973682
3763507,25614,442,4.5,1282678517
3763508,25614,454,2.0,1282679104
3763509,25614,455,3.0,1282860424
3763510,25614,457,3.5,1282858173
3763511,25614,468,4.0,1282615389
3763512,25614,480,3.0,1282678791
3763513,25614,488,5.0,1282675750
3763514,25614,500,3.5,1282678934
3763515,25614,508,4.0,1282973301
3763516,25614,509,4.5,1282858481
3763517,25614,527,4.0,1282616319
3763518,25614,529,4.5,1282859404
3763519,25614,531,4.0,1282615375
3763520,25614,539,4.0,1282679045
3763521,25614,541,5.0,1282676741
3763522,25614,551,5.0,1282676081
3763523,25614,552,4.5,1282973819
3763524,25614,586,3.0,1282679099
3763525,25614,587,4.0,1282678990
3763526,25614,588,4.5,1282678858
3763527,25614,589,1.0,1282678842
3763528,25614,590,4.5,1282678852
3763529,25614,592,4.0,1282678835
3763530,25614,593,2.0,1282616430
3763531,25614,594,4.5,1282858487
3763532,25614,595,4.5,1282678898
3763533,25614,596,4.0,1282858923
3763534,25614,597,3.5,1282678937
3763535,25614,608,4.5,1282678862
3763536,25614,653,4.0,1282858623
3763537,25614,671,4.5,1282861144
3763538,25614,708,3.5,1282973393
3763539,25614,720,4.0,1282616367
3763540,25614,733,3.0,1282678958
3763541,25614,736,3.0,1282678911
3763542,25614,745,4.5,1282616334
3763543,25614,778,3.5,1282679222
3763544,25614,780,4.0,1282675817
3763545,25614,783,4.5,1282859442
3763546,25614,784,2.5,1282973745
3763547,25614,786,2.0,1282678395
3763548,25614,802,4.0,1282858962
3763549,25614,899,5.0,1282615286
3763550,25614,914,4.5,1282859661
3763551,25614,919,4.5,1282974141
3763552,25614,920,4.5,1282858587
3763553,25614,953,4.0,1282858950
3763554,25614,1013,4.5,1282949534
3763555,25614,1014,4.0,1282949540
3763556,25614,1018,4.0,1282949497
3763557,25614,1022,4.5,1282860263
3763558,25614,1028,4.5,1282858901
3763559,25614,1029,4.5,1282860267
3763560,25614,1032,4.5,1282860968
3763561,25614,1035,4.5,1282858878
3763562,25614,1037,3.0,1282678338
3763563,25614,1073,4.5,1282974146
3763564,25614,1079,4.0,1282973397
3763565,25614,1080,4.0,1282803837
3763566,25614,1088,4.0,1282859480
3763567,25614,1089,1.5,1282803393
3763568,25614,1090,0.5,1282973480
3763569,25614,1097,4.5,1282677407
3763570,25614,1101,4.0,1282679262
3763571,25614,1120,1.5,1282615299
3763572,25614,1136,4.0,1282616418
3763573,25614,1148,4.5,1282616390
3763574,25614,1172,4.5,1282615329
3763575,25614,1175,4.5,1282861217
3763576,25614,1183,4.0,1282803936
3763577,25614,1188,4.5,1282860914
3763578,25614,1193,4.0,1282616419
3763579,25614,1196,4.0,1282616187
3763580,25614,1197,5.0,1282616317
3763581,25614,1198,4.0,1282616441
3763582,25614,1200,1.5,1282679131
3763583,25614,1204,4.0,1282859352
3763584,25614,1206,3.5,1282679193
3763585,25614,1207,3.5,1282616328
3763586,25614,1208,3.5,1282858408
3763587,25614,1210,4.5,1282678848
3763588,25614,1214,1.5,1282679088
3763589,25614,1220,4.5,1282803771
3763590,25614,1223,3.5,1282617216
3763591,25614,1225,5.0,1282803706
3763592,25614,1231,4.0,1282860802
3763593,25614,1235,5.0,1282615379
3763594,25614,1240,2.0,1282678974
3763595,25614,1246,5.0,1282675786
3763596,25614,1247,4.0,1282858597
3763597,25614,1258,1.5,1282679244
3763598,25614,1259,4.0,1282803858
3763599,25614,1265,4.5,1282678996
3763600,25614,1270,4.5,1282678877
3763601,25614,1271,4.0,1282615318
3763602,25614,1274,4.0,1282860978
3763603,25614,1275,4.0,1282974002
3763604,25614,1277,5.0,1282675868
3763605,25614,1282,4.5,1282859317
3763606,25614,1286,4.5,1282858330
3763607,25614,1288,4.0,1282973306
3763608,25614,1289,4.0,1283050760
3763609,25614,1291,4.0,1282679059
3763610,25614,1293,4.0,1282859651
3763611,25614,1296,5.0,1282675663
3763612,25614,1302,4.0,1282973995
3763613,25614,1307,4.5,1282803625
3763614,25614,1356,4.0,1282803845
3763615,25614,1358,2.0,1282858884
3763616,25614,1374,4.5,1282676588
3763617,25614,1380,4.0,1282858570
3763618,25614,1387,1.0,1282679241
3763619,25614,1391,4.0,1282858541
3763620,25614,1393,1.0,1282679188
3763621,25614,1396,4.0,1282859019
3763622,25614,1407,2.0,1282803867
3763623,25614,1416,4.0,1282927135
3763624,25614,1441,4.0,1282972908
3763625,25614,1479,4.0,1282860751
3763626,25614,1485,4.5,1282803828
3763627,25614,1500,4.5,1282858704
3763628,25614,1527,5.0,1282676592
3763629,25614,1552,3.0,1282858859
3763630,25614,1573,2.5,1282678422
3763631,25614,1580,4.5,1282678962
3763632,25614,1584,4.0,1282679259
3763633,25614,1590,3.5,1282861241
3763634,25614,1597,4.5,1282615253
3763635,25614,1610,4.0,1282803276
3763636,25614,1617,3.0,1282679096
3763637,25614,1625,2.0,1282858711
3763638,25614,1639,4.0,1282858726
3763639,25614,1641,4.0,1282858594
3763640,25614,1645,3.5,1282973736
3763641,25614,1653,4.0,1282616217
3763642,25614,1654,4.0,1282802859
3763643,25614,1680,4.0,1282861137
3763644,25614,1682,5.0,1282679229
3763645,25614,1704,5.0,1282679116
3763646,25614,1721,4.5,1282678967
3763647,25614,1732,4.0,1282803677
3763648,25614,1748,4.5,1282616198
3763649,25614,1784,3.5,1282679226
3763650,25614,1831,3.0,1282861037
3763651,25614,1876,4.0,1282859336
3763652,25614,1884,0.5,1282861197
3763653,25614,1907,4.5,1282860971
3763654,25614,1917,4.0,1282679198
3763655,25614,1923,2.5,1282803434
3763656,25614,1947,4.5,1282860738
3763657,25614,1951,4.5,1282927092
3763658,25614,1960,4.0,1282860995
3763659,25614,1961,4.5,1282679127
3763660,25614,1962,4.5,1282615338
3763661,25614,1967,5.0,1282615382
3763662,25614,1968,4.5,1282679252
3763663,25614,1994,0.5,1282860301
3763664,25614,2003,4.0,1282859485
3763665,25614,2005,4.5,1282859625
3763666,25614,2018,4.5,1282861090
3763667,25614,2021,4.5,1282974197
3763668,25614,2028,2.0,1282678915
3763669,25614,2049,4.5,1282949443
3763670,25614,2054,3.0,1282858530
3763671,25614,2076,2.0,1282860440
3763672,25614,2078,4.5,1282860432
3763673,25614,2080,4.0,1282859632
3763674,25614,2081,4.0,1282858848
3763675,25614,2085,4.5,1282860989
3763676,25614,2087,4.5,1282861109
3763677,25614,2105,4.5,1282859646
3763678,25614,2115,4.0,1282803429
3763679,25614,2125,4.0,1282802901
3763680,25614,2139,4.5,1282974163
3763681,25614,2140,4.5,1282677591
3763682,25614,2145,4.5,1282861034
3763683,25614,2161,4.5,1282675985
3763684,25614,2167,4.0,1282859412
3763685,25614,2174,4.0,1282803513
3763686,25614,2193,4.0,1282860276
3763687,25614,2232,2.0,1282678144
3763688,25614,2273,4.0,1282860237
3763689,25614,2291,4.5,1282803951
3763690,25614,2294,4.0,1282859576
3763691,25614,2297,5.0,1282677554
3763692,25614,2321,4.5,1282858867
3763693,25614,2324,4.0,1282616302
3763694,25614,2336,4.0,1282860135
3763695,25614,2352,4.5,1282861159
3763696,25614,2355,4.5,1282858435
3763697,25614,2393,4.0,1282860757
3763698,25614,2394,4.0,1282861881
3763699,25614,2396,4.5,1282679141
3763700,25614,2406,4.0,1282858814
3763701,25614,2407,4.0,1282859488
3763702,25614,2420,4.0,1282860857
3763703,25614,2424,4.0,1282859475
3763704,25614,2427,2.0,1282615356
3763705,25614,2455,2.0,1282973867
3763706,25614,2493,4.5,1282617047
3763707,25614,2528,5.0,1282676702
3763708,25614,2529,4.0,1282973291
3763709,25614,2565,4.0,1282927067
3763710,25614,2571,4.5,1282616163
3763711,25614,2616,3.5,1282972198
3763712,25614,2622,4.0,1282927408
3763713,25614,2628,3.0,1282678987
3763714,25614,2640,4.5,1282676606
3763715,25614,2657,4.5,1282858904
3763716,25614,2671,4.0,1282802915
3763717,25614,2672,4.0,1282678238
3763718,25614,2683,4.0,1282803240
3763719,25614,2692,4.5,1282677539
3763720,25614,2699,0.5,1282858717
3763721,25614,2701,0.5,1282615262
3763722,25614,2706,3.0,1282803542
3763723,25614,2710,0.5,1282803588
3763724,25614,2716,4.0,1282676580
3763725,25614,2724,3.5,1283033923
3763726,25614,2746,4.0,1282860730
3763727,25614,2762,5.0,1282678919
3763728,25614,2791,3.5,1282803560
3763729,25614,2797,4.5,1282803233
3763730,25614,2858,3.0,1282678867
3763731,25614,2874,4.0,1282927032
3763732,25614,2918,5.0,1282679247
3763733,25614,2941,4.0,1282927056
3763734,25614,2959,2.5,1282616465
3763735,25614,2968,4.5,1282860330
3763736,25614,2985,0.5,1282858893
3763737,25614,2987,5.0,1282974222
3763738,25614,2997,4.5,1282616208
3763739,25614,3033,3.5,1282973698
3763740,25614,3034,4.5,1282676103
3763741,25614,3052,4.0,1282803890
3763742,25614,3081,4.5,1282859028
3763743,25614,3105,4.5,1282861903
3763744,25614,3108,4.0,1282860904
3763745,25614,3114,4.0,1282675911
3763746,25614,3147,4.0,1282803795
3763747,25614,3148,4.0,1282861126
3763748,25614,3156,4.0,1282949638
3763749,25614,3175,4.0,1282803929
3763750,25614,3247,4.0,1282861088
3763751,25614,3253,4.0,1282859033
3763752,25614,3300,4.0,1282861221
3763753,25614,3363,4.5,1282861019
3763754,25614,3396,4.5,1282861123
3763755,25614,3408,3.5,1282803520
3763756,25614,3418,3.5,1282973213
3763757,25614,3448,4.5,1282859419
3763758,25614,3471,4.5,1282616211
3763759,25614,3481,4.0,1282803916
3763760,25614,3499,0.5,1282860726
3763761,25614,3503,4.5,1283099101
3763762,25614,3545,4.5,1282974210
3763763,25614,3549,4.0,1282927199
3763764,25614,3578,3.0,1282679053
3763765,25614,3668,5.0,1282927272
3763766,25614,3702,4.5,1282676599
3763767,25614,3751,3.5,1282803383
3763768,25614,3752,3.5,1282860982
3763769,25614,3785,1.0,1282860792
3763770,25614,3793,4.5,1282676596
3763771,25614,3967,3.5,1283033751
3763772,25614,3986,3.0,1282678372
3763773,25614,3994,4.5,1282803637
3763774,25614,3996,4.0,1282675615
3763775,25614,4014,4.5,1282617094
3763776,25614,4022,4.0,1282858536
3763777,25614,4025,4.0,1282860392
3763778,25614,4027,4.5,1282803140
3763779,25614,4039,4.5,1282927614
3763780,25614,4148,0.5,1282861192
3763781,25614,4226,4.5,1282616359
3763782,25614,4246,4.0,1282803739
3763783,25614,4306,5.0,1282679056
3763784,25614,4308,4.5,1282859534
3763785,25614,4361,3.5,1282973572
3763786,25614,4367,3.5,1283033705
3763787,25614,4370,5.0,1282803933
3763788,25614,4447,3.5,1282973545
3763789,25614,4467,4.5,1282677515
3763790,25614,4571,4.0,1282973753
3763791,25614,4720,3.0,1282860365
3763792,25614,4857,4.5,1282617160
3763793,25614,4874,4.5,1283033728
3763794,25614,4878,3.0,1282678084
3763795,25614,4886,4.5,1282676078
3763796,25614,4896,4.0,1282858821
3763797,25614,4963,3.5,1282803617
3763798,25614,4973,5.0,1282616297
3763799,25614,4975,4.0,1282678177
3763800,25614,4993,4.5,1282616353
3763801,25614,4995,4.5,1282803712
3763802,25614,5120,3.5,1282675531
3763803,25614,5218,4.5,1282803787
3763804,25614,5266,3.0,1282973928
3763805,25614,5299,4.0,1282860216
3763806,25614,5349,4.0,1282803148
3763807,25614,5377,3.0,1282860380
3763808,25614,5378,3.5,1282803175
3763809,25614,5388,3.0,1283033739
3763810,25614,5418,4.0,1282858599
3763811,25614,5444,4.0,1282971876
3763812,25614,5445,4.5,1282676754
3763813,25614,5459,4.0,1282860349
3763814,25614,5464,1.5,1282860950
3763815,25614,5502,2.0,1282803760
3763816,25614,5618,4.0,1282616326
3763817,25614,5630,0.5,1283033992
3763818,25614,5669,4.5,1282803537
3763819,25614,5679,0.5,1282860343
3763820,25614,5816,4.0,1282803187
3763821,25614,5952,4.0,1282679074
3763822,25614,5956,0.5,1282973826
3763823,25614,5991,3.5,1282615369
3763824,25614,5995,4.0,1282860781
3763825,25614,6093,4.5,1282974182
3763826,25614,6281,2.0,1283033982
3763827,25614,6333,4.5,1282676585
3763828,25614,6345,4.0,1282927045
3763829,25614,6358,4.0,1282927252
3763830,25614,6365,4.0,1282803613
3763831,25614,6373,4.0,1282860916
3763832,25614,6377,4.5,1282803192
3763833,25614,6385,4.0,1282675597
3763834,25614,6539,4.0,1282858421
3763835,25614,6565,3.5,1283033806
3763836,25614,6711,4.5,1282974178
3763837,25614,6785,4.0,1282927024
3763838,25614,6863,4.0,1282676602
3763839,25614,6867,4.5,1282679560
3763840,25614,6874,1.5,1282858523
3763841,25614,6934,4.0,1282803898
3763842,25614,6942,3.5,1282861075
3763843,25614,6979,4.5,1282617242
3763844,25614,7060,4.5,1282927163
3763845,25614,7075,4.5,1283826623
3763846,25614,7080,4.0,1282927220
3763847,25614,7099,4.0,1282616179
3763848,25614,7143,3.5,1282803809
3763849,25614,7147,4.5,1282679541
3763850,25614,7153,4.5,1282616357
3763851,25614,7234,4.0,1282616946
3763852,25614,7293,3.5,1283033960
3763853,25614,7303,4.5,1282617083
3763854,25614,7438,1.0,1282858807
3763855,25614,7614,4.0,1282927014
3763856,25614,7619,4.5,1282971250
3763857,25614,7714,4.5,1282927106
3763858,25614,8008,4.5,1282926988
3763859,25614,8128,4.5,1282676834
3763860,25614,8331,4.0,1282617054
3763861,25614,8360,4.0,1282803342
3763862,25614,8368,4.0,1282802817
3763863,25614,8636,4.0,1282803144
3763864,25614,8914,4.0,1282678103
3763865,25614,8961,3.5,1282675563
3763866,25614,8970,4.0,1282616290
3763867,25614,26084,4.0,1282927080
3763868,25614,26133,4.0,1282971230
3763869,25614,26528,4.0,1282949566
3763870,25614,27706,3.0,1282802785
3763871,25614,30816,4.0,1282927120
3763872,25614,31193,4.0,1282971244
3763873,25614,31923,4.0,1283826862
3763874,25614,32383,4.5,1282927002
3763875,25614,33004,4.0,1282973491
3763876,25614,33794,4.5,1282803349
3763877,25614,34319,4.0,1282678281
3763878,25614,34405,4.5,1282617226
3763879,25614,37857,5.0,1282675721
3763880,25614,38038,4.0,1282973990
3763881,25614,39183,4.0,1282973845
3763882,25614,40815,4.0,1282803633
3763883,25614,44100,4.5,1282616268
3763884,25614,45517,4.0,1283033724
3763885,25614,45722,4.0,1282803629
3763886,25614,48394,2.0,1282803214
3763887,25614,50872,4.0,1282803674
3763888,25614,54001,4.0,1282973295
3763889,25614,54259,4.0,1282675942
3763890,25614,55247,4.0,1283033912
3763891,25614,55280,3.5,1282972926
3763892,25614,56367,4.0,1282803415
3763893,25614,57504,4.0,1282972772
3763894,25614,58559,4.0,1282616859
3763895,25614,59315,4.0,1282803405
3763896,25614,59784,4.0,1283033711
3763897,25614,60040,4.0,1282972120
3763898,25614,60069,4.5,1282676657
3763899,25614,60074,3.5,1282972103
3763900,25614,60487,4.0,1282971227
3763901,25614,63433,4.5,1282617229
3763902,25614,64957,4.0,1282676488
3763903,25614,66097,4.0,1282678051
3763904,25614,68237,4.0,1282970861
3763905,25614,68358,3.5,1282675538
3763906,25614,68954,4.0,1282676682
3763907,25614,71530,4.0,1282972020
3763908,25614,72998,4.0,1282676720
3763909,25615,27,4.0,1390974213
3763910,25615,180,2.5,1390971821
3763911,25615,260,3.5,1390972931
3763912,25615,480,3.0,1390973212
3763913,25615,541,2.0,1390972989
3763914,25615,551,4.5,1390974699
3763915,25615,1356,3.5,1390974325
3763916,25615,1562,2.0,1390972323
3763917,25615,1748,3.5,1390974822
3763918,25615,1760,4.5,1390972305
3763919,25615,1917,2.5,1390974310
3763920,25615,1968,2.5,1390974308
3763921,25615,2052,4.0,1390974221
3763922,25615,2090,2.5,1390973192
3763923,25615,2291,3.0,1390974702
3763924,25615,2428,2.5,1390971865
3763925,25615,2485,2.5,1390971874
3763926,25615,2571,3.5,1390973401
3763927,25615,2622,2.5,1390971999
3763928,25615,2706,2.5,1390974305
3763929,25615,2858,3.5,1390972951
3763930,25615,2959,4.0,1390972742
3763931,25615,3000,3.5,1390972857
3763932,25615,3186,4.0,1390971933
3763933,25615,3355,2.0,1390972062
3763934,25615,3793,2.0,1390974284
3763935,25615,3882,2.5,1390971943
3763936,25615,3968,2.0,1390972012
3763937,25615,4232,1.0,1390972027
3763938,25615,4299,1.0,1390971907
3763939,25615,4306,1.5,1390974293
3763940,25615,4343,3.0,1390971948
3763941,25615,4639,2.0,1390971981
3763942,25615,4865,3.0,1390972400
3763943,25615,4878,4.0,1390972735
3763944,25615,4993,1.5,1390972835
3763945,25615,5014,3.0,1390972094
3763946,25615,5445,4.0,1390973437
3763947,25615,5618,5.0,1390972534
3763948,25615,5952,1.5,1390972841
3763949,25615,7153,1.5,1390972838
3763950,25615,7361,5.0,1390972739
3763951,25615,8865,4.0,1390973933
3763952,25615,26662,3.5,1392958559
3763953,25615,27706,3.5,1390973903
3763954,25615,31658,5.0,1390972544
3763955,25615,44191,3.5,1390972872
3763956,25615,44761,4.5,1390973602
3763957,25615,45499,0.5,1390974349
3763958,25615,48394,3.5,1390972854
3763959,25615,52885,1.0,1390974905
3763960,25615,54259,3.5,1390973536
3763961,25615,58559,4.0,1390972747
3763962,25615,60069,3.0,1390973405
3763963,25615,66097,2.5,1390972751
3763964,25615,66171,3.5,1390975149
3763965,25615,66934,3.5,1390973004
3763966,25615,68954,1.5,1390974507
3763967,25615,69757,3.5,1390973567
3763968,25615,72483,3.5,1390972575
3763969,25615,74458,3.5,1390973971
3763970,25615,79132,3.5,1390972943
3763971,25615,79702,4.0,1390974489
3763972,25615,80586,4.0,1390972586
3763973,25615,81834,4.5,1390973699
3763974,25615,81847,5.0,1390972523
3763975,25615,85414,3.5,1390973994
3763976,25615,87232,4.0,1390974719
3763977,25615,88125,2.5,1390974694
3763978,25615,89745,4.0,1390972887
3763979,25615,91500,4.5,1390972882
3763980,25615,91529,2.0,1390974725
3763981,25615,95510,3.5,1390972509
3763982,25615,96588,4.5,1390972464
3763983,25615,97921,2.0,1390974031
3763984,25615,98809,3.0,1390974730
3763985,25615,102445,4.0,1390974040
3763986,25615,103042,3.5,1390972488
3763987,25615,106487,4.5,1390978428
3763988,25616,10,4.0,995750005
3763989,25616,50,5.0,995749351
3763990,25616,198,2.0,995749858
3763991,25616,260,4.0,995749604
3763992,25616,349,3.0,995749988
3763993,25616,353,3.0,995749933
3763994,25616,380,4.0,995749933
3763995,25616,507,3.0,995750005
3763996,25616,555,3.0,995749892
3763997,25616,589,5.0,995749464
3763998,25616,597,4.0,995749209
3763999,25616,608,5.0,995750347
3764000,25616,724,5.0,995749209
3764001,25616,750,4.0,995749428
3764002,25616,903,5.0,995749330
3764003,25616,904,5.0,995749351
3764004,25616,908,5.0,995750347
3764005,25616,912,5.0,995749366
3764006,25616,913,4.0,995749464
3764007,25616,1036,5.0,995749633
3764008,25616,1047,5.0,995749911
3764009,25616,1089,5.0,995750378
3764010,25616,1136,4.0,995750123
3764011,25616,1196,4.0,995749604
3764012,25616,1197,4.0,995749633
3764013,25616,1198,5.0,995749464
3764014,25616,1200,4.0,995749711
3764015,25616,1210,4.0,995749686
3764016,25616,1214,4.0,995749477
3764017,25616,1220,5.0,995749686
3764018,25616,1240,5.0,995749633
3764019,25616,1249,5.0,995750362
3764020,25616,1265,4.0,995750135
3764021,25616,1267,5.0,995749556
3764022,25616,1270,4.0,995749508
3764023,25616,1291,4.0,995749711
3764024,25616,1307,4.0,995750112
3764025,25616,1387,3.0,995749655
3764026,25616,1480,4.0,995749965
3764027,25616,1527,4.0,995749949
3764028,25616,1610,5.0,995749875
3764029,25616,1617,4.0,995749183
3764030,25616,1912,4.0,995749686
3764031,25616,2000,4.0,995749933
3764032,25616,2006,3.0,995749892
3764033,25616,2028,3.0,995749604
3764034,25616,2058,4.0,995749933
3764035,25616,2194,3.0,995749508
3764036,25616,2248,4.0,995750157
3764037,25616,2278,5.0,995750055
3764038,25616,2324,5.0,995749390
3764039,25616,2353,4.0,995749858
3764040,25616,2571,5.0,995749604
3764041,25616,2600,3.0,995750055
3764042,25616,2628,3.0,995750027
3764043,25616,2692,5.0,995749604
3764044,25616,2761,5.0,995749508
3764045,25616,2762,5.0,995749414
3764046,25616,2763,4.0,995749949
3764047,25616,2858,5.0,995750100
3764048,25616,2947,4.0,995749667
3764049,25616,2948,4.0,995749655
3764050,25616,2949,3.0,995749728
3764051,25616,2985,3.0,995749965
3764052,25616,2991,3.0,995750027
3764053,25616,2993,4.0,995749911
3764054,25616,3000,4.0,995749508
3764055,25616,3082,3.0,995749183
3764056,25616,3114,5.0,995750157
3764057,25616,3256,3.0,995749949
3764058,25616,3404,3.0,995749711
3764059,25616,3418,5.0,995749183
3764060,25616,3481,4.0,995749183
3764061,25616,3527,3.0,995749711
3764062,25616,3633,4.0,995750027
3764063,25616,3635,4.0,995750055
3764064,25616,3639,3.0,995750027
3764065,25616,3654,4.0,995749711
3764066,25616,3744,3.0,995750027
3764067,25616,3763,4.0,995749655
3764068,25616,3793,4.0,995749728
3764069,25616,3897,4.0,995750112
3764070,25616,3911,4.0,995750157
3764071,25616,3984,5.0,995749965
3764072,25616,3996,5.0,995749633
3764073,25616,4005,3.0,995749988
3764074,25616,4025,3.0,995749875
3764075,25616,4085,4.0,995749875
3764076,25616,4338,5.0,995749316
3764077,25616,4427,4.0,995749284
3764078,25617,11,3.0,833848441
3764079,25617,17,4.0,833848463
3764080,25617,32,4.0,833848402
3764081,25617,39,4.0,833848417
3764082,25617,47,2.0,833848368
3764083,25617,50,2.0,833848402
3764084,25617,150,3.0,833848283
3764085,25617,186,2.0,833848451
3764086,25617,236,4.0,833848426
3764087,25617,261,5.0,833848484
3764088,25617,262,4.0,833848550
3764089,25617,265,5.0,833848484
3764090,25617,296,3.0,833848283
3764091,25617,300,3.0,833848368
3764092,25617,329,3.0,833848333
3764093,25617,339,3.0,833848342
3764094,25617,588,3.0,833848304
3764095,25617,590,3.0,833848283
3764096,25617,592,3.0,833848283
3764097,25617,593,2.0,833848380
3764098,25617,595,3.0,833848333
3764099,25618,266,2.0,1046859258
3764100,25618,455,2.0,1046859340
3764101,25618,1259,3.0,1046858497
3764102,25618,1513,3.0,1046858817
3764103,25618,1569,3.0,1046858511
3764104,25618,1721,4.0,1046858420
3764105,25618,2078,3.0,1046858511
3764106,25618,2081,3.0,1046858530
3764107,25618,2100,3.0,1046858446
3764108,25618,2355,2.0,1046859572
3764109,25618,2390,3.0,1046858782
3764110,25618,2396,1.0,1046858864
3764111,25618,2485,4.0,1046858864
3764112,25618,2541,5.0,1046858969
3764113,25618,2572,2.0,1046859543
3764114,25618,2581,3.0,1046859633
3764115,25618,2683,3.0,1046858706
3764116,25618,2699,3.0,1046858925
3764117,25618,2706,5.0,1046858706
3764118,25618,2710,3.0,1046858718
3764119,25618,2716,2.0,1046858446
3764120,25618,2718,1.0,1046858753
3764121,25618,2724,2.0,1046858864
3764122,25618,2762,4.0,1046859094
3764123,25618,2841,4.0,1046858864
3764124,25618,2858,3.0,1046858915
3764125,25618,2888,2.0,1046859591
3764126,25618,2908,3.0,1046859572
3764127,25618,2959,2.0,1046858753
3764128,25618,2976,2.0,1046858944
3764129,25618,2987,3.0,1046858885
3764130,25618,3005,4.0,1046858944
3764131,25618,3159,2.0,1046858470
3764132,25618,3250,2.0,1046858483
3764133,25618,3273,3.0,1046859094
3764134,25618,3408,3.0,1046858986
3764135,25618,3409,3.0,1046859001
3764136,25618,3534,2.0,1046859692
3764137,25618,3617,5.0,1046858817
3764138,25618,3752,3.0,1046859626
3764139,25618,3798,3.0,1046859121
3764140,25618,3908,3.0,1046858876
3764141,25618,3977,3.0,1046858956
3764142,25618,5377,5.0,1046859232
3764143,25618,5476,2.0,1046859497
3764144,25618,5502,5.0,1046859275
3764145,25618,5679,4.0,1046858420
3764146,25618,6166,2.0,1046858661
3764147,25619,16,5.0,911431707
3764148,25619,17,2.0,911431577
3764149,25619,32,3.0,911430751
3764150,25619,34,3.0,911431792
3764151,25619,50,4.0,911430785
3764152,25619,110,4.0,911431074
3764153,25619,150,2.0,911431658
3764154,25619,161,3.0,911431407
3764155,25619,165,4.0,911431337
3764156,25619,233,2.0,911431750
3764157,25619,246,4.0,911430978
3764158,25619,265,4.0,911430712
3764159,25619,293,5.0,911431933
3764160,25619,296,4.0,911430875
3764161,25619,318,3.0,911431147
3764162,25619,337,3.0,911431750
3764163,25619,353,3.0,911431981
3764164,25619,356,4.0,911430712
3764165,25619,357,3.0,911431453
3764166,25619,364,4.0,911431658
3764167,25619,377,4.0,911431235
3764168,25619,457,5.0,911431110
3764169,25619,474,3.0,911431792
3764170,25619,508,3.0,911431707
3764171,25619,527,5.0,911430712
3764172,25619,529,4.0,911431147
3764173,25619,555,3.0,911431891
3764174,25619,588,4.0,911431375
3764175,25619,589,4.0,911430978
3764176,25619,590,4.0,911431006
3764177,25619,595,3.0,911431306
3764178,25619,608,3.0,911431337
3764179,25619,647,3.0,911431375
3764180,25619,700,3.0,911431454
3764181,25619,733,3.0,911431523
3764182,25619,805,3.0,911431707
3764183,25619,1060,4.0,911431042
3764184,25619,1120,3.0,911431750
3764185,25619,1179,3.0,911430751
3764186,25619,1210,4.0,911430825
3764187,25619,1213,4.0,911431110
3764188,25619,1245,2.0,911431454
3764189,25619,1249,4.0,911430875
3764190,25619,1265,3.0,911430978
3764191,25619,1358,3.0,911431206
3764192,25619,1391,1.0,911431933
3764193,25619,1393,4.0,911431375
3764194,25619,1396,4.0,911431933
3764195,25619,1441,3.0,911431523
3764196,25619,1485,2.0,911431453
3764197,25619,1500,4.0,911431488
3764198,25619,1518,3.0,911431454
3764199,25619,1527,5.0,911431707
3764200,25619,1573,3.0,911431891
3764201,25619,1580,3.0,911431750
3764202,25619,1610,3.0,911430825
3764203,25619,1617,4.0,911431523
3764204,25619,1639,2.0,911431792
3764205,25619,1641,3.0,911431042
3764206,25619,1645,4.0,911431891
3764207,25619,1682,5.0,911430875
3764208,25619,1704,4.0,911431523
3764209,25619,1722,3.0,911431792
3764210,25619,1729,3.0,911431147
3764211,25619,1784,3.0,911431658
3764212,25619,1917,4.0,911430751
3764213,25619,1918,3.0,911431307
3764214,25619,1923,5.0,911430825
3764215,25619,2028,5.0,911430785
3764216,25619,2108,2.0,911431147
3764217,25619,2268,4.0,911430978
3764218,25619,2294,4.0,911430614
3764219,25619,2302,4.0,911431981
3764220,25619,2335,4.0,911430595
3764221,25619,6425,2.0,911431341
3764222,25620,60,1.0,1335392885
3764223,25620,637,0.5,1335392891
3764224,25620,671,4.5,1335392860
3764225,25620,912,5.0,1335393164
3764226,25620,923,4.5,1335393168
3764227,25620,1104,5.0,1335392895
3764228,25620,1203,5.0,1335393156
3764229,25620,1204,4.5,1335393180
3764230,25620,1250,5.0,1335393160
3764231,25620,1253,5.0,1335392927
3764232,25620,1276,4.5,1335393170
3764233,25620,1411,3.0,1335392902
3764234,25620,1717,1.0,1335392863
3764235,25620,1779,4.5,1335392930
3764236,25620,2421,3.0,1335392916
3764237,25620,2616,3.5,1335392934
3764238,25620,2872,4.0,1335392908
3764239,25620,3300,3.0,1335392882
3764240,25620,3435,5.0,1335393173
3764241,25620,3798,2.0,1335392922
3764242,25620,3826,3.0,1335392872
3764243,25620,4002,2.0,1335392850
3764244,25620,4270,3.0,1335392853
3764245,25620,4446,3.5,1335392924
3764246,25621,39,5.0,998007579
3764247,25621,318,5.0,998006611
3764248,25621,356,5.0,998006519
3764249,25621,597,5.0,998007342
3764250,25621,920,5.0,998007492
3764251,25621,1028,4.0,998006947
3764252,25621,1293,4.0,998006325
3764253,25621,1307,5.0,998006731
3764254,25621,1517,4.0,998006399
3764255,25621,1721,4.0,998007579
3764256,25621,1923,5.0,998006947
3764257,25621,2174,4.0,998006432
3764258,25621,2338,3.0,998006293
3764259,25621,2424,5.0,998007454
3764260,25621,2541,4.0,998007421
3764261,25621,2724,4.0,998007401
3764262,25621,2762,5.0,998006611
3764263,25621,2848,3.0,998006519
3764264,25621,2858,4.0,998006611
3764265,25621,2918,4.0,998006731
3764266,25621,3948,5.0,998007005
3764267,25621,3996,5.0,998006970
3764268,25621,4018,2.0,998006831
3764269,25621,4228,4.0,998007659
3764270,25621,4306,5.0,998006858
3764271,25621,4368,1.0,998007704
3764272,25622,1,4.0,1337187243
3764273,25622,3,3.0,1337185539
3764274,25622,47,4.5,1337186771
3764275,25622,50,5.0,1337186354
3764276,25622,110,4.5,1337186717
3764277,25622,150,4.5,1337187383
3764278,25622,260,5.0,1337186287
3764279,25622,296,4.5,1337186569
3764280,25622,300,5.0,1337187514
3764281,25622,318,5.0,1337186346
3764282,25622,356,5.0,1337186795
3764283,25622,457,5.0,1337186913
3764284,25622,474,4.5,1337187591
3764285,25622,527,5.0,1337186381
3764286,25622,552,1.0,1337185556
3764287,25622,593,5.0,1337186285
3764288,25622,608,5.0,1337186308
3764289,25622,750,4.5,1337186635
3764290,25622,805,3.5,1337185592
3764291,25622,858,5.0,1337186362
3764292,25622,904,4.5,1337186579
3764293,25622,908,5.0,1337186546
3764294,25622,912,5.0,1337186406
3764295,25622,913,4.5,1337185577
3764296,25622,919,4.0,1337186874
3764297,25622,922,4.0,1337186463
3764298,25622,1036,5.0,1337187168
3764299,25622,1061,5.0,1337185657
3764300,25622,1089,4.0,1337186297
3764301,25622,1090,4.5,1337186340
3764302,25622,1129,2.5,1337185648
3764303,25622,1136,4.0,1337186543
3764304,25622,1193,4.0,1337186438
3764305,25622,1196,5.0,1337186272
3764306,25622,1198,5.0,1337186343
3764307,25622,1200,5.0,1337186276
3764308,25622,1201,5.0,1337186605
3764309,25622,1204,5.0,1337186443
3764310,25622,1208,5.0,1337186386
3764311,25622,1210,5.0,1337186959
3764312,25622,1213,5.0,1337186295
3764313,25622,1214,4.5,1337186303
3764314,25622,1221,5.0,1337186368
3764315,25622,1222,5.0,1337186267
3764316,25622,1225,5.0,1337186460
3764317,25622,1231,5.0,1337186397
3764318,25622,1233,4.5,1337186389
3764319,25622,1234,5.0,1337186417
3764320,25622,1240,5.0,1337186290
3764321,25622,1242,5.0,1337185582
3764322,25622,1247,4.5,1337186434
3764323,25622,1250,5.0,1337186403
3764324,25622,1253,5.0,1337187211
3764325,25622,1256,4.0,1337186596
3764326,25622,1262,5.0,1337186371
3764327,25622,1263,5.0,1337186430
3764328,25622,1266,5.0,1337186301
3764329,25622,1269,4.5,1337186751
3764330,25622,1270,4.0,1337187254
3764331,25622,1272,5.0,1337186376
3764332,25622,1276,5.0,1337186373
3764333,25622,1278,4.0,1337186322
3764334,25622,1282,3.0,1337185587
3764335,25622,1283,4.5,1337186333
3764336,25622,1291,5.0,1337186887
3764337,25622,1293,4.0,1337185618
3764338,25622,1299,5.0,1337186450
3764339,25622,1303,4.0,1337186763
3764340,25622,1304,5.0,1337186359
3764341,25622,1374,5.0,1337187604
3764342,25622,1387,5.0,1337186281
3764343,25622,1562,2.5,1337185643
3764344,25622,1608,4.5,1337187310
3764345,25622,1663,5.0,1337187517
3764346,25622,1674,5.0,1337186399
3764347,25622,1704,4.5,1337186349
3764348,25622,1961,4.0,1337186378
3764349,25622,2002,4.0,1337185639
3764350,25622,2003,3.0,1337185609
3764351,25622,2019,4.0,1337186330
3764352,25622,2028,5.0,1337186675
3764353,25622,2067,4.0,1337187119
3764354,25622,2115,4.0,1337187568
3764355,25622,2278,4.0,1337185622
3764356,25622,2353,4.0,1337185529
3764357,25622,2393,4.5,1337185668
3764358,25622,2401,4.0,1337187594
3764359,25622,2502,4.0,1337186983
3764360,25622,2529,3.5,1337187580
3764361,25622,2670,4.0,1337187359
3764362,25622,2728,5.0,1337186306
3764363,25622,2762,5.0,1337186686
3764364,25622,2804,5.0,1337186789
3764365,25622,2915,5.0,1337185734
3764366,25622,2916,5.0,1337187521
3764367,25622,2917,5.0,1337187609
3764368,25622,2921,4.5,1337187587
3764369,25622,2944,4.5,1337187584
3764370,25622,3006,5.0,1337186392
3764371,25622,3035,5.0,1337186727
3764372,25622,3062,4.5,1337187280
3764373,25622,3196,4.5,1337186623
3764374,25622,3360,4.5,1337187601
3764375,25622,3362,3.5,1337186937
3764376,25622,3469,5.0,1337186608
3764377,25622,3498,4.5,1337187284
3764378,25622,3508,5.0,1337187142
3764379,25622,3527,4.5,1337187564
3764380,25622,3578,4.0,1337187071
3764381,25622,3634,5.0,1337186833
3764382,25622,3681,4.5,1337187012
3764383,25622,4262,4.0,1337187090
3764384,25622,4327,5.0,1337187134
3764385,25622,4338,4.5,1337187366
3764386,25622,4993,5.0,1337187468
3764387,25622,4995,4.5,1337187202
3764388,25622,5782,5.0,1337186612
3764389,25622,5952,5.0,1337186641
3764390,25622,5995,4.5,1337186704
3764391,25622,6539,5.0,1337187484
3764392,25622,7132,4.0,1337186740
3764393,25622,7153,5.0,1337186559
3764394,25622,7502,5.0,1337186445
3764395,25622,7560,4.5,1337187040
3764396,25622,8337,4.5,1337187058
3764397,25622,8827,5.0,1337187319
3764398,25622,8949,1.0,1337187478
3764399,25622,26649,4.5,1337187337
3764400,25622,30749,4.5,1337186722
3764401,25622,33154,4.5,1337187214
3764402,25622,48516,4.0,1337186633
3764403,25622,55820,4.5,1337186922
3764404,25622,58559,5.0,1337186481
3764405,25622,59315,4.0,1337187277
3764406,25622,64614,4.5,1337186851
3764407,25622,68157,4.0,1337186798
3764408,25622,68358,4.0,1337186953
3764409,25622,72641,4.0,1337187389
3764410,25622,77658,4.5,1337186479
3764411,25622,79132,4.0,1337186506
3764412,25622,93040,5.0,1337187394
3764413,25623,239,1.5,1235280802
3764414,25623,381,3.0,1235280643
3764415,25623,1013,3.5,1235280699
3764416,25623,1193,3.5,1235281772
3764417,25623,1327,3.5,1235280823
3764418,25623,1920,4.0,1235280743
3764419,25623,2026,4.0,1235281020
3764420,25623,2089,3.5,1235280892
3764421,25623,2513,1.0,1235280785
3764422,25623,2804,4.0,1235281655
3764423,25623,2806,4.0,1235280934
3764424,25623,3034,4.5,1235280717
3764425,25623,3259,2.0,1235280806
3764426,25623,3646,4.5,1235281925
3764427,25623,3798,0.5,1235280622
3764428,25623,3979,4.5,1235281942
3764429,25623,4388,4.5,1235281883
3764430,25623,4700,4.5,1235282011
3764431,25623,4701,5.0,1235282305
3764432,25623,4792,3.5,1235281131
3764433,25623,5092,5.0,1235281969
3764434,25623,5574,4.0,1235280879
3764435,25623,6013,5.0,1235282491
3764436,25623,6383,4.0,1235281462
3764437,25623,6807,3.5,1235280579
3764438,25623,6888,5.0,1235281887
3764439,25623,6958,3.0,1235282001
3764440,25623,7380,2.0,1235282329
3764441,25623,43558,3.5,1235282486
3764442,25623,44022,5.0,1235280980
3764443,25623,45672,3.0,1235282237
3764444,25623,50802,2.5,1235282470
3764445,25623,53121,4.5,1235282121
3764446,25623,53953,4.5,1235281137
3764447,25623,55241,4.5,1235282096
3764448,25624,19,2.0,837617478
3764449,25624,21,4.0,837617478
3764450,25624,62,5.0,837617525
3764451,25624,150,5.0,837617345
3764452,25624,153,3.0,837617372
3764453,25624,161,4.0,837617405
3764454,25624,225,4.0,837617452
3764455,25624,253,3.0,837617419
3764456,25624,288,3.0,837617432
3764457,25624,296,3.0,837617345
3764458,25624,318,5.0,837617388
3764459,25624,339,4.0,837617419
3764460,25624,344,3.0,837617372
3764461,25624,356,5.0,837617452
3764462,25624,367,4.0,837617478
3764463,25624,377,4.0,837617588
3764464,25624,380,4.0,837617345
3764465,25624,454,3.0,837617452
3764466,25624,457,4.0,837617406
3764467,25624,480,4.0,837617452
3764468,25624,490,4.0,837617561
3764469,25624,500,5.0,837617544
3764470,25624,527,5.0,837617525
3764471,25624,590,3.0,837617345
3764472,25624,592,3.0,837617345
3764473,25624,593,5.0,837617406
3764474,25624,736,3.0,837617544
3764475,25625,2,4.0,960246287
3764476,25625,48,3.0,960246588
3764477,25625,260,5.0,960246225
3764478,25625,356,3.0,960245171
3764479,25625,364,5.0,960246510
3764480,25625,541,5.0,960245661
3764481,25625,551,2.0,960246510
3764482,25625,588,5.0,960246470
3764483,25625,594,5.0,960246404
3764484,25625,595,5.0,960246434
3764485,25625,610,4.0,960245796
3764486,25625,661,4.0,960246510
3764487,25625,673,4.0,960246328
3764488,25625,783,3.0,960246547
3764489,25625,788,5.0,960246305
3764490,25625,829,4.0,960246620
3764491,25625,899,5.0,960246404
3764492,25625,908,5.0,960245122
3764493,25625,914,5.0,960245924
3764494,25625,919,5.0,960246404
3764495,25625,938,5.0,960246434
3764496,25625,1022,3.0,960246434
3764497,25625,1028,5.0,960245924
3764498,25625,1029,5.0,960246510
3764499,25625,1035,4.0,960245171
3764500,25625,1057,4.0,960246547
3764501,25625,1073,4.0,960246225
3764502,25625,1081,5.0,960246046
3764503,25625,1097,5.0,960245707
3764504,25625,1127,4.0,960245707
3764505,25625,1129,4.0,960245707
3764506,25625,1196,5.0,960245661
3764507,25625,1199,5.0,960245661
3764508,25625,1219,5.0,960246677
3764509,25625,1220,4.0,960246046
3764510,25625,1240,4.0,960245661
3764511,25625,1270,4.0,960245661
3764512,25625,1282,5.0,960246470
3764513,25625,1298,3.0,960246573
3764514,25625,1333,4.0,960246677
3764515,25625,1374,4.0,960245661
3764516,25625,1375,4.0,960245796
3764517,25625,1376,5.0,960245661
3764518,25625,1380,5.0,960245990
3764519,25625,1385,3.0,960245171
3764520,25625,1947,5.0,960245924
3764521,25625,2005,4.0,960246287
3764522,25625,2078,3.0,960245924
3764523,25625,2080,3.0,960246510
3764524,25625,2081,5.0,960246046
3764525,25625,2088,2.0,960246056
3764526,25625,2092,3.0,960246603
3764527,25625,2100,4.0,960246257
3764528,25625,2105,3.0,960245825
3764529,25625,2140,4.0,960245796
3764530,25625,2143,2.0,960245122
3764531,25625,2160,5.0,960246677
3764532,25625,2193,3.0,960246287
3764533,25625,2300,5.0,960245924
3764534,25625,2407,4.0,960245796
3764535,25625,2413,4.0,960246118
3764536,25625,2565,5.0,960246510
3764537,25625,2628,3.0,960246287
3764538,25625,2641,4.0,960245825
3764539,25625,2657,4.0,960245990
3764540,25625,2746,4.0,960246046
3764541,25625,2752,5.0,960246110
3764542,25625,2857,5.0,960245924
3764543,25625,2863,5.0,960245924
3764544,25625,2872,2.0,960246225
3764545,25625,2946,5.0,960245940
3764546,25625,2968,5.0,960245661
3764547,25625,3061,3.0,960246470
3764548,25625,3070,2.0,960245707
3764549,25625,3098,3.0,960245122
3764550,25625,3159,4.0,960246470
3764551,25625,3526,4.0,960245171
3764552,25625,3527,4.0,960245707
3764553,25625,3545,5.0,960245990
3764554,25625,3549,4.0,960246510
3764555,25625,3604,4.0,960245924
3764556,25625,3612,4.0,960245990
3764557,25625,3649,3.0,960245248
3764558,25625,3668,4.0,960245509
3764559,25625,3671,5.0,960245279
3764560,25625,3672,3.0,960245279
3764561,25625,3675,5.0,960245533
3764562,25625,3678,4.0,960245396
3764563,25625,3683,4.0,960245279
3764564,25625,3684,4.0,960245346
3764565,25625,3685,4.0,960245455
3764566,25625,3688,4.0,960245439
3764567,25625,3698,3.0,960245509
3764568,25625,3699,4.0,960245509
3764569,25625,3700,4.0,960245303
3764570,25625,3702,3.0,960245396
3764571,25625,3703,4.0,960245396
3764572,25625,3708,2.0,960245364
3764573,25625,3713,4.0,960245396
3764574,25625,3729,4.0,960245509
3764575,25625,3730,5.0,960245303
3764576,25625,3738,4.0,960245533
3764577,25626,29,3.5,1402626138
3764578,25626,262,4.5,1402626298
3764579,25626,904,4.0,1402626823
3764580,25626,2123,3.5,1402626436
3764581,25626,2321,4.5,1402626065
3764582,25626,2657,4.0,1402626058
3764583,25626,2858,4.0,1402626951
3764584,25626,3000,5.0,1402626799
3764585,25626,3988,3.0,1402626243
3764586,25626,4226,4.0,1402626926
3764587,25626,4519,3.5,1402626485
3764588,25626,4642,3.5,1402626425
3764589,25626,4770,3.0,1402626729
3764590,25626,4876,3.5,1402626504
3764591,25626,4973,4.5,1402627022
3764592,25626,4993,4.5,1402626969
3764593,25626,5618,5.0,1402626795
3764594,25626,5668,4.0,1402626672
3764595,25626,6350,5.0,1402627090
3764596,25626,6863,3.5,1402626175
3764597,25626,7153,4.5,1402626975
3764598,25626,27808,3.0,1402626466
3764599,25626,31658,5.0,1402626267
3764600,25626,50872,4.0,1402627122
3764601,25626,61240,4.0,1402627119
3764602,25626,66097,4.5,1402627109
3764603,25626,66934,4.5,1402627029
3764604,25626,76093,4.0,1402627166
3764605,25626,79132,4.5,1402626944
3764606,25626,79702,4.5,1402627183
3764607,25626,94959,4.0,1402627193
3764608,25626,96610,4.0,1402627174
3764609,25626,97921,4.5,1402626559
3764610,25626,109374,4.5,1402627056
3764611,25627,4,1.0,837620794
3764612,25627,10,3.0,837620209
3764613,25627,17,3.0,837620395
3764614,25627,21,4.0,837620263
3764615,25627,22,4.0,837620532
3764616,25627,28,4.0,837621078
3764617,25627,31,4.0,837620462
3764618,25627,32,3.0,837620305
3764619,25627,39,4.0,837620283
3764620,25627,46,3.0,837620966
3764621,25627,47,4.0,837620229
3764622,25627,50,4.0,837620283
3764623,25627,93,1.0,837620929
3764624,25627,122,1.0,837620759
3764625,25627,144,3.0,837620904
3764626,25627,145,3.0,837620569
3764627,25627,150,3.0,837620118
3764628,25627,151,3.0,837620376
3764629,25627,153,1.0,837620150
3764630,25627,159,3.0,837621000
3764631,25627,160,1.0,837620283
3764632,25627,161,3.0,837620191
3764633,25627,162,5.0,837620950
3764634,25627,164,5.0,837620950
3764635,25627,165,3.0,837620150
3764636,25627,168,2.0,837620443
3764637,25627,170,3.0,837620708
3764638,25627,172,3.0,837620424
3764639,25627,173,3.0,837620321
3764640,25627,175,1.0,837621000
3764641,25627,194,3.0,837620860
3764642,25627,196,2.0,837620357
3764643,25627,198,4.0,837620722
3764644,25627,216,2.0,837620648
3764645,25627,218,3.0,837620626
3764646,25627,222,3.0,837620626
3764647,25627,224,3.0,837620462
3764648,25627,225,3.0,837620248
3764649,25627,227,1.0,837620532
3764650,25627,229,3.0,837620987
3764651,25627,232,5.0,837620759
3764652,25627,234,2.0,837620668
3764653,25627,235,5.0,837620394
3764654,25627,237,2.0,837620515
3764655,25627,246,5.0,837620532
3764656,25627,248,1.0,837620708
3764657,25627,252,2.0,837620376
3764658,25627,253,3.0,837620209
3764659,25627,257,3.0,837620687
3764660,25627,260,3.0,837620823
3764661,25627,261,3.0,837620409
3764662,25627,266,4.0,837620305
3764663,25627,272,5.0,837620514
3764664,25627,273,1.0,837620498
3764665,25627,275,2.0,837621033
3764666,25627,276,1.0,837620515
3764667,25627,277,3.0,837620480
3764668,25627,281,4.0,837620740
3764669,25627,282,3.0,837620321
3764670,25627,288,5.0,837620229
3764671,25627,289,3.0,837620811
3764672,25627,292,3.0,837620191
3764673,25627,293,3.0,837620394
3764674,25627,296,3.0,837620118
3764675,25627,300,4.0,837620229
3764676,25627,303,3.0,837620688
3764677,25627,305,3.0,837620688
3764678,25627,312,3.0,837621103
3764679,25627,314,5.0,837620966
3764680,25627,315,3.0,837620321
3764681,25627,316,3.0,837620170
3764682,25627,318,5.0,837620170
3764683,25627,319,3.0,837620740
3764684,25627,327,1.0,837620668
3764685,25627,329,3.0,837620170
3764686,25627,337,1.0,837620376
3764687,25627,338,1.0,837620708
3764688,25627,339,3.0,837620209
3764689,25627,342,3.0,837620609
3764690,25627,345,1.0,837620811
3764691,25627,349,2.0,837620150
3764692,25627,350,3.0,837620357
3764693,25627,351,3.0,837620811
3764694,25627,353,3.0,837620480
3764695,25627,355,1.0,837620532
3764696,25627,356,2.0,837620248
3764697,25627,357,3.0,837620376
3764698,25627,361,1.0,837620887
3764699,25627,368,1.0,837620551
3764700,25627,371,3.0,837620759
3764701,25627,373,2.0,837621103
3764702,25627,374,3.0,837620842
3764703,25627,376,3.0,837620667
3764704,25627,377,3.0,837620305
3764705,25627,380,2.0,837620118
3764706,25627,381,3.0,837620609
3764707,25627,382,2.0,837620917
3764708,25627,383,1.0,837620794
3764709,25627,410,4.0,837620229
3764710,25627,412,3.0,837620966
3764711,25627,413,1.0,837620609
3764712,25627,416,2.0,837620917
3764713,25627,417,3.0,837620904
3764714,25627,420,1.0,837620283
3764715,25627,426,3.0,837620904
3764716,25627,427,4.0,837620687
3764717,25627,431,1.0,837620648
3764718,25627,434,2.0,837620191
3764719,25627,435,2.0,837620305
3764720,25627,440,2.0,837620321
3764721,25627,442,3.0,837620394
3764722,25627,444,1.0,837621047
3764723,25627,454,3.0,837620248
3764724,25627,457,4.0,837620191
3764725,25627,466,3.0,837620609
3764726,25627,474,3.0,837620443
3764727,25627,477,4.0,837620687
3764728,25627,480,3.0,837620248
3764729,25627,481,3.0,837620975
3764730,25627,482,3.0,837621111
3764731,25627,485,3.0,837620569
3764732,25627,489,4.0,837620950
3764733,25627,490,3.0,837621022
3764734,25627,491,3.0,837620722
3764735,25627,497,3.0,837620551
3764736,25627,500,3.0,837620321
3764737,25627,502,3.0,837620873
3764738,25627,508,3.0,837620498
3764739,25627,509,5.0,837620409
3764740,25627,515,3.0,837620515
3764741,25627,516,3.0,837621010
3764742,25627,520,3.0,837620626
3764743,25627,521,3.0,837621172
3764744,25627,524,3.0,837620949
3764745,25627,529,5.0,837620740
3764746,25627,531,3.0,837620811
3764747,25627,532,2.0,837620823
3764748,25627,534,3.0,837620887
3764749,25627,535,3.0,837620929
3764750,25627,538,4.0,837621000
3764751,25627,539,2.0,837620337
3764752,25627,540,4.0,837620770
3764753,25627,543,2.0,837620794
3764754,25627,544,2.0,837621090
3764755,25627,546,2.0,837620873
3764756,25627,550,2.0,837620917
3764757,25627,551,3.0,837620462
3764758,25627,552,2.0,837620569
3764759,25627,553,3.0,837620337
3764760,25627,555,1.0,837620443
3764761,25627,585,2.0,837620498
3764762,25627,586,1.0,837620357
3764763,25627,587,1.0,837620337
3764764,25627,589,4.0,837620283
3764765,25627,590,3.0,837620118
3764766,25627,592,3.0,837620118
3764767,25627,593,3.0,837620191
3764768,25627,594,3.0,837620609
3764769,25627,596,2.0,837620794
3764770,25627,597,1.0,837620357
3764771,25627,608,4.0,837620551
3764772,25627,648,3.0,837620569
3764773,25627,733,3.0,837620770
3764774,25627,736,2.0,837620514
3764775,25627,780,1.0,837620904
3764776,25627,786,2.0,837621047
3764777,25628,260,5.0,855600659
3764778,25628,714,5.0,855600660
3764779,25628,760,4.0,855600661
3764780,25628,765,4.0,855600660
3764781,25628,782,2.0,855600661
3764782,25628,795,3.0,855600661
3764783,25628,804,4.0,855600661
3764784,25628,847,5.0,855600692
3764785,25628,869,5.0,855600662
3764786,25628,882,5.0,855600662
3764787,25628,885,5.0,855600662
3764788,25628,1055,5.0,855600692
3764789,25628,1434,5.0,855600692
3764790,25628,1438,5.0,855600770
3764791,25628,1439,2.0,855600692
3764792,25628,1447,5.0,855600769
3764793,25628,1449,3.0,855600770
3764794,25628,1450,5.0,855600770
3764795,25628,1453,3.0,855600770
3764796,25628,1454,3.0,855600770
3764797,25628,1455,5.0,855600770
3764798,25628,1456,5.0,855600770
3764799,25629,32,4.0,1006752254
3764800,25629,50,4.0,1006751775
3764801,25629,110,5.0,1006751252
3764802,25629,151,4.0,1006751461
3764803,25629,161,4.0,1006751419
3764804,25629,198,3.0,1006752439
3764805,25629,260,4.0,1006752254
3764806,25629,293,3.0,1006751864
3764807,25629,318,4.0,1006752133
3764808,25629,356,4.0,1006750741
3764809,25629,377,3.0,1006751937
3764810,25629,457,4.0,1006751900
3764811,25629,480,4.0,1006752336
3764812,25629,541,4.0,1006752254
3764813,25629,589,3.0,1006751937
3764814,25629,593,4.0,1006751775
3764815,25629,608,3.0,1006751794
3764816,25629,780,4.0,1006751517
3764817,25629,858,4.0,1006750711
3764818,25629,1036,3.0,1006751864
3764819,25629,1090,3.0,1006751325
3764820,25629,1094,2.0,1006750798
3764821,25629,1127,3.0,1006751999
3764822,25629,1129,3.0,1006752439
3764823,25629,1196,4.0,1006751252
3764824,25629,1198,5.0,1006750856
3764825,25629,1200,4.0,1006751864
3764826,25629,1208,5.0,1006751398
3764827,25629,1210,2.0,1006751291
3764828,25629,1214,4.0,1006751830
3764829,25629,1217,4.0,1006751325
3764830,25629,1222,4.0,1006751398
3764831,25629,1224,5.0,1006751419
3764832,25629,1233,4.0,1006751291
3764833,25629,1240,4.0,1006751821
3764834,25629,1242,4.0,1006751291
3764835,25629,1250,4.0,1006751252
3764836,25629,1272,4.0,1006751325
3764837,25629,1372,2.0,1006752496
3764838,25629,1374,4.0,1006752407
3764839,25629,1376,2.0,1006752439
3764840,25629,1391,4.0,1006751625
3764841,25629,1396,3.0,1006752305
3764842,25629,1488,3.0,1006751546
3764843,25629,1527,4.0,1006752305
3764844,25629,1573,2.0,1006752468
3764845,25629,1580,4.0,1006752305
3764846,25629,1584,3.0,1006752274
3764847,25629,1610,4.0,1006751900
3764848,25629,1676,3.0,1006751644
3764849,25629,1721,5.0,1006750772
3764850,25629,1799,5.0,1006750948
3764851,25629,1921,2.0,1006752336
3764852,25629,2028,5.0,1006750711
3764853,25629,2136,3.0,1006750772
3764854,25629,2140,3.0,1006752496
3764855,25629,2288,4.0,1006752407
3764856,25629,2402,2.0,1006751669
3764857,25629,2404,2.0,1006751693
3764858,25629,2423,3.0,1006750856
3764859,25629,2427,4.0,1006751571
3764860,25629,2455,3.0,1006752468
3764861,25629,2476,2.0,1006751571
3764862,25629,2571,4.0,1006751775
3764863,25629,2628,3.0,1006752374
3764864,25629,2640,2.0,1006752439
3764865,25629,2699,4.0,1006752496
3764866,25629,2762,4.0,1006751775
3764867,25629,2816,1.0,1006751719
3764868,25629,2817,1.0,1006751719
3764869,25629,2818,1.0,1006751719
3764870,25629,2841,4.0,1006752015
3764871,25629,2890,4.0,1006751461
3764872,25629,2916,3.0,1006752336
3764873,25629,2944,3.0,1006751325
3764874,25629,2985,3.0,1006752468
3764875,25629,3053,2.0,1006751546
3764876,25629,3175,4.0,1006752374
3764877,25629,3372,3.0,1006751625
3764878,25629,3448,4.0,1006751440
3764879,25629,3527,3.0,1006752374
3764880,25629,3699,3.0,1006752439
3764881,25629,3702,4.0,1006752407
3764882,25629,3703,3.0,1006752305
3764883,25629,3753,4.0,1006751517
3764884,25629,3767,2.0,1006751719
3764885,25629,3768,2.0,1006751693
3764886,25629,3836,4.0,1006751546
3764887,25629,3897,4.0,1006752164
3764888,25629,3994,4.0,1006752336
3764889,25629,4011,4.0,1006751915
3764890,25629,4123,1.0,1006750678
3764891,25629,4161,5.0,1006750814
3764892,25629,4207,2.0,1006751693
3764893,25629,4223,3.0,1006751593
3764894,25629,4226,4.0,1006752148
3764895,25629,4443,3.0,1006752468
3764896,25629,4475,4.0,1006751517
3764897,25629,4487,3.0,1006750678
3764898,25629,4826,3.0,1006751625
3764899,25630,10,3.0,839676855
3764900,25630,11,5.0,839677382
3764901,25630,21,4.0,839677169
3764902,25630,32,4.0,839677197
3764903,25630,34,5.0,839676981
3764904,25630,36,5.0,839677491
3764905,25630,39,4.0,839677169
3764906,25630,50,5.0,839677169
3764907,25630,110,2.0,839676944
3764908,25630,141,5.0,839677422
3764909,25630,144,5.0,839677577
3764910,25630,150,5.0,839676576
3764911,25630,165,4.0,839676670
3764912,25630,194,5.0,839677491
3764913,25630,208,3.0,839676855
3764914,25630,215,5.0,839677631
3764915,25630,224,5.0,839677491
3764916,25630,225,3.0,839677032
3764917,25630,235,3.0,839677422
3764918,25630,236,4.0,839677382
3764919,25630,246,5.0,839677491
3764920,25630,253,3.0,839676855
3764921,25630,281,4.0,839677787
3764922,25630,296,4.0,839676576
3764923,25630,317,3.0,839677169
3764924,25630,337,4.0,839677422
3764925,25630,356,4.0,839676944
3764926,25630,357,4.0,839677312
3764927,25630,364,3.0,839676980
3764928,25630,367,5.0,839677032
3764929,25630,377,5.0,839677032
3764930,25630,380,4.0,839676576
3764931,25630,432,3.0,839677255
3764932,25630,440,5.0,839677312
3764933,25630,448,5.0,839677631
3764934,25630,454,3.0,839676980
3764935,25630,457,4.0,839676782
3764936,25630,480,4.0,839676944
3764937,25630,500,5.0,839677197
3764938,25630,508,4.0,839677422
3764939,25630,539,5.0,839677312
3764940,25630,586,4.0,839677255
3764941,25630,587,4.0,839677255
3764942,25630,588,4.0,839676670
3764943,25630,589,3.0,839677032
3764944,25630,590,5.0,839676576
3764945,25630,592,3.0,839676576
3764946,25630,593,5.0,839676732
3764947,25630,595,3.0,839676732
3764948,25630,597,5.0,839677255
3764949,25631,110,3.0,1179176424
3764950,25631,150,5.0,1179176428
3764951,25631,260,3.0,1179176418
3764952,25631,318,5.0,1179176409
3764953,25631,356,2.5,1179176396
3764954,25631,457,5.0,1179176411
3764955,25631,480,4.0,1179176401
3764956,25631,590,5.0,1179176430
3764957,25631,592,3.0,1179176421
3764958,25631,593,5.0,1179176386
3764959,25631,653,4.0,1179175922
3764960,25631,780,4.0,1179176440
3764961,25631,969,4.5,1179175892
3764962,25631,1015,3.5,1179175819
3764963,25631,1173,1.5,1179175917
3764964,25631,1374,4.0,1179175902
3764965,25631,1801,4.0,1179175937
3764966,25631,2011,3.0,1179175872
3764967,25631,2012,3.0,1179175832
3764968,25631,2013,4.5,1179175860
3764969,25631,2054,3.0,1179175933
3764970,25631,2291,5.0,1179175879
3764971,25631,2797,4.5,1179175829
3764972,25631,2941,4.0,1179175942
3764973,25631,3260,3.5,1179175812
3764974,25631,3448,4.5,1179175822
3764975,25631,3791,3.5,1179175929
3764976,25631,4246,3.0,1179175914
3764977,25631,7153,5.0,1179175853
3764978,25632,1,3.5,1295819682
3764979,25632,3,3.0,1297893248
3764980,25632,16,4.0,1297892972
3764981,25632,19,3.5,1297892749
3764982,25632,21,4.0,1297892720
3764983,25632,34,3.0,1297892597
3764984,25632,39,4.0,1295827540
3764985,25632,47,3.5,1295817449
3764986,25632,50,4.0,1295819725
3764987,25632,65,3.0,1295739788
3764988,25632,110,3.5,1295819674
3764989,25632,141,3.5,1297892795
3764990,25632,144,4.0,1295739824
3764991,25632,160,3.0,1297893257
3764992,25632,163,3.0,1297893251
3764993,25632,165,3.5,1295820160
3764994,25632,170,3.5,1295825968
3764995,25632,231,3.5,1295820205
3764996,25632,293,3.5,1297892730
3764997,25632,296,3.5,1295819650
3764998,25632,318,4.5,1295815643
3764999,25632,339,3.5,1297892418
3765000,25632,344,3.5,1295820131
3765001,25632,356,4.5,1295819658
3765002,25632,357,4.0,1295817483
3765003,25632,364,2.5,1295820167
3765004,25632,367,3.5,1297892454
3765005,25632,368,3.5,1297892921
3765006,25632,372,4.0,1295823212
3765007,25632,379,0.5,1295739768
3765008,25632,380,3.0,1295819715
3765009,25632,381,4.0,1295739780
3765010,25632,440,3.5,1297892678
3765011,25632,474,4.0,1297893004
3765012,25632,477,4.5,1295739820
3765013,25632,480,1.5,1295819668
3765014,25632,500,3.0,1295820201
3765015,25632,539,3.0,1297892647
3765016,25632,555,3.0,1298311029
3765017,25632,586,3.5,1297892980
3765018,25632,587,3.5,1297892640
3765019,25632,597,4.0,1295820215
3765020,25632,608,3.5,1295820124
3765021,25632,648,2.5,1295820143
3765022,25632,662,3.5,1295825516
3765023,25632,708,4.0,1297892966
3765024,25632,733,3.5,1297892554
3765025,25632,778,4.0,1297892643
3765026,25632,780,1.5,1295819686
3765027,25632,788,3.0,1297892761
3765028,25632,804,3.0,1295827419
3765029,25632,832,3.0,1297893068
3765030,25632,858,3.5,1295826664
3765031,25632,920,3.5,1297893260
3765032,25632,1028,4.5,1297893191
3765033,25632,1079,3.0,1297892766
3765034,25632,1089,3.5,1297892906
3765035,25632,1090,3.5,1297893052
3765036,25632,1097,3.5,1297892289
3765037,25632,1183,2.5,1295817668
3765038,25632,1193,4.0,1297892464
3765039,25632,1197,3.5,1295826607
3765040,25632,1208,3.5,1297893206
3765041,25632,1220,4.0,1297893028
3765042,25632,1222,3.5,1297893058
3765043,25632,1225,4.0,1297892619
3765044,25632,1247,3.0,1297893011
3765045,25632,1252,3.0,1297893015
3765046,25632,1261,0.5,1295739687
3765047,25632,1265,4.0,1297892625
3765048,25632,1304,3.5,1297893180
3765049,25632,1380,4.0,1297893150
3765050,25632,1393,4.0,1297892362
3765051,25632,1485,3.5,1295818978
3765052,25632,1517,4.0,1297892403
3765053,25632,1544,1.5,1297893023
3765054,25632,1552,3.5,1297893199
3765055,25632,1573,3.5,1297892806
3765056,25632,1580,3.0,1297892693
3765057,25632,1593,3.5,1295826731
3765058,25632,1639,3.5,1297893154
3765059,25632,1644,1.5,1295739592
3765060,25632,1676,3.0,1297892669
3765061,25632,1680,4.5,1295739701
3765062,25632,1704,3.0,1295826655
3765063,25632,1721,2.0,1297892381
3765064,25632,1732,4.0,1297892878
3765065,25632,1777,4.0,1297892935
3765066,25632,1784,4.5,1297892612
3765067,25632,1917,2.0,1297892755
3765068,25632,1923,2.5,1297892422
3765069,25632,1954,4.0,1297892917
3765070,25632,2000,4.0,1297892737
3765071,25632,2001,3.5,1297892956
3765072,25632,2003,3.5,1297893230
3765073,25632,2028,3.0,1295826845
3765074,25632,2269,3.0,1295819021
3765075,25632,2291,4.0,1297892367
3765076,25632,2321,4.0,1295825503
3765077,25632,2324,3.0,1297892631
3765078,25632,2329,4.0,1297892377
3765079,25632,2353,3.5,1297892877
3765080,25632,2443,4.0,1295826763
3765081,25632,2502,3.5,1297892585
3765082,25632,2541,3.5,1295825800
3765083,25632,2542,4.0,1295817342
3765084,25632,2581,2.5,1295739683
3765085,25632,2599,4.5,1295817687
3765086,25632,2671,2.5,1297893225
3765087,25632,2683,3.0,1295826651
3765088,25632,2692,3.0,1297892569
3765089,25632,2700,4.0,1297892524
3765090,25632,2707,4.0,1295739677
3765091,25632,2762,3.5,1295820188
3765092,25632,2858,4.0,1295817673
3765093,25632,2959,3.0,1295826572
3765094,25632,2997,4.0,1295826678
3765095,25632,3033,3.0,1297893140
3765096,25632,3052,3.5,1297892787
3765097,25632,3114,3.5,1297892298
3765098,25632,3160,4.0,1295819549
3765099,25632,3186,3.0,1295827475
3765100,25632,3247,3.0,1295739708
3765101,25632,3253,3.5,1298311014
3765102,25632,3255,3.0,1298311025
3765103,25632,3317,3.5,1295817749
3765104,25632,3450,3.5,1295739755
3765105,25632,3481,3.5,1295743853
3765106,25632,3526,4.5,1295739792
3765107,25632,3535,3.5,1295825512
3765108,25632,3536,2.5,1295826891
3765109,25632,3554,4.0,1295745404
3765110,25632,3617,2.0,1295739697
3765111,25632,3755,3.5,1297893079
3765112,25632,3809,3.5,1295739752
3765113,25632,3825,2.0,1295749943
3765114,25632,3882,3.0,1295825958
3765115,25632,3897,3.5,1297892285
3765116,25632,3948,1.5,1297892519
3765117,25632,3949,3.5,1297892859
3765118,25632,3969,3.5,1295826767
3765119,25632,4011,4.0,1295817363
3765120,25632,4014,3.5,1295743585
3765121,25632,4018,3.0,1295744199
3765122,25632,4022,4.0,1297892562
3765123,25632,4027,3.5,1297892886
3765124,25632,4034,3.5,1297892271
3765125,25632,4054,3.0,1295744335
3765126,25632,4061,4.0,1295825494
3765127,25632,4069,2.0,1295749986
3765128,25632,4226,3.5,1297892263
3765129,25632,4246,4.0,1295745073
3765130,25632,4247,1.5,1295750042
3765131,25632,4262,3.5,1297893160
3765132,25632,4306,3.5,1297892281
3765133,25632,4370,3.0,1297893063
3765134,25632,4372,1.0,1295744328
3765135,25632,4447,3.5,1295744196
3765136,25632,4890,3.5,1295749977
3765137,25632,4901,4.0,1295817434
3765138,25632,4963,4.0,1295817426
3765139,25632,4995,2.0,1295743451
3765140,25632,5051,3.5,1295748285
3765141,25632,5218,3.5,1297892592
3765142,25632,5225,2.5,1295743431
3765143,25632,5296,2.5,1295750222
3765144,25632,5299,2.5,1295744716
3765145,25632,5377,4.0,1297892799
3765146,25632,5380,3.0,1295825500
3765147,25632,5418,3.0,1295826576
3765148,25632,5449,2.0,1295750004
3765149,25632,5618,3.0,1297890638
3765150,25632,5620,4.5,1295744729
3765151,25632,5664,3.5,1295745999
3765152,25632,5669,4.0,1297892507
3765153,25632,5810,2.5,1295827497
3765154,25632,5878,3.0,1295744066
3765155,25632,5989,3.5,1297892533
3765156,25632,5995,3.5,1297892810
3765157,25632,6016,3.0,1297892685
3765158,25632,6188,4.0,1297891339
3765159,25632,6192,4.0,1295819221
3765160,25632,6300,4.0,1295817284
3765161,25632,6322,3.5,1295826852
3765162,25632,6344,3.5,1295742978
3765163,25632,6373,2.5,1295744206
3765164,25632,6377,3.5,1297891087
3765165,25632,6539,3.0,1297892413
3765166,25632,6711,2.0,1295743913
3765167,25632,6753,3.0,1297891188
3765168,25632,6863,3.0,1297891395
3765169,25632,6874,3.0,1295826590
3765170,25632,6885,3.5,1295750255
3765171,25632,6942,4.5,1295743908
3765172,25632,6953,3.5,1295743000
3765173,25632,6957,4.5,1297891317
3765174,25632,7147,3.5,1295743493
3765175,25632,7149,3.5,1297891354
3765176,25632,7173,2.0,1295750028
3765177,25632,7293,1.5,1295744866
3765178,25632,7361,4.0,1295743822
3765179,25632,7444,4.0,1295750081
3765180,25632,7451,3.0,1297890573
3765181,25632,8117,3.5,1295817323
3765182,25632,8131,3.0,1295742991
3765183,25632,8464,3.5,1297891183
3765184,25632,8533,4.5,1295743963
3765185,25632,8622,3.0,1297893241
3765186,25632,8917,4.5,1297891383
3765187,25632,8948,2.0,1295750284
3765188,25632,8949,3.5,1295744036
3765189,25632,8958,4.5,1295817623
3765190,25632,8961,2.5,1295826602
3765191,25632,8969,3.0,1295750036
3765192,25632,26448,4.0,1295816249
3765193,25632,26528,3.5,1295816238
3765194,25632,30707,2.5,1297892697
3765195,25632,30749,3.0,1297892959
3765196,25632,32587,3.5,1295827468
3765197,25632,32770,4.0,1295819589
3765198,25632,33004,3.0,1297893130
3765199,25632,33166,3.5,1297892580
3765200,25632,34162,2.5,1295746105
3765201,25632,34437,2.5,1297891109
3765202,25632,36525,3.5,1295748664
3765203,25632,38061,3.0,1297890954
3765204,25632,39183,4.0,1295743501
3765205,25632,40819,3.5,1295744177
3765206,25632,41285,2.5,1295743925
3765207,25632,44004,2.0,1295750057
3765208,25632,44195,3.0,1297891013
3765209,25632,46578,4.5,1297890981
3765210,25632,46723,3.5,1295817417
3765211,25632,46976,3.0,1295744048
3765212,25632,47491,3.0,1295817151
3765213,25632,48385,3.5,1297893134
3765214,25632,48394,3.5,1297892472
3765215,25632,48516,3.0,1295826687
3765216,25632,48696,4.5,1295743900
3765217,25632,49286,3.0,1295826938
3765218,25632,50792,3.0,1295744873
3765219,25632,50842,2.5,1295817218
3765220,25632,50872,3.0,1297892459
3765221,25632,51705,3.5,1297891028
3765222,25632,52973,2.5,1295748673
3765223,25632,53129,3.5,1295817645
3765224,25632,53956,1.0,1297891266
3765225,25632,54004,1.0,1295750127
3765226,25632,54272,3.0,1297891368
3765227,25632,54503,2.5,1297892724
3765228,25632,55820,3.0,1297892433
3765229,25632,56367,2.5,1295826612
3765230,25632,56389,1.5,1295749732
3765231,25632,58379,3.0,1297891362
3765232,25632,59725,4.5,1295750153
3765233,25632,61240,2.5,1295743894
3765234,25632,61323,3.0,1297891289
3765235,25632,63082,2.5,1295744041
3765236,25632,63992,4.0,1295750181
3765237,25632,64032,3.0,1295825805
3765238,25632,64957,3.0,1295743569
3765239,25632,65130,3.0,1295749779
3765240,25632,66203,3.0,1295746005
3765241,25632,67788,2.5,1295750233
3765242,25632,68157,3.5,1295817441
3765243,25632,68237,3.5,1297893049
3765244,25632,68954,3.0,1297890960
3765245,25632,69122,3.5,1297891116
3765246,25632,69406,2.5,1295744723
3765247,25632,69757,3.5,1297891019
3765248,25632,71248,3.0,1295818902
3765249,25632,71466,3.0,1297890924
3765250,25632,72407,3.5,1295749970
3765251,25632,72479,3.0,1295743952
3765252,25632,74275,4.0,1295742719
3765253,25632,78039,4.0,1295815581
3765254,25632,79242,3.5,1295824643
3765255,25632,80463,3.0,1297892924
3765256,25632,80549,4.0,1298161451
3765257,25633,11,3.5,1147378442
3765258,25633,32,3.5,1147378610
3765259,25633,208,2.0,1147378603
3765260,25633,300,5.0,1147378601
3765261,25633,361,3.0,1147378751
3765262,25633,368,3.5,1147378483
3765263,25633,474,4.0,1147378460
3765264,25633,586,3.0,1147378598
3765265,25633,594,4.0,1147378506
3765266,25633,708,4.0,1147378512
3765267,25633,750,5.0,1147378501
3765268,25633,780,4.0,1147378595
3765269,25633,830,4.0,1147378734
3765270,25633,898,5.0,1147379021
3765271,25633,905,5.0,1147378935
3765272,25633,910,4.0,1147378947
3765273,25633,911,4.5,1147378909
3765274,25633,912,5.0,1147378876
3765275,25633,913,4.5,1147378914
3765276,25633,919,4.5,1147378940
3765277,25633,921,5.0,1147378728
3765278,25633,940,3.5,1147378853
3765279,25633,950,4.5,1147378981
3765280,25633,951,5.0,1147378725
3765281,25633,954,4.0,1147378722
3765282,25633,955,5.0,1147378720
3765283,25633,969,4.5,1147379000
3765284,25633,1101,4.0,1147378509
3765285,25633,1197,5.0,1147378590
3765286,25633,1207,5.0,1147378887
3765287,25633,1213,3.5,1147378457
3765288,25633,1220,3.0,1147378498
3765289,25633,1225,3.5,1147378495
3765290,25633,1240,4.0,1147378588
3765291,25633,1253,4.5,1147378702
3765292,25633,1303,5.0,1147378692
3765293,25633,1307,4.5,1147378469
3765294,25633,1617,4.5,1147378586
3765295,25633,1784,3.5,1147378451
3765296,25633,2396,5.0,1147378970
3765297,25633,2406,4.0,1147378646
3765298,25633,2424,3.5,1147378642
3765299,25633,2472,4.0,1147378656
3765300,25633,2571,3.0,1147378581
3765301,25633,2628,3.0,1147378579
3765302,25633,2683,2.5,1147378454
3765303,25633,2797,4.5,1147379004
3765304,25633,2890,3.5,1147378636
3765305,25633,3035,4.0,1147378830
3765306,25633,3114,3.5,1147378836
3765307,25633,3334,4.5,1147378965
3765308,25633,3359,4.0,1147378983
3765309,25633,3363,4.5,1147378907
3765310,25633,3405,4.0,1147379032
3765311,25633,3421,4.5,1147378632
3765312,25633,3469,5.0,1147378855
3765313,25633,3507,3.0,1147378842
3765314,25633,3634,4.5,1147378928
3765315,25633,3753,1.5,1147378625
3765316,25633,3801,5.0,1147378890
3765317,25633,3996,2.5,1147378480
3765318,25633,4085,4.0,1147378621
3765319,25633,4306,4.0,1147378466
3765320,25633,4322,4.5,1147378833
3765321,25633,4993,3.5,1147378463
3765322,25633,5008,5.0,1147378859
3765323,25633,5470,4.0,1147378918
3765324,25633,6636,5.0,1147379009
3765325,25633,6947,4.0,1147379024
3765326,25633,7058,4.0,1147378823
3765327,25633,7084,4.5,1147379002
3765328,25633,7091,4.5,1147378878
3765329,25633,7121,4.5,1147378905
3765330,25633,7132,5.0,1147378938
3765331,25633,7215,4.0,1147378978
3765332,25633,7311,4.0,1147378967
3765333,25633,7560,4.5,1147378952
3765334,25633,7584,4.0,1147378949
3765335,25633,7705,5.0,1147378930
3765336,25633,7834,4.0,1147378848
3765337,25633,8337,4.5,1147378902
3765338,25633,8623,4.0,1147378942
3765339,25633,8712,4.0,1147378826
3765340,25633,8961,4.5,1147378619
3765341,25634,29,5.0,940182766
3765342,25634,41,4.0,940181204
3765343,25634,46,1.0,940180773
3765344,25634,47,3.0,940180858
3765345,25634,50,5.0,940180799
3765346,25634,155,1.0,940193478
3765347,25634,165,2.0,940181204
3765348,25634,213,5.0,940180585
3765349,25634,260,4.0,940173779
3765350,25634,334,5.0,940180612
3765351,25634,356,2.0,940180694
3765352,25634,365,2.0,940193812
3765353,25634,423,2.0,940193753
3765354,25634,454,1.0,940193707
3765355,25634,508,3.0,940181021
3765356,25634,587,1.0,940182508
3765357,25634,719,3.0,940182766
3765358,25634,786,4.0,940193619
3765359,25634,802,2.0,940182864
3765360,25634,858,5.0,940173559
3765361,25634,869,3.0,940182766
3765362,25634,898,5.0,940181021
3765363,25634,1036,3.0,940181204
3765364,25634,1047,4.0,940266842
3765365,25634,1077,4.0,940173888
3765366,25634,1093,1.0,940180491
3765367,25634,1094,5.0,940182580
3765368,25634,1101,2.0,940235579
3765369,25634,1125,4.0,940173963
3765370,25634,1193,4.0,940173779
3765371,25634,1196,5.0,940185291
3765372,25634,1197,5.0,940183205
3765373,25634,1201,5.0,940266842
3765374,25634,1206,3.0,940173888
3765375,25634,1208,5.0,940173779
3765376,25634,1210,1.0,940185272
3765377,25634,1213,5.0,940266842
3765378,25634,1221,4.0,940173559
3765379,25634,1222,2.0,940180731
3765380,25634,1230,4.0,940173779
3765381,25634,1234,4.0,940173830
3765382,25634,1238,5.0,940183153
3765383,25634,1252,5.0,940173888
3765384,25634,1261,4.0,940183103
3765385,25634,1264,4.0,940235570
3765386,25634,1271,3.0,940180669
3765387,25634,1273,5.0,940183103
3765388,25634,1278,4.0,940173779
3765389,25634,1285,5.0,940183153
3765390,25634,1288,5.0,940183286
3765391,25634,1291,2.0,940194307
3765392,25634,1303,5.0,940173830
3765393,25634,1370,1.0,940181204
3765394,25634,1375,2.0,940194367
3765395,25634,1377,3.0,940185272
3765396,25634,1394,5.0,940183285
3765397,25634,1432,1.0,940193664
3765398,25634,1580,3.0,940182657
3765399,25634,1586,2.0,940182832
3765400,25634,1616,1.0,940193511
3765401,25634,1625,3.0,940182580
3765402,25634,1641,3.0,940180731
3765403,25634,1673,5.0,940180633
3765404,25634,1680,3.0,940180491
3765405,25634,1704,3.0,940266842
3765406,25634,1784,2.0,940266842
3765407,25634,1791,2.0,940193559
3765408,25634,1840,3.0,940182580
3765409,25634,1892,2.0,940180983
3765410,25634,1911,2.0,940193812
3765411,25634,1912,5.0,940180550
3765412,25634,1923,3.0,940173387
3765413,25634,1958,2.0,940181044
3765414,25634,1964,5.0,940173888
3765415,25634,1965,4.0,940183286
3765416,25634,1966,4.0,940193664
3765417,25634,1968,2.0,940183036
3765418,25634,2000,3.0,940183153
3765419,25634,2001,2.0,940183153
3765420,25634,2019,5.0,940180858
3765421,25634,2064,2.0,940183286
3765422,25634,2109,4.0,940173779
3765423,25634,2115,2.0,940194367
3765424,25634,2130,3.0,940182766
3765425,25634,2145,2.0,940183205
3765426,25634,2178,4.0,940173963
3765427,25634,2182,2.0,940185501
3765428,25634,2231,3.0,940181241
3765429,25634,2245,2.0,940183488
3765430,25634,2247,3.0,940183153
3765431,25634,2268,1.0,940266842
3765432,25634,2324,2.0,940266931
3765433,25634,2344,4.0,940193753
3765434,25634,2349,5.0,940183153
3765435,25634,2351,5.0,940180936
3765436,25634,2403,2.0,940194450
3765437,25634,2416,2.0,940182974
3765438,25634,2490,2.0,940173165
3765439,25634,2511,5.0,940266842
3765440,25634,2539,3.0,940173069
3765441,25634,2571,5.0,940172949
3765442,25634,2580,4.0,940173069
3765443,25634,2583,4.0,940173165
3765444,25634,2593,3.0,940173165
3765445,25634,2599,4.0,940172949
3765446,25634,2605,2.0,940196802
3765447,25634,2628,2.0,940173115
3765448,25634,2630,3.0,940173115
3765449,25634,2640,3.0,940173933
3765450,25634,2641,3.0,940194450
3765451,25634,2702,4.0,940173069
3765452,25634,2712,3.0,940173199
3765453,25634,2716,4.0,940182508
3765454,25634,2717,2.0,940182508
3765455,25634,2762,4.0,940172369
3765456,25634,2770,4.0,940172476
3765457,25634,2796,2.0,940183103
3765458,25634,2802,3.0,940194367
3765459,25634,2829,3.0,940172592
3765460,25634,2841,2.0,940172476
3765461,25634,2858,5.0,940172369
3765462,25634,2863,4.0,940181204
3765463,25634,2890,4.0,940172511
3765464,25634,2915,3.0,940183286
3765465,25634,2918,3.0,940183103
3765466,25634,2925,5.0,940173779
3765467,25634,2952,4.0,940181204
3765468,25634,2956,2.0,940194367
3765469,25634,2973,4.0,940183036
3765470,25635,1,4.0,863992455
3765471,25635,3,3.0,863992490
3765472,25635,6,3.0,863992490
3765473,25635,17,3.0,863992455
3765474,25635,36,3.0,863992490
3765475,25635,58,3.0,863992519
3765476,25635,62,4.0,863992455
3765477,25635,85,3.0,863993329
3765478,25635,86,3.0,863993155
3765479,25635,88,3.0,863993155
3765480,25635,104,3.0,863992519
3765481,25635,141,3.0,863992455
3765482,25635,260,4.0,863992490
3765483,25635,494,4.0,863992491
3765484,25635,608,4.0,863992490
3765485,25635,628,3.0,863992547
3765486,25635,640,2.0,863992622
3765487,25635,647,3.0,863992622
3765488,25635,733,4.0,863992490
3765489,25635,736,3.0,863992455
3765490,25635,765,3.0,863993156
3765491,25635,780,3.0,863992455
3765492,25635,785,3.0,863992622
3765493,25635,786,3.0,863992490
3765494,25635,788,3.0,863992519
3765495,25635,802,4.0,863992547
3765496,25635,805,4.0,863992547
3765497,25635,832,3.0,863992572
3765498,25635,852,3.0,863992572
3765499,25635,1073,3.0,863992490
3765500,25635,1210,3.0,863992547
3765501,25636,20,2.5,1221928763
3765502,25636,318,4.0,1221929430
3765503,25636,1378,3.0,1221928693
3765504,25636,1760,1.5,1221928901
3765505,25636,1772,4.0,1221928887
3765506,25636,1792,3.5,1221928790
3765507,25636,2643,3.5,1221928837
3765508,25636,3246,4.5,1221928788
3765509,25636,3273,0.5,1221928721
3765510,25636,3802,4.0,1221928987
3765511,25636,4011,4.5,1221931355
3765512,25636,4084,3.0,1221928809
3765513,25636,4673,2.5,1221928979
3765514,25636,5049,2.5,1221928830
3765515,25636,7367,3.0,1221928980
3765516,25636,8529,4.0,1221931587
3765517,25636,34048,4.0,1221928774
3765518,25636,44195,4.5,1221928814
3765519,25636,49530,4.0,1221931604
3765520,25636,53956,4.5,1221929378
3765521,25636,58559,4.5,1221929408
3765522,25637,1,5.0,1353632801
3765523,25637,28,3.0,1353633433
3765524,25637,110,5.0,1353632944
3765525,25637,150,4.5,1353635141
3765526,25637,260,5.0,1353633155
3765527,25637,262,3.0,1353632437
3765528,25637,318,5.0,1353632502
3765529,25637,364,4.5,1353633946
3765530,25637,480,4.0,1353637220
3765531,25637,502,3.5,1353632468
3765532,25637,524,5.0,1353636222
3765533,25637,586,4.0,1353636666
3765534,25637,588,5.0,1353632928
3765535,25637,594,4.0,1353637246
3765536,25637,595,4.5,1353633241
3765537,25637,616,3.5,1353632294
3765538,25637,648,4.0,1353636651
3765539,25637,709,4.5,1353632855
3765540,25637,780,4.0,1353637166
3765541,25637,899,4.5,1353636462
3765542,25637,914,4.0,1353635516
3765543,25637,919,3.5,1353633237
3765544,25637,923,4.5,1353633330
3765545,25637,930,3.5,1353633667
3765546,25637,934,3.5,1353632439
3765547,25637,953,5.0,1353633198
3765548,25637,954,5.0,1353632373
3765549,25637,955,4.0,1353636564
3765550,25637,1025,3.5,1353632387
3765551,25637,1028,4.0,1353635577
3765552,25637,1033,4.5,1353632866
3765553,25637,1035,4.5,1353635494
3765554,25637,1097,4.0,1353635738
3765555,25637,1101,4.0,1353637017
3765556,25637,1136,4.0,1353633215
3765557,25637,1196,5.0,1353633159
3765558,25637,1197,5.0,1353633136
3765559,25637,1198,5.0,1353636726
3765560,25637,1210,5.0,1353633161
3765561,25637,1214,4.0,1353633231
3765562,25637,1225,4.0,1353633245
3765563,25637,1240,4.0,1353635744
3765564,25637,1246,4.5,1353635262
3765565,25637,1247,1.5,1353633310
3765566,25637,1265,4.0,1353633983
3765567,25637,1270,4.0,1353632937
3765568,25637,1282,4.0,1353637208
3765569,25637,1283,3.0,1353633658
3765570,25637,1287,4.0,1353635461
3765571,25637,1291,5.0,1353636728
3765572,25637,1302,5.0,1353635273
3765573,25637,1367,4.0,1353632601
3765574,25637,1380,3.0,1353637187
3765575,25637,1411,3.5,1353634029
3765576,25637,1608,4.0,1353636208
3765577,25637,1707,2.5,1353636682
3765578,25637,1907,4.5,1353635379
3765579,25637,1917,4.0,1353636695
3765580,25637,1934,4.5,1353635250
3765581,25637,1945,4.0,1353632392
3765582,25637,1954,4.0,1353637083
3765583,25637,1982,3.5,1353636603
3765584,25637,2011,3.5,1353637102
3765585,25637,2012,4.5,1353637104
3765586,25637,2018,4.5,1353637154
3765587,25637,2028,4.0,1353633139
3765588,25637,2081,4.0,1353635415
3765589,25637,2085,4.0,1353632627
3765590,25637,2087,4.0,1353636973
3765591,25637,2096,4.0,1353632355
3765592,25637,2115,4.0,1353636722
3765593,25637,2141,4.0,1353632424
3765594,25637,2152,3.0,1353634370
3765595,25637,2355,4.0,1353632951
3765596,25637,2398,5.0,1353632410
3765597,25637,2421,4.0,1353632359
3765598,25637,2571,3.5,1353633126
3765599,25637,2640,4.5,1353636621
3765600,25637,2720,3.5,1353634410
3765601,25637,2761,4.0,1353635740
3765602,25637,2918,3.5,1353632965
3765603,25637,2936,4.0,1353633473
3765604,25637,2953,3.0,1353636669
3765605,25637,3114,5.0,1353632808
3765606,25637,3159,3.5,1353632451
3765607,25637,3462,4.5,1353633689
3765608,25637,3578,5.0,1353633739
3765609,25637,3751,4.0,1353635257
3765610,25637,3753,5.0,1353635960
3765611,25637,3916,4.5,1353635069
3765612,25637,3988,4.0,1353637034
3765613,25637,3996,4.5,1353635303
3765614,25637,4019,5.0,1353632375
3765615,25637,4226,4.5,1353726200
3765616,25637,4306,4.0,1353633995
3765617,25637,4406,4.0,1353633396
3765618,25637,4886,4.5,1353633132
3765619,25637,4896,4.0,1353635314
3765620,25637,4963,4.0,1353635233
3765621,25637,4993,5.0,1353633123
3765622,25637,5048,3.5,1353634658
3765623,25637,5064,4.0,1353635049
3765624,25637,5349,4.0,1353635159
3765625,25637,5482,3.0,1353634348
3765626,25637,5539,0.5,1353634521
3765627,25637,5816,3.5,1353636359
3765628,25637,5882,5.0,1353632819
3765629,25637,5952,5.0,1353637076
3765630,25637,6377,4.5,1353633107
3765631,25637,6539,4.5,1353636784
3765632,25637,6566,3.5,1353634342
3765633,25637,6753,5.0,1353636002
3765634,25637,7153,5.0,1353633281
3765635,25637,7386,4.0,1353637280
3765636,25637,8368,3.5,1353636381
3765637,25637,8636,4.0,1353635131
3765638,25637,8961,4.5,1353633090
3765639,25637,8970,4.0,1353635116
3765640,25637,26528,3.5,1353635611
3765641,25637,33681,1.0,1353634320
3765642,25637,33794,5.0,1353632939
3765643,25637,40815,3.5,1353635094
3765644,25637,41566,3.5,1353636938
3765645,25637,44191,5.0,1353635151
3765646,25637,45722,4.0,1353636771
3765647,25637,46530,4.0,1353636636
3765648,25637,46972,4.0,1353636584
3765649,25637,48780,5.0,1353633134
3765650,25637,49272,4.5,1353635178
3765651,25637,50872,4.0,1353635167
3765652,25637,52722,4.0,1353637118
3765653,25637,53125,4.0,1353636768
3765654,25637,53996,1.0,1353637007
3765655,25637,54001,3.5,1353636256
3765656,25637,54290,0.5,1353634163
3765657,25637,54997,5.0,1353635210
3765658,25637,58559,5.0,1353632947
3765659,25637,59315,4.5,1353636142
3765660,25637,59369,3.5,1353635228
3765661,25637,59501,3.5,1353636946
3765662,25637,59784,3.5,1353635193
3765663,25637,60069,4.5,1353633165
3765664,25637,63540,3.0,1353634263
3765665,25637,68358,3.0,1353633956
3765666,25637,68793,3.5,1353636587
3765667,25637,68954,5.0,1353633190
3765668,25637,69122,1.5,1353635337
3765669,25637,69844,4.0,1353636274
3765670,25637,73042,1.0,1353634450
3765671,25637,74698,4.0,1353634550
3765672,25637,76093,4.5,1353633213
3765673,25637,77561,3.5,1353636132
3765674,25637,78499,5.0,1353632807
3765675,25637,79091,4.0,1353635620
3765676,25637,79132,5.0,1353633096
3765677,25637,81834,3.5,1353635470
3765678,25637,81845,4.5,1353633200
3765679,25637,81847,4.0,1353633997
3765680,25637,82169,4.0,1353636949
3765681,25637,83219,4.0,1353636085
3765682,25637,86332,4.0,1353636165
3765683,25637,86880,2.0,1353636766
3765684,25637,88125,3.5,1353635324
3765685,25637,88140,4.5,1353636190
3765686,25637,89745,4.0,1353635735
3765687,25637,90866,4.0,1353635126
3765688,25637,91500,3.0,1353635278
3765689,25637,91529,4.5,1353633410
3765690,25637,91976,3.5,1353636711
3765691,25638,10,4.0,836755621
3765692,25638,16,4.0,836760678
3765693,25638,19,3.0,836755660
3765694,25638,20,3.0,836761309
3765695,25638,22,4.0,836760670
3765696,25638,23,4.0,836761158
3765697,25638,31,3.0,836760550
3765698,25638,39,4.0,836755674
3765699,25638,44,3.0,836760522
3765700,25638,47,5.0,836755643
3765701,25638,50,5.0,836755377
3765702,25638,69,3.0,836767934
3765703,25638,71,3.0,836767740
3765704,25638,110,5.0,836755643
3765705,25638,111,3.0,836755698
3765706,25638,122,5.0,836761158
3765707,25638,141,4.0,836755787
3765708,25638,145,4.0,836760943
3765709,25638,147,5.0,836761686
3765710,25638,150,3.0,836755254
3765711,25638,153,3.0,836755285
3765712,25638,155,2.0,836767854
3765713,25638,159,3.0,836761647
3765714,25638,160,3.0,836755698
3765715,25638,161,4.0,836755603
3765716,25638,165,4.0,836755283
3765717,25638,168,4.0,836760522
3765718,25638,172,2.0,836755787
3765719,25638,173,3.0,836755718
3765720,25638,174,2.0,836761227
3765721,25638,177,3.0,836761321
3765722,25638,185,3.0,836755621
3765723,25638,193,5.0,836760562
3765724,25638,196,4.0,836755764
3765725,25638,198,4.0,836761158
3765726,25638,208,3.0,836755621
3765727,25638,223,5.0,836760562
3765728,25638,225,4.0,836755643
3765729,25638,227,4.0,836760660
3765730,25638,231,4.0,836755435
3765731,25638,240,3.0,836767904
3765732,25638,253,4.0,836755622
3765733,25638,256,4.0,836760504
3765734,25638,257,5.0,836760974
3765735,25638,259,4.0,836761511
3765736,25638,261,3.0,836760491
3765737,25638,275,2.0,836761674
3765738,25638,276,3.0,836760606
3765739,25638,282,2.0,836755718
3765740,25638,288,4.0,836755621
3765741,25638,290,4.0,836767593
3765742,25638,292,4.0,836755603
3765743,25638,293,4.0,836755775
3765744,25638,296,5.0,836755256
3765745,25638,300,3.0,836755643
3765746,25638,305,3.0,836760974
3765747,25638,315,4.0,836755718
3765748,25638,316,4.0,836755435
3765749,25638,318,5.0,836755435
3765750,25638,327,2.0,836761072
3765751,25638,328,4.0,836761217
3765752,25638,339,3.0,836755603
3765753,25638,344,4.0,836755285
3765754,25638,345,3.0,836761309
3765755,25638,349,4.0,836755284
3765756,25638,350,3.0,836755775
3765757,25638,352,3.0,836767740
3765758,25638,353,5.0,836760660
3765759,25638,356,5.0,836755698
3765760,25638,357,4.0,836760522
3765761,25638,358,4.0,836767996
3765762,25638,360,3.0,836767740
3765763,25638,366,3.0,836761659
3765764,25638,367,3.0,836755698
3765765,25638,368,4.0,836760959
3765766,25638,370,3.0,836767421
3765767,25638,372,4.0,836761321
3765768,25638,373,4.0,836767768
3765769,25638,374,3.0,836761339
3765770,25638,377,5.0,836755764
3765771,25638,378,3.0,836767710
3765772,25638,380,4.0,836755257
3765773,25638,382,4.0,836761659
3765774,25638,384,3.0,836768105
3765775,25638,415,3.0,836761291
3765776,25638,416,3.0,836761321
3765777,25638,420,3.0,836755660
3765778,25638,422,4.0,836768045
3765779,25638,434,4.0,836755585
3765780,25638,435,3.0,836755698
3765781,25638,442,3.0,836760522
3765782,25638,443,5.0,836768063
3765783,25638,445,3.0,836767934
3765784,25638,448,4.0,836767876
3765785,25638,454,4.0,836755674
3765786,25638,457,4.0,836755603
3765787,25638,464,3.0,836767658
3765788,25638,466,3.0,836761144
3765789,25638,470,3.0,836768139
3765790,25638,474,4.0,836760670
3765791,25638,475,4.0,836761234
3765792,25638,480,5.0,836755718
3765793,25638,481,5.0,836767658
3765794,25638,482,5.0,836767854
3765795,25638,485,3.0,836761123
3765796,25638,493,3.0,836767934
3765797,25638,500,4.0,836760504
3765798,25638,508,5.0,836760934
3765799,25638,510,2.0,836768105
3765800,25638,514,2.0,836761291
3765801,25638,520,2.0,836761158
3765802,25638,521,4.0,836767840
3765803,25638,527,5.0,836755377
3765804,25638,538,3.0,836767641
3765805,25638,539,3.0,836760539
3765806,25638,540,3.0,836761241
3765807,25638,542,3.0,836767641
3765808,25638,544,5.0,836767826
3765809,25638,548,4.0,836767641
3765810,25638,555,5.0,836760539
3765811,25638,586,3.0,836760550
3765812,25638,587,5.0,836760539
3765813,25638,589,5.0,836755734
3765814,25638,592,4.0,836755253
3765815,25638,593,5.0,836755603
3765816,25638,597,5.0,836760539
3765817,25638,648,4.0,836761072
3765818,25639,1,4.5,1212967627
3765819,25639,6,4.5,1213406310
3765820,25639,7,3.5,1269110282
3765821,25639,10,4.0,1213406123
3765822,25639,11,4.5,1212972291
3765823,25639,16,4.0,1269110190
3765824,25639,19,2.5,1269110128
3765825,25639,21,4.0,1213406207
3765826,25639,24,2.5,1212966881
3765827,25639,25,2.0,1213406269
3765828,25639,31,3.5,1212966837
3765829,25639,32,4.0,1212967505
3765830,25639,39,4.0,1213406477
3765831,25639,47,3.5,1212967467
3765832,25639,48,3.0,1315324846
3765833,25639,50,5.0,1212966956
3765834,25639,58,3.5,1269110421
3765835,25639,62,4.5,1216275553
3765836,25639,70,3.0,1269110451
3765837,25639,95,3.5,1213406490
3765838,25639,100,3.0,1213386853
3765839,25639,104,3.5,1315324795
3765840,25639,110,2.5,1212967569
3765841,25639,125,3.0,1212967683
3765842,25639,141,4.0,1213406169
3765843,25639,145,3.5,1269110465
3765844,25639,150,3.5,1212967745
3765845,25639,153,3.0,1213406420
3765846,25639,158,3.0,1269110393
3765847,25639,160,3.0,1269110272
3765848,25639,161,4.5,1213406219
3765849,25639,165,4.5,1213405623
3765850,25639,168,3.5,1269110433
3765851,25639,172,1.0,1269110384
3765852,25639,173,2.5,1213421886
3765853,25639,185,3.5,1213406466
3765854,25639,186,3.0,1269110448
3765855,25639,196,3.5,1269110397
3765856,25639,204,2.5,1212966849
3765857,25639,208,3.5,1213406120
3765858,25639,223,3.0,1343621577
3765859,25639,225,3.5,1269110352
3765860,25639,230,3.5,1212972442
3765861,25639,231,2.5,1213405952
3765862,25639,236,3.5,1269110411
3765863,25639,253,4.0,1212972285
3765864,25639,260,5.0,1212966995
3765865,25639,266,3.5,1269110205
3765866,25639,280,4.0,1269108558
3765867,25639,282,3.5,1212972494
3765868,25639,292,4.0,1213406022
3765869,25639,293,3.5,1212967447
3765870,25639,296,4.5,1212967434
3765871,25639,316,3.5,1212971995
3765872,25639,318,5.0,1212966947
3765873,25639,319,3.5,1343621516
3765874,25639,322,4.0,1269108470
3765875,25639,329,4.0,1212971983
3765876,25639,337,2.5,1212967676
3765877,25639,339,4.0,1213406501
3765878,25639,344,3.5,1213406433
3765879,25639,349,4.0,1213405876
3765880,25639,350,3.5,1269110226
3765881,25639,353,2.5,1269108971
3765882,25639,356,5.0,1212967639
3765883,25639,364,4.0,1213405885
3765884,25639,367,3.5,1213405903
3765885,25639,368,3.5,1269108747
3765886,25639,370,3.5,1315324831
3765887,25639,372,3.5,1212966883
3765888,25639,373,3.0,1212967703
3765889,25639,377,4.0,1212973840
3765890,25639,380,4.0,1213406390
3765891,25639,410,3.0,1269110156
3765892,25639,420,2.5,1269110251
3765893,25639,431,2.0,1212966856
3765894,25639,432,3.0,1269110336
3765895,25639,434,4.0,1213406117
3765896,25639,440,4.5,1269108674
3765897,25639,442,3.5,1269110162
3765898,25639,454,3.5,1213406216
3765899,25639,457,4.5,1212967590
3765900,25639,466,3.0,1269110306
3765901,25639,474,4.0,1212967760
3765902,25639,480,5.0,1212971314
3765903,25639,485,3.0,1269110371
3765904,25639,491,3.5,1212972323
3765905,25639,494,3.5,1269110311
3765906,25639,500,4.0,1212972476
3765907,25639,508,3.5,1212967719
3765908,25639,520,3.0,1269110299
3765909,25639,539,3.5,1213405533
3765910,25639,541,2.5,1218379538
3765911,25639,543,3.5,1269110389
3765912,25639,553,3.5,1212967728
3765913,25639,555,4.0,1269108296
3765914,25639,586,3.0,1213406246
3765915,25639,587,4.0,1212972316
3765916,25639,588,3.5,1213406450
3765917,25639,589,5.0,1212967428
3765918,25639,590,3.5,1212972262
3765919,25639,592,4.5,1212972552
3765920,25639,593,4.0,1212967471
3765921,25639,594,3.0,1315324800
3765922,25639,597,3.5,1213406193
3765923,25639,608,3.5,1213406404
3765924,25639,628,4.5,1212967594
3765925,25639,647,4.5,1269108777
3765926,25639,648,4.5,1213405880
3765927,25639,653,3.5,1269110255
3765928,25639,678,4.0,1269108094
3765929,25639,707,3.0,1212972481
3765930,25639,708,3.5,1269110216
3765931,25639,719,4.0,1212966870
3765932,25639,733,4.5,1213405974
3765933,25639,736,3.0,1212974968
3765934,25639,780,4.0,1212973769
3765935,25639,784,3.0,1269110276
3765936,25639,786,3.0,1269110170
3765937,25639,788,2.5,1269110144
3765938,25639,805,3.5,1269108597
3765939,25639,832,4.0,1269110270
3765940,25639,852,3.5,1212972505
3765941,25639,858,3.5,1212966963
3765942,25639,912,2.5,1212967002
3765943,25639,919,3.5,1269110112
3765944,25639,924,3.0,1212971935
3765945,25639,969,4.5,1271863545
3765946,25639,996,2.0,1222145592
3765947,25639,1029,2.5,1212966861
3765948,25639,1036,4.5,1212967792
3765949,25639,1047,4.0,1212972320
3765950,25639,1061,4.0,1212967698
3765951,25639,1073,3.5,1213405762
3765952,25639,1079,3.5,1212967942
3765953,25639,1080,4.0,1269110148
3765954,25639,1089,4.0,1212967449
3765955,25639,1090,3.5,1212967856
3765956,25639,1095,3.5,1367187665
3765957,25639,1097,4.5,1212971906
3765958,25639,1101,3.5,1212973423
3765959,25639,1120,3.5,1212966845
3765960,25639,1124,3.5,1212973369
3765961,25639,1127,4.5,1315324814
3765962,25639,1136,4.0,1212966990
3765963,25639,1147,3.5,1212967443
3765964,25639,1179,3.5,1212972420
3765965,25639,1189,1.5,1216275041
3765966,25639,1193,4.5,1212966986
3765967,25639,1196,5.0,1212967821
3765968,25639,1197,5.0,1212967850
3765969,25639,1198,5.0,1212966983
3765970,25639,1200,4.5,1212967873
3765971,25639,1201,3.5,1212971788
3765972,25639,1203,4.0,1212966824
3765973,25639,1206,3.5,1269110117
3765974,25639,1208,2.5,1212972342
3765975,25639,1210,4.5,1212967790
3765976,25639,1213,4.0,1212967437
3765977,25639,1214,4.0,1212971900
3765978,25639,1219,3.5,1269110181
3765979,25639,1220,4.0,1212967984
3765980,25639,1221,3.5,1212966959
3765981,25639,1222,3.0,1212967824
3765982,25639,1225,3.0,1212967863
3765983,25639,1234,4.5,1212971806
3765984,25639,1240,4.5,1212967808
3765985,25639,1242,3.0,1212967841
3765986,25639,1246,3.5,1212967918
3765987,25639,1247,3.5,1213422188
3765988,25639,1249,3.5,1212966841
3765989,25639,1257,4.0,1212967816
3765990,25639,1258,4.0,1212967852
3765991,25639,1259,4.0,1212967872
3765992,25639,1265,4.5,1212967643
3765993,25639,1266,3.5,1212967487
3765994,25639,1270,4.5,1212967810
3765995,25639,1271,4.5,1212972264
3765996,25639,1275,5.0,1212971313
3765997,25639,1276,4.0,1212971816
3765998,25639,1278,4.0,1212973963
3765999,25639,1285,3.5,1212967951
3766000,25639,1288,4.5,1269110261
3766001,25639,1290,4.5,1360876040
3766002,25639,1291,5.0,1212967787
3766003,25639,1297,4.0,1212973383
3766004,25639,1302,4.0,1212972253
3766005,25639,1304,4.5,1269110243
3766006,25639,1307,3.5,1212967993
3766007,25639,1320,2.5,1269110358
3766008,25639,1339,3.0,1212966829
3766009,25639,1343,3.5,1212966833
3766010,25639,1347,3.5,1212973597
3766011,25639,1356,5.0,1212971326
3766012,25639,1358,4.0,1269108222
3766013,25639,1370,4.0,1213405620
3766014,25639,1372,3.5,1212971979
3766015,25639,1374,5.0,1212971284
3766016,25639,1375,4.5,1367188083
3766017,25639,1376,5.0,1212973521
3766018,25639,1377,4.0,1213420641
3766019,25639,1380,3.0,1269110234
3766020,25639,1387,4.5,1212973978
3766021,25639,1391,3.0,1269110213
3766022,25639,1393,4.0,1213406244
3766023,25639,1396,4.5,1251564383
3766024,25639,1407,3.5,1269110199
3766025,25639,1485,4.5,1269110194
3766026,25639,1500,4.5,1212967659
3766027,25639,1517,4.0,1213406080
3766028,25639,1527,3.5,1213405630
3766029,25639,1544,3.5,1315324840
3766030,25639,1552,3.0,1269110333
3766031,25639,1562,3.0,1213420686
3766032,25639,1573,3.5,1216275477
3766033,25639,1580,4.5,1212971735
3766034,25639,1584,5.0,1212971916
3766035,25639,1587,4.0,1213421862
3766036,25639,1589,4.0,1212972456
3766037,25639,1608,4.5,1218379724
3766038,25639,1610,4.5,1212967618
3766039,25639,1615,4.5,1269108754
3766040,25639,1617,3.5,1212967461
3766041,25639,1620,3.5,1212974949
3766042,25639,1625,4.0,1212967650
3766043,25639,1639,3.0,1269108709
3766044,25639,1653,4.5,1212967693
3766045,25639,1663,4.0,1212973334
3766046,25639,1672,3.5,1269108608
3766047,25639,1673,4.0,1212972395
3766048,25639,1674,4.0,1212967936
3766049,25639,1680,3.0,1269108789
3766050,25639,1682,3.5,1212967667
3766051,25639,1687,3.5,1213405653
3766052,25639,1690,3.5,1212971951
3766053,25639,1693,4.0,1212972276
3766054,25639,1704,2.5,1212967493
3766055,25639,1721,4.0,1212972508
3766056,25639,1722,3.5,1269110479
3766057,25639,1732,4.0,1269110192
3766058,25639,1754,3.5,1269108683
3766059,25639,1784,4.0,1212967756
3766060,25639,1792,3.5,1368510086
3766061,25639,1799,3.0,1212967751
3766062,25639,1801,3.0,1379759541
3766063,25639,1805,3.0,1212972517
3766064,25639,1831,3.0,1212972002
3766065,25639,1876,4.0,1212971955
3766066,25639,1894,3.5,1218379737
3766067,25639,1912,4.5,1212966874
3766068,25639,1917,4.0,1212971946
3766069,25639,1923,4.0,1213405768
3766070,25639,1954,4.0,1212974018
3766071,25639,1955,3.5,1212974008
3766072,25639,1961,4.5,1213422178
3766073,25639,1962,4.0,1212968001
3766074,25639,1968,3.0,1212967965
3766075,25639,1994,4.5,1212973443
3766076,25639,2000,4.0,1212967969
3766077,25639,2001,4.5,1212973494
3766078,25639,2002,4.0,1343621619
3766079,25639,2005,3.0,1212973440
3766080,25639,2011,3.5,1212973536
3766081,25639,2012,3.5,1213406101
3766082,25639,2023,3.5,1212972447
3766083,25639,2028,4.0,1212967511
3766084,25639,2058,4.0,1269108654
3766085,25639,2100,3.5,1269110474
3766086,25639,2109,4.0,1212974040
3766087,25639,2115,4.0,1212971287
3766088,25639,2134,3.0,1269108732
3766089,25639,2150,3.5,1212973555
3766090,25639,2167,3.5,1213421852
3766091,25639,2174,3.5,1212973542
3766092,25639,2194,5.0,1212967889
3766093,25639,2231,3.5,1212967598
3766094,25639,2232,3.5,1269108694
3766095,25639,2240,4.0,1212973601
3766096,25639,2243,2.5,1213386819
3766097,25639,2248,3.0,1212967904
3766098,25639,2267,4.0,1213405714
3766099,25639,2268,5.0,1212967636
3766100,25639,2273,4.0,1269108781
3766101,25639,2278,4.0,1269108689
3766102,25639,2301,3.5,1216274781
3766103,25639,2302,4.0,1269108727
3766104,25639,2321,3.5,1269108750
3766105,25639,2329,4.5,1212967430
3766106,25639,2352,2.5,1212973435
3766107,25639,2353,3.5,1269108646
3766108,25639,2371,5.0,1212973488
3766109,25639,2391,3.0,1212972410
3766110,25639,2393,3.5,1212971987
3766111,25639,2401,3.5,1269108289
3766112,25639,2403,4.0,1212973447
3766113,25639,2406,4.0,1212973540
3766114,25639,2407,4.0,1269108974
3766115,25639,2409,4.5,1212972499
3766116,25639,2423,3.5,1212973465
3766117,25639,2455,4.0,1269108990
3766118,25639,2457,4.0,1212973559
3766119,25639,2501,3.5,1212967610
3766120,25639,2502,4.5,1212967508
3766121,25639,2529,4.0,1212974930
3766122,25639,2542,3.0,1212967475
3766123,25639,2571,5.0,1212967463
3766124,25639,2580,4.0,1212967733
3766125,25639,2599,3.0,1269110315
3766126,25639,2617,3.5,1315324807
3766127,25639,2618,3.5,1343621639
3766128,25639,2628,2.0,1222145381
3766129,25639,2640,4.0,1212973628
3766130,25639,2641,4.0,1213420655
3766131,25639,2642,3.0,1213420677
3766132,25639,2643,2.5,1213421802
3766133,25639,2657,3.5,1269110367
3766134,25639,2671,4.0,1269108955
3766135,25639,2683,3.5,1213406048
3766136,25639,2706,4.0,1213405933
3766137,25639,2707,3.5,1213386787
3766138,25639,2710,3.0,1213406178
3766139,25639,2712,2.5,1269110291
3766140,25639,2716,4.5,1212967818
3766141,25639,2723,3.5,1213420647
3766142,25639,2739,3.5,1212973315
3766143,25639,2762,4.5,1212967423
3766144,25639,2763,3.5,1269108807
3766145,25639,2788,4.0,1212973919
3766146,25639,2791,3.5,1212967986
3766147,25639,2795,3.5,1212967962
3766148,25639,2797,4.5,1212973362
3766149,25639,2804,4.0,1212972588
3766150,25639,2858,4.5,1212967458
3766151,25639,2867,3.5,1212973593
3766152,25639,2872,4.0,1212973515
3766153,25639,2890,4.0,1269110460
3766154,25639,2906,2.0,1218379741
3766155,25639,2915,4.0,1212973505
3766156,25639,2916,3.5,1212968163
3766157,25639,2918,4.0,1212967799
3766158,25639,2947,4.0,1251579324
3766159,25639,2959,4.5,1212966951
3766160,25639,2961,3.0,1213405730
3766161,25639,2968,3.5,1212966885
3766162,25639,2985,4.0,1218379794
3766163,25639,2987,3.5,1212973563
3766164,25639,2997,3.5,1212972219
3766165,25639,3006,1.0,1212966865
3766166,25639,3033,4.0,1212971926
3766167,25639,3039,4.0,1212967980
3766168,25639,3044,4.0,1212971310
3766169,25639,3068,4.0,1212972364
3766170,25639,3071,4.0,1212967978
3766171,25639,3087,3.0,1212973534
3766172,25639,3098,4.0,1212967913
3766173,25639,3100,3.0,1212972268
3766174,25639,3101,4.0,1212973528
3766175,25639,3104,4.0,1212967921
3766176,25639,3105,4.0,1212972233
3766177,25639,3107,4.0,1269108678
3766178,25639,3114,3.5,1212967670
3766179,25639,3147,3.5,1212967426
3766180,25639,3175,4.5,1212971914
3766181,25639,3176,3.5,1216275652
3766182,25639,3178,4.5,1343621511
3766183,25639,3203,3.5,1269108700
3766184,25639,3210,4.0,1212968002
3766185,25639,3246,3.5,1212967573
3766186,25639,3250,4.5,1269108738
3766187,25639,3252,4.0,1212967723
3766188,25639,3253,4.0,1269108767
3766189,25639,3255,4.0,1213405526
3766190,25639,3256,3.5,1212966876
3766191,25639,3258,3.0,1213405617
3766192,25639,3270,4.0,1212972307
3766193,25639,3273,3.5,1417447531
3766194,25639,3275,3.0,1212974615
3766195,25639,3285,3.5,1318256988
3766196,25639,3298,3.5,1269108761
3766197,25639,3301,3.5,1213405725
3766198,25639,3354,2.5,1417447522
3766199,25639,3360,4.0,1212967901
3766200,25639,3361,4.0,1269108483
3766201,25639,3362,4.0,1212973913
3766202,25639,3363,4.0,1212973987
3766203,25639,3386,4.0,1367187454
3766204,25639,3394,0.5,1213405610
3766205,25639,3408,4.0,1212972280
3766206,25639,3418,3.5,1269110456
3766207,25639,3448,3.5,1212973364
3766208,25639,3471,3.5,1216275535
3766209,25639,3479,4.0,1212972296
3766210,25639,3481,4.0,1212967364
3766211,25639,3498,4.0,1212973957
3766212,25639,3499,4.0,1212967646
3766213,25639,3505,4.5,1212967944
3766214,25639,3508,4.0,1212973925
3766215,25639,3510,5.0,1212972278
3766216,25639,3525,3.5,1213405540
3766217,25639,3526,4.0,1212973458
3766218,25639,3527,4.0,1212973373
3766219,25639,3536,3.0,1269108829
3766220,25639,3551,4.0,1212973946
3766221,25639,3552,4.0,1212972641
3766222,25639,3578,4.5,1212972221
3766223,25639,3623,4.0,1213406053
3766224,25639,3635,4.0,1212971319
3766225,25639,3638,3.5,1212971959
3766226,25639,3671,5.0,1212973980
3766227,25639,3682,4.0,1212974027
3766228,25639,3699,4.0,1212973570
3766229,25639,3702,3.5,1367188068
3766230,25639,3717,3.5,1417447491
3766231,25639,3753,3.5,1212972329
3766232,25639,3755,4.0,1212972502
3766233,25639,3763,4.0,1212973553
3766234,25639,3784,3.0,1213405657
3766235,25639,3785,2.5,1417447476
3766236,25639,3793,5.0,1212971321
3766237,25639,3798,3.5,1218379730
3766238,25639,3827,4.0,1212971969
3766239,25639,3841,3.5,1368510096
3766240,25639,3868,4.0,1212973403
3766241,25639,3897,4.0,1212967360
3766242,25639,3916,5.0,1212972246
3766243,25639,3948,3.5,1213406274
3766244,25639,3949,1.5,1212967174
3766245,25639,3969,3.5,1212972497
3766246,25639,3977,2.5,1213405985
3766247,25639,3980,4.0,1269108545
3766248,25639,3994,4.0,1212974933
3766249,25639,3996,2.5,1212967266
3766250,25639,4008,4.0,1212972435
3766251,25639,4011,3.0,1212967203
3766252,25639,4018,3.5,1417447478
3766253,25639,4019,4.0,1269108520
3766254,25639,4022,4.0,1212972294
3766255,25639,4025,3.5,1212972472
3766256,25639,4027,3.5,1212967383
3766257,25639,4034,4.0,1213405758
3766258,25639,4041,4.0,1212973497
3766259,25639,4066,3.5,1269108723
3766260,25639,4069,3.0,1218379547
3766261,25639,4085,4.0,1212971281
3766262,25639,4102,4.0,1212973356
3766263,25639,4103,3.0,1212967926
3766264,25639,4128,4.0,1212973456
3766265,25639,4148,4.0,1269109406
3766266,25639,4220,4.0,1212974046
3766267,25639,4226,5.0,1212966944
3766268,25639,4238,3.5,1269109314
3766269,25639,4239,4.0,1417447515
3766270,25639,4246,4.0,1212972303
3766271,25639,4262,2.5,1212972207
3766272,25639,4270,3.0,1417447508
3766273,25639,4279,3.5,1269108367
3766274,25639,4299,5.0,1307624305
3766275,25639,4306,4.5,1212971274
3766276,25639,4310,3.0,1212972536
3766277,25639,4321,4.0,1269108758
3766278,25639,4322,4.0,1213386807
3766279,25639,4326,4.5,1212967867
3766280,25639,4332,4.0,1212973461
3766281,25639,4344,3.5,1417447557
3766282,25639,4370,4.0,1269109300
3766283,25639,4372,2.5,1269109365
3766284,25639,4447,3.5,1417447469
3766285,25639,4448,4.0,1269108788
3766286,25639,4465,3.5,1212967896
3766287,25639,4478,3.5,1212973550
3766288,25639,4489,4.0,1212973477
3766289,25639,4498,3.5,1377464050
3766290,25639,4499,4.0,1269108640
3766291,25639,4523,2.5,1212973379
3766292,25639,4543,4.0,1269108576
3766293,25639,4557,4.0,1212973450
3766294,25639,4571,4.5,1212973576
3766295,25639,4588,3.0,1213386660
3766296,25639,4589,4.0,1213386658
3766297,25639,4616,4.5,1212967948
3766298,25639,4623,4.0,1212973399
3766299,25639,4678,4.0,1212973573
3766300,25639,4701,3.5,1417447548
3766301,25639,4718,3.0,1269109325
3766302,25639,4720,4.0,1212968149
3766303,25639,4776,4.0,1417447503
3766304,25639,4787,3.5,1269108629
3766305,25639,4816,3.5,1417447514
3766306,25639,4844,4.0,1213405604
3766307,25639,4848,3.0,1212972389
3766308,25639,4855,4.0,1212973967
3766309,25639,4874,4.0,1269109279
3766310,25639,4878,3.0,1212967161
3766311,25639,4886,3.5,1212973738
3766312,25639,4889,4.0,1269109285
3766313,25639,4896,3.5,1213405910
3766314,25639,4901,4.0,1343621504
3766315,25639,4945,4.0,1212974023
3766316,25639,4958,3.5,1269109340
3766317,25639,4963,4.5,1212973732
3766318,25639,4975,5.0,1212972510
3766319,25639,4993,4.5,1212966967
3766320,25639,4995,4.0,1212975042
3766321,25639,5009,2.5,1269109309
3766322,25639,5010,3.0,1212972259
3766323,25639,5014,4.0,1269109245
3766324,25639,5015,2.0,1417447551
3766325,25639,5049,4.0,1212973395
3766326,25639,5060,3.5,1269110403
3766327,25639,5064,5.0,1367188123
3766328,25639,5107,3.5,1213405634
3766329,25639,5127,3.0,1269109380
3766330,25639,5152,3.5,1269108503
3766331,25639,5237,4.0,1212973410
3766332,25639,5265,3.5,1269109372
3766333,25639,5266,4.0,1269109184
3766334,25639,5267,3.5,1269109177
3766335,25639,5292,4.5,1212974002
3766336,25639,5294,4.0,1212974920
3766337,25639,5349,4.5,1212971292
3766338,25639,5377,4.5,1212972392
3766339,25639,5378,3.0,1212971857
3766340,25639,5388,3.0,1269109272
3766341,25639,5418,4.5,1213405936
3766342,25639,5445,4.0,1213406003
3766343,25639,5452,2.5,1212972533
3766344,25639,5459,2.5,1417447482
3766345,25639,5464,3.5,1213405521
3766346,25639,5481,4.5,1269109334
3766347,25639,5500,3.5,1212973433
3766348,25639,5502,4.0,1213421957
3766349,25639,5544,4.5,1212974030
3766350,25639,5630,3.5,1269108663
3766351,25639,5650,4.0,1212973385
3766352,25639,5669,5.0,1213406083
3766353,25639,5673,2.5,1417447576
3766354,25639,5679,3.5,1216275655
3766355,25639,5747,3.0,1212967843
3766356,25639,5782,4.0,1216274871
3766357,25639,5872,3.5,1417447572
3766358,25639,5902,4.5,1212967327
3766359,25639,5938,3.0,1212967996
3766360,25639,5944,3.5,1212971988
3766361,25639,5952,4.0,1212967098
3766362,25639,5955,3.5,1269108434
3766363,25639,5970,3.0,1212972486
3766364,25639,5989,4.5,1212972230
3766365,25639,6003,4.0,1269108584
3766366,25639,6059,3.5,1269109256
3766367,25639,6157,3.5,1213420658
3766368,25639,6188,4.0,1269109240
3766369,25639,6263,3.5,1269109344
3766370,25639,6281,4.0,1218379650
3766371,25639,6323,4.0,1212974924
3766372,25639,6333,5.0,1212971279
3766373,25639,6365,3.5,1212973757
3766374,25639,6373,4.0,1417447472
3766375,25639,6377,3.5,1212967340
3766376,25639,6378,4.5,1213421990
3766377,25639,6448,4.0,1367187711
3766378,25639,6534,4.0,1213420608
3766379,25639,6539,4.0,1212971270
3766380,25639,6541,3.5,1213421892
3766381,25639,6548,2.5,1269109330
3766382,25639,6565,3.5,1212972413
3766383,25639,6617,3.5,1269108567
3766384,25639,6636,4.5,1212973344
3766385,25639,6663,3.5,1212974052
3766386,25639,6708,4.5,1212972256
3766387,25639,6711,1.0,1212973816
3766388,25639,6796,4.0,1212972212
3766389,25639,6816,3.5,1212967957
3766390,25639,6832,4.0,1218379719
3766391,25639,6863,3.5,1213386790
3766392,25639,6870,2.5,1212967242
3766393,25639,6874,3.0,1212967347
3766394,25639,6879,4.0,1213386777
3766395,25639,6927,2.0,1269109416
3766396,25639,6934,3.5,1213406028
3766397,25639,6942,4.0,1212968158
3766398,25639,6947,3.5,1417447526
3766399,25639,6952,3.0,1269109397
3766400,25639,6979,4.5,1212973329
3766401,25639,7000,3.0,1213405649
3766402,25639,7007,3.0,1213405661
3766403,25639,7018,4.0,1212967622
3766404,25639,7030,4.0,1269108416
3766405,25639,7107,4.0,1212974037
3766406,25639,7143,4.0,1343621569
3766407,25639,7147,4.0,1269108440
3766408,25639,7149,3.0,1269108807
3766409,25639,7153,4.0,1212966969
3766410,25639,7160,3.0,1212972238
3766411,25639,7162,3.5,1212972289
3766412,25639,7163,3.0,1218379657
3766413,25639,7254,4.5,1212971295
3766414,25639,7293,3.0,1417447565
3766415,25639,7361,3.5,1212967109
3766416,25639,7438,3.5,1212967312
3766417,25639,7439,2.5,1213421880
3766418,25639,7445,4.0,1269108451
3766419,25639,7481,5.0,1212973486
3766420,25639,7617,4.0,1212973990
3766421,25639,7624,3.5,1269108420
3766422,25639,7701,3.0,1212972529
3766423,25639,7775,2.0,1213406198
3766424,25639,7791,4.0,1269108537
3766425,25639,8132,4.0,1212967653
3766426,25639,8360,4.0,1212973801
3766427,25639,8361,3.5,1212972466
3766428,25639,8464,3.5,1417447502
3766429,25639,8529,4.0,1212972299
3766430,25639,8596,3.5,1212974057
3766431,25639,8610,3.5,1212973339
3766432,25639,8623,4.0,1212973406
3766433,25639,8633,3.5,1212973557
3766434,25639,8636,5.0,1212973812
3766435,25639,8644,4.0,1212971852
3766436,25639,8665,4.5,1213405959
3766437,25639,8783,3.5,1212974972
3766438,25639,8798,3.5,1212972401
3766439,25639,8807,4.0,1269108822
3766440,25639,8818,3.5,1213406059
3766441,25639,8827,4.0,1212972583
3766442,25639,8874,3.0,1212967295
3766443,25639,8880,3.5,1212973499
3766444,25639,8949,2.5,1216275586
3766445,25639,8957,3.5,1212975009
3766446,25639,8958,3.0,1284926881
3766447,25639,8961,3.5,1212967197
3766448,25639,8984,3.5,1417447540
3766449,25639,26375,4.0,1212974050
3766450,25639,26492,3.5,1212973502
3766451,25639,26614,4.0,1251555214
3766452,25639,26770,4.0,1212967715
3766453,25639,27373,4.0,1307624144
3766454,25639,27611,5.0,1251555177
3766455,25639,27788,4.0,1212974935
3766456,25639,27837,3.5,1367187706
3766457,25639,30707,3.5,1212967281
3766458,25639,30749,4.0,1222145348
3766459,25639,30793,3.5,1216275524
3766460,25639,31225,4.0,1213421844
3766461,25639,31427,3.5,1212975014
3766462,25639,31696,2.5,1213421874
3766463,25639,33004,3.0,1212971921
3766464,25639,33166,5.0,1212967401
3766465,25639,33493,1.5,1222145384
3766466,25639,33660,4.0,1222145525
3766467,25639,33794,3.0,1212967154
3766468,25639,34150,2.5,1213420644
3766469,25639,34162,3.5,1216275570
3766470,25639,34405,4.5,1212967351
3766471,25639,34532,3.0,1212974958
3766472,25639,35836,4.0,1216275460
3766473,25639,36517,3.0,1212972377
3766474,25639,36529,3.5,1269108348
3766475,25639,37727,3.5,1367187717
3766476,25639,37733,4.0,1216274776
3766477,25639,38061,4.5,1212967218
3766478,25639,39292,3.5,1212967166
3766479,25639,40819,3.5,1212967323
3766480,25639,41566,3.0,1213406256
3766481,25639,41569,3.5,1213405530
3766482,25639,42002,1.0,1213386648
3766483,25639,42011,3.0,1367187939
3766484,25639,43871,3.0,1218379734
3766485,25639,43936,3.5,1213405598
3766486,25639,44191,4.5,1212968153
3766487,25639,44195,4.0,1222145324
3766488,25639,44199,4.0,1212967277
3766489,25639,44665,4.0,1212967371
3766490,25639,45186,4.0,1343621364
3766491,25639,45499,4.0,1213406295
3766492,25639,45722,3.5,1212973830
3766493,25639,45730,3.5,1213421960
3766494,25639,46530,3.5,1213420633
3766495,25639,46578,4.0,1212967222
3766496,25639,46976,5.0,1212967205
3766497,25639,47099,4.0,1269108466
3766498,25639,47610,4.0,1212974487
3766499,25639,48385,4.5,1213405929
3766500,25639,48516,4.5,1212967084
3766501,25639,48774,3.5,1212967253
3766502,25639,48780,4.0,1212967137
3766503,25639,49272,4.0,1212967250
3766504,25639,49530,3.5,1212967302
3766505,25639,49651,3.0,1269108820
3766506,25639,50794,4.0,1379759484
3766507,25639,50872,3.0,1212967227
3766508,25639,51255,3.0,1212967272
3766509,25639,51357,4.0,1286045266
3766510,25639,51471,2.0,1269108228
3766511,25639,51540,4.0,1308323872
3766512,25639,51575,3.0,1219560696
3766513,25639,51662,4.0,1216275355
3766514,25639,51931,2.5,1269108336
3766515,25639,52722,3.5,1213420651
3766516,25639,52973,3.5,1216275261
3766517,25639,53953,3.5,1213386839
3766518,25639,53972,4.0,1213405664
3766519,25639,53996,4.0,1216275612
3766520,25639,54004,3.5,1216274732
3766521,25639,54259,4.0,1216274714
3766522,25639,54286,4.5,1212967158
3766523,25639,54612,3.0,1269108261
3766524,25639,54736,3.5,1269108404
3766525,25639,54997,2.5,1212967183
3766526,25639,55094,2.5,1308323840
3766527,25639,55267,3.0,1269108712
3766528,25639,55276,4.0,1212967200
3766529,25639,55290,3.5,1216274825
3766530,25639,55732,3.0,1308323861
3766531,25639,55765,4.0,1222145563
3766532,25639,55820,2.0,1212967092
3766533,25639,56174,4.0,1212968040
3766534,25639,56367,3.5,1216275409
3766535,25639,56587,3.0,1216274839
3766536,25639,56775,3.5,1216274988
3766537,25639,56788,4.0,1216274938
3766538,25639,56805,2.5,1216275114
3766539,25639,56885,3.5,1308323832
3766540,25639,57368,3.5,1216274984
3766541,25639,57401,3.0,1219622986
3766542,25639,57669,3.5,1220127700
3766543,25639,58047,4.0,1220127715
3766544,25639,58246,3.0,1219560655
3766545,25639,58559,4.5,1216423014
3766546,25639,58803,3.5,1222145312
3766547,25639,58998,3.5,1269108408
3766548,25639,59315,5.0,1212967081
3766549,25639,59369,4.0,1307933932
3766550,25639,59615,3.5,1212968069
3766551,25639,59784,4.0,1367676695
3766552,25639,60037,2.0,1216274752
3766553,25639,60040,4.5,1213420610
3766554,25639,60069,4.0,1367676646
3766555,25639,60074,3.5,1379759471
3766556,25639,60684,3.0,1251555458
3766557,25639,60756,2.5,1367187902
3766558,25639,61132,4.0,1368510063
3766559,25639,61323,4.0,1367187875
3766560,25639,61729,3.5,1269108527
3766561,25639,62235,3.5,1308056033
3766562,25639,62374,3.5,1269108512
3766563,25639,62511,3.5,1367188002
3766564,25639,62849,3.5,1269108464
3766565,25639,63062,4.0,1308323670
3766566,25639,63082,4.0,1264053406
3766567,25639,63113,2.5,1269108657
3766568,25639,63131,4.0,1269108495
3766569,25639,63859,3.5,1368510138
3766570,25639,64614,4.0,1251555449
3766571,25639,64716,3.5,1367676735
3766572,25639,64957,3.5,1269108553
3766573,25639,65126,3.0,1269108871
3766574,25639,65130,2.0,1308323748
3766575,25639,66203,4.0,1251555490
3766576,25639,67087,3.5,1307933927
3766577,25639,67197,3.0,1251555477
3766578,25639,67408,3.5,1315324632
3766579,25639,67734,2.0,1307933917
3766580,25639,68157,4.0,1264053226
3766581,25639,68159,4.0,1379759465
3766582,25639,68237,3.0,1310473418
3766583,25639,68358,4.5,1251555084
3766584,25639,68791,3.5,1264053531
3766585,25639,68793,3.5,1264053520
3766586,25639,68954,4.0,1264053239
3766587,25639,69122,4.5,1264053495
3766588,25639,69306,3.5,1264053528
3766589,25639,69481,2.5,1367676636
3766590,25639,69757,4.0,1264053232
3766591,25639,70286,4.5,1264053220
3766592,25639,71535,4.0,1307933939
3766593,25639,71838,3.0,1307933911
3766594,25639,72011,4.0,1264053478
3766595,25639,72641,4.0,1326027634
3766596,25639,72998,4.5,1264053196
3766597,25639,73017,3.5,1264053209
3766598,25639,74458,4.0,1283213086
3766599,25639,74545,3.0,1283213058
3766600,25639,74787,4.0,1308323844
3766601,25639,74795,3.0,1283213096
3766602,25639,75341,2.5,1320045934
3766603,25639,76093,4.0,1291838551
3766604,25639,76251,4.5,1283213035
3766605,25639,77561,3.5,1274703033
3766606,25639,78499,4.0,1291838569
3766607,25639,79057,3.5,1315324650
3766608,25639,79091,3.5,1297061372
3766609,25639,79132,5.0,1283213018
3766610,25639,79185,2.5,1307624298
3766611,25639,79357,2.5,1310473436
3766612,25639,79702,3.5,1308055954
3766613,25639,80166,3.0,1307624097
3766614,25639,80463,4.0,1367676657
3766615,25639,80489,4.0,1291838523
3766616,25639,80549,4.0,1367676748
3766617,25639,81191,4.0,1303744859
3766618,25639,81537,4.0,1303744908
3766619,25639,81562,3.5,1311168259
3766620,25639,81782,4.0,1308055947
3766621,25639,81845,3.5,1307624038
3766622,25639,81847,3.5,1307624062
3766623,25639,82459,3.5,1309952311
3766624,25639,83349,3.0,1332941159
3766625,25639,83613,3.0,1315324623
3766626,25639,84152,3.5,1343621439
3766627,25639,84392,3.5,1314986287
3766628,25639,84601,3.5,1315324675
3766629,25639,84944,3.5,1310473468
3766630,25639,85414,4.0,1314986298
3766631,25639,85881,4.0,1310473461
3766632,25639,86332,3.5,1307624268
3766633,25639,86833,4.0,1320045920
3766634,25639,87194,3.5,1377464201
3766635,25639,87232,4.0,1307933725
3766636,25639,88129,3.5,1367676665
3766637,25639,88140,3.0,1312775389
3766638,25639,88744,5.0,1314986271
3766639,25639,89492,4.0,1317212578
3766640,25639,89745,5.0,1368510050
3766641,25639,89774,3.5,1367676582
3766642,25639,89804,3.5,1367677220
3766643,25639,89864,3.5,1326027645
3766644,25639,90376,4.0,1367676712
3766645,25639,90405,3.0,1343621456
3766646,25639,91077,4.0,1367676680
3766647,25639,91500,3.5,1350863096
3766648,25639,91529,4.0,1343621282
3766649,25639,91535,4.0,1377463916
3766650,25639,91542,3.5,1343621388
3766651,25639,91622,3.0,1332941191
3766652,25639,91630,4.0,1343621368
3766653,25639,93510,4.0,1367677148
3766654,25639,93512,3.5,1343621327
3766655,25639,93840,4.0,1350863081
3766656,25639,94864,3.0,1367676591
3766657,25639,94959,4.0,1358052840
3766658,25639,95510,2.5,1343621299
3766659,25639,96079,3.5,1358052814
3766660,25639,96610,4.5,1367676596
3766661,25639,96728,2.5,1377463902
3766662,25639,97304,4.0,1367187470
3766663,25639,97306,4.5,1377463999
3766664,25639,97328,3.5,1367187854
3766665,25639,97752,3.0,1377463958
3766666,25639,97913,4.0,1367187840
3766667,25639,97921,3.5,1377464058
3766668,25639,97923,4.0,1367187700
3766669,25639,97938,4.0,1377463937
3766670,25639,98809,3.5,1358052823
3766671,25639,98961,3.5,1367187460
3766672,25639,99114,5.0,1367187487
3766673,25639,101362,3.0,1380532998
3766674,25639,101864,3.5,1368509996
3766675,25639,102125,4.0,1368509954
3766676,25639,102445,4.5,1377464007
3766677,25639,103249,3.5,1380532990
3766678,25639,104841,4.0,1383187177
3766679,25639,106916,3.5,1417447605
3766680,25639,106920,3.5,1417447587
3766681,25639,108188,3.5,1417447646
3766682,25639,109487,3.5,1417447594
3766683,25639,110102,3.5,1417447619
3766684,25639,110127,3.0,1417447653
3766685,25639,111362,4.0,1417447442
3766686,25639,111659,3.0,1417447637
3766687,25639,111921,3.0,1417447612
3766688,25639,112183,2.0,1417447444
3766689,25639,112556,4.0,1417447589
3766690,25639,112852,4.5,1417447432
3766691,25640,32,5.0,1170950194
3766692,25640,110,4.5,1170950053
3766693,25640,260,5.0,1170950042
3766694,25640,318,5.0,1170950123
3766695,25640,380,3.5,1170950220
3766696,25640,382,2.0,1170949810
3766697,25640,481,2.0,1170949836
3766698,25640,588,4.5,1170950100
3766699,25640,589,5.0,1170950034
3766700,25640,592,5.0,1170950213
3766701,25640,866,3.0,1170949675
3766702,25640,1093,4.0,1170949679
3766703,25640,1196,5.0,1170950050
3766704,25640,1198,5.0,1170950198
3766705,25640,1245,5.0,1170949855
3766706,25640,1254,5.0,1170949877
3766707,25640,1321,4.0,1170949748
3766708,25640,1373,3.0,1170949701
3766709,25640,1805,4.0,1170949704
3766710,25640,2366,4.5,1170949784
3766711,25640,2391,4.0,1170949697
3766712,25640,2571,5.0,1170950112
3766713,25640,2826,2.0,1170949745
3766714,25640,3107,3.5,1170949666
3766715,25640,3317,4.5,1170949761
3766716,25640,3996,5.0,1170950178
3766717,25640,5445,3.0,1170950126
3766718,25640,5952,5.0,1170950024
3766719,25640,6539,4.0,1170950172
3766720,25640,6874,5.0,1170950057
3766721,25640,7147,4.0,1170949670
3766722,25640,7153,5.0,1170950037
3766723,25640,7361,4.0,1170950118
3766724,25640,7438,5.0,1170950203
3766725,25640,25945,5.0,1170950187
3766726,25640,26509,4.0,1170950030
3766727,25641,10,4.0,914274280
3766728,25641,153,1.0,914274317
3766729,25641,173,3.0,914274416
3766730,25641,314,3.0,914274257
3766731,25641,329,4.0,914274365
3766732,25641,349,4.0,914274317
3766733,25641,380,5.0,914274340
3766734,25641,480,3.0,914274256
3766735,25641,590,4.0,914274257
3766736,25641,592,4.0,914274583
3766737,25641,648,4.0,914274396
3766738,25641,733,3.0,914274256
3766739,25641,798,1.0,914274439
3766740,25641,849,1.0,914274435
3766741,25641,1127,4.0,914274583
3766742,25641,1129,3.0,914274614
3766743,25641,1196,5.0,914274554
3766744,25641,1197,5.0,914274554
3766745,25641,1198,5.0,914274554
3766746,25641,1210,5.0,914274256
3766747,25641,1259,3.0,914274583
3766748,25641,1275,3.0,914274583
3766749,25641,1291,5.0,914274554
3766750,25641,1356,4.0,914274257
3766751,25641,1372,2.0,914274365
3766752,25641,1373,1.0,914274645
3766753,25641,1374,5.0,914274583
3766754,25641,1375,3.0,914274614
3766755,25641,1376,5.0,914274614
3766756,25641,1377,1.0,914274435
3766757,25641,1544,2.0,914274396
3766758,25641,1552,1.0,914274365
3766759,25641,1580,3.0,914274257
3766760,25641,1587,4.0,914274614
3766761,25641,2005,3.0,914274614
3766762,25641,2041,2.0,914274634
3766763,25641,2105,5.0,914274634
3766764,25641,2115,3.0,914274634
3766765,25641,2161,3.0,914274614
3766766,25641,2321,4.0,914274095
3766767,25641,2406,4.0,914274554
3766768,25641,2414,4.0,914274614
3766769,25641,2421,2.0,914274583
3766770,25642,1,4.5,1161511925
3766771,25642,2,0.5,1131056279
3766772,25642,6,4.5,1131006552
3766773,25642,10,3.5,1131006478
3766774,25642,23,3.5,1131437138
3766775,25642,31,3.5,1131007230
3766776,25642,32,4.5,1131006393
3766777,25642,34,2.5,1131006448
3766778,25642,36,4.0,1161512253
3766779,25642,44,3.0,1131007168
3766780,25642,47,4.5,1130981316
3766781,25642,48,3.0,1131006956
3766782,25642,65,3.5,1131436134
3766783,25642,95,3.5,1131006531
3766784,25642,110,4.5,1130981299
3766785,25642,150,3.5,1131006358
3766786,25642,160,3.0,1131006762
3766787,25642,161,4.0,1130981342
3766788,25642,163,2.5,1130980211
3766789,25642,165,4.0,1131006414
3766790,25642,170,2.0,1131062181
3766791,25642,173,2.5,1130980154
3766792,25642,186,0.5,1130980268
3766793,25642,208,4.5,1131006510
3766794,25642,216,4.0,1131062288
3766795,25642,231,4.5,1131062292
3766796,25642,260,5.0,1130981413
3766797,25642,292,4.0,1131443817
3766798,25642,296,4.0,1131006307
3766799,25642,316,4.5,1147742049
3766800,25642,317,1.0,1131056350
3766801,25642,318,4.5,1131006335
3766802,25642,344,3.0,1131006409
3766803,25642,356,4.5,1131006316
3766804,25642,364,4.0,1131006439
3766805,25642,368,3.5,1131056310
3766806,25642,377,3.0,1131006399
3766807,25642,380,3.5,1131056130
3766808,25642,434,3.0,1131006495
3766809,25642,435,3.5,1131006821
3766810,25642,457,4.0,1147741879
3766811,25642,480,5.0,1161512163
3766812,25642,527,5.0,1161512176
3766813,25642,543,3.5,1131006960
3766814,25642,551,3.5,1131006719
3766815,25642,553,3.5,1131056451
3766816,25642,586,2.5,1131056216
3766817,25642,587,1.0,1131006487
3766818,25642,588,5.0,1131006387
3766819,25642,589,4.0,1131437229
3766820,25642,590,4.5,1131006331
3766821,25642,593,3.5,1131006312
3766822,25642,594,4.0,1131006689
3766823,25642,595,3.0,1131006428
3766824,25642,596,4.0,1131056654
3766825,25642,608,4.0,1131006396
3766826,25642,628,4.0,1131007012
3766827,25642,648,4.5,1147741746
3766828,25642,661,4.0,1131007150
3766829,25642,671,4.5,1131062297
3766830,25642,733,4.0,1131006452
3766831,25642,765,3.0,1131057657
3766832,25642,780,4.5,1131444530
3766833,25642,783,4.0,1131007084
3766834,25642,784,2.5,1131006850
3766835,25642,802,4.0,1131006861
3766836,25642,810,1.0,1131438613
3766837,25642,858,5.0,1152475734
3766838,25642,899,4.0,1131437609
3766839,25642,924,4.0,1147741801
3766840,25642,1020,3.0,1131057316
3766841,25642,1025,4.0,1131007572
3766842,25642,1027,4.5,1131057108
3766843,25642,1029,4.0,1131057926
3766844,25642,1032,3.5,1130980904
3766845,25642,1035,4.0,1147741935
3766846,25642,1036,3.5,1130981324
3766847,25642,1064,4.5,1131007586
3766848,25642,1080,4.0,1161512335
3766849,25642,1089,4.5,1131006669
3766850,25642,1101,3.5,1131056423
3766851,25642,1127,4.5,1147741833
3766852,25642,1136,4.5,1131006584
3766853,25642,1196,5.0,1130981419
3766854,25642,1197,4.0,1161512219
3766855,25642,1198,5.0,1131006192
3766856,25642,1207,4.5,1131006995
3766857,25642,1210,5.0,1130981306
3766858,25642,1212,4.0,1161511896
3766859,25642,1213,3.0,1161512285
3766860,25642,1215,2.0,1131007095
3766861,25642,1219,4.0,1131056441
3766862,25642,1220,3.0,1130980774
3766863,25642,1221,5.0,1152475736
3766864,25642,1222,4.0,1161512373
3766865,25642,1240,3.0,1131006539
3766866,25642,1242,4.5,1131007047
3766867,25642,1272,4.0,1131056952
3766868,25642,1275,4.5,1131007139
3766869,25642,1291,4.5,1130981275
3766870,25642,1358,3.5,1131438146
3766871,25642,1380,3.5,1131438166
3766872,25642,1393,4.0,1131056240
3766873,25642,1405,4.5,1131007589
3766874,25642,1407,3.0,1131056502
3766875,25642,1408,4.0,1131438174
3766876,25642,1485,2.5,1161512394
3766877,25642,1517,4.0,1131006704
3766878,25642,1527,5.0,1131006633
3766879,25642,1544,4.0,1131006917
3766880,25642,1552,4.0,1131007031
3766881,25642,1573,4.0,1131437040
3766882,25642,1580,4.0,1131006522
3766883,25642,1586,3.0,1131438362
3766884,25642,1608,3.0,1131006909
3766885,25642,1610,4.0,1130981345
3766886,25642,1615,4.0,1131438341
3766887,25642,1620,4.0,1131443737
3766888,25642,1645,5.0,1131007162
3766889,25642,1653,4.5,1130980188
3766890,25642,1676,3.0,1131006901
3766891,25642,1682,3.5,1131007855
3766892,25642,1687,4.0,1131436718
3766893,25642,1704,4.5,1131056253
3766894,25642,1711,4.5,1131437926
3766895,25642,1721,4.5,1131006526
3766896,25642,1747,3.0,1133686217
3766897,25642,1754,4.5,1131437951
3766898,25642,1779,4.5,1131057457
3766899,25642,1917,3.0,1130980089
3766900,25642,1947,4.0,1131056948
3766901,25642,1954,1.5,1131056670
3766902,25642,1961,4.0,1131006625
3766903,25642,1985,0.5,1130981017
3766904,25642,2023,4.5,1131437073
3766905,25642,2028,4.5,1130980737
3766906,25642,2081,4.0,1130980721
3766907,25642,2115,5.0,1131056482
3766908,25642,2126,4.0,1131057737
3766909,25642,2139,4.5,1131436308
3766910,25642,2167,3.5,1131007187
3766911,25642,2174,1.0,1131006756
3766912,25642,2193,4.5,1131056851
3766913,25642,2231,4.0,1161511796
3766914,25642,2268,4.0,1130981280
3766915,25642,2291,3.5,1130981110
3766916,25642,2294,3.0,1131057924
3766917,25642,2329,4.0,1131007107
3766918,25642,2335,3.0,1131057617
3766919,25642,2353,4.0,1131444563
3766920,25642,2355,4.0,1161511970
3766921,25642,2431,3.5,1131057509
3766922,25642,2490,4.0,1131056906
3766923,25642,2496,0.5,1130980868
3766924,25642,2501,3.5,1131007754
3766925,25642,2502,5.0,1130980217
3766926,25642,2505,4.5,1133686134
3766927,25642,2529,4.0,1131007041
3766928,25642,2541,3.5,1131057054
3766929,25642,2571,5.0,1130981335
3766930,25642,2572,2.0,1131056805
3766931,25642,2600,2.5,1161512053
3766932,25642,2617,3.0,1131006872
3766933,25642,2628,5.0,1130981415
3766934,25642,2671,0.5,1131008001
3766935,25642,2699,1.0,1130980237
3766936,25642,2700,2.0,1161512392
3766937,25642,2701,1.5,1131444628
3766938,25642,2706,0.5,1131006733
3766939,25642,2762,5.0,1130981403
3766940,25642,2804,4.0,1131007052
3766941,25642,2881,3.5,1131057059
3766942,25642,2890,3.5,1131007143
3766943,25642,2916,4.0,1131006694
3766944,25642,2959,4.5,1131006243
3766945,25642,2985,2.5,1131007022
3766946,25642,2987,3.0,1130980731
3766947,25642,3000,4.5,1161512973
3766948,25642,3005,4.0,1130980840
3766949,25642,3020,3.5,1131437162
3766950,25642,3033,3.5,1131007222
3766951,25642,3071,3.0,1131444937
3766952,25642,3081,4.0,1131007131
3766953,25642,3114,5.0,1161511927
3766954,25642,3147,4.0,1130981282
3766955,25642,3160,4.0,1131007192
3766956,25642,3173,3.0,1131444217
3766957,25642,3175,1.5,1131007996
3766958,25642,3253,3.0,1131007102
3766959,25642,3271,4.5,1131444918
3766960,25642,3275,4.0,1130981241
3766961,25642,3285,4.0,1137820291
3766962,25642,3300,4.0,1131057375
3766963,25642,3386,5.0,1131057179
3766964,25642,3448,3.0,1131007183
3766965,25642,3489,4.0,1131057173
3766966,25642,3499,3.5,1131056993
3766967,25642,3510,4.0,1131438260
3766968,25642,3527,3.0,1131437213
3766969,25642,3555,3.5,1133686315
3766970,25642,3578,5.0,1131007394
3766971,25642,3623,4.0,1147741753
3766972,25642,3671,3.0,1131436085
3766973,25642,3697,4.0,1131437210
3766974,25642,3717,4.0,1131056998
3766975,25642,3745,3.5,1131057621
3766976,25642,3753,4.5,1131007073
3766977,25642,3785,0.5,1131057148
3766978,25642,3793,4.0,1131006715
3766979,25642,3826,3.0,1131057265
3766980,25642,3889,3.0,1130980978
3766981,25642,3916,4.0,1130980845
3766982,25642,3977,1.0,1131006986
3766983,25642,3994,4.5,1130981433
3766984,25642,4011,4.5,1131007254
3766985,25642,4022,3.5,1131056597
3766986,25642,4025,2.0,1131057102
3766987,25642,4027,4.0,1131056589
3766988,25642,4054,3.5,1130980820
3766989,25642,4103,4.5,1161511875
3766990,25642,4223,4.5,1130981331
3766991,25642,4226,4.0,1131006250
3766992,25642,4262,4.5,1131057500
3766993,25642,4270,3.0,1131057364
3766994,25642,4306,4.0,1131006672
3766995,25642,4310,2.5,1131008069
3766996,25642,4343,3.0,1131437254
3766997,25642,4344,4.0,1131438239
3766998,25642,4367,1.0,1131007509
3766999,25642,4369,2.5,1131438232
3767000,25642,4370,4.5,1147741799
3767001,25642,4446,3.0,1133686326
3767002,25642,4571,1.5,1131437820
3767003,25642,4643,3.5,1131057163
3767004,25642,4701,3.0,1133686312
3767005,25642,4718,0.5,1131057424
3767006,25642,4721,3.5,1131444688
3767007,25642,4728,2.0,1131437527
3767008,25642,4775,0.5,1131007894
3767009,25642,4776,3.5,1131008108
3767010,25642,4816,4.0,1131437293
3767011,25642,4823,1.5,1133686243
3767012,25642,4865,4.0,1131436780
3767013,25642,4874,5.0,1131007344
3767014,25642,4878,3.0,1131057064
3767015,25642,4880,1.0,1147742039
3767016,25642,4886,4.5,1161511941
3767017,25642,4890,2.5,1133686250
3767018,25642,4896,4.5,1135527146
3767019,25642,4954,3.5,1131007924
3767020,25642,4963,4.0,1130981313
3767021,25642,4973,4.0,1130980759
3767022,25642,4975,4.5,1131057514
3767023,25642,4993,5.0,1131006228
3767024,25642,4995,4.5,1131007119
3767025,25642,5025,4.5,1131437511
3767026,25642,5103,3.0,1131008076
3767027,25642,5108,4.0,1131438448
3767028,25642,5218,3.5,1131057322
3767029,25642,5254,3.0,1131443030
3767030,25642,5266,3.5,1131057694
3767031,25642,5312,5.0,1131437183
3767032,25642,5329,4.0,1130981350
3767033,25642,5349,3.0,1130981291
3767034,25642,5378,5.0,1130981417
3767035,25642,5418,5.0,1131437334
3767036,25642,5445,5.0,1131443066
3767037,25642,5459,4.0,1131057332
3767038,25642,5464,3.5,1131437113
3767039,25642,5481,4.0,1131057613
3767040,25642,5502,5.0,1130981390
3767041,25642,5618,5.0,1161512969
3767042,25642,5679,4.0,1131057346
3767043,25642,5816,4.0,1135527149
3767044,25642,5903,5.0,1147742017
3767045,25642,5952,5.0,1130980140
3767046,25642,5956,5.0,1131007280
3767047,25642,5989,4.5,1131007762
3767048,25642,6059,4.5,1131437544
3767049,25642,6157,2.0,1131438242
3767050,25642,6332,1.0,1131438705
3767051,25642,6333,3.5,1130981247
3767052,25642,6365,5.0,1131056855
3767053,25642,6377,2.5,1131007202
3767054,25642,6378,3.5,1131057535
3767055,25642,6483,0.5,1131007890
3767056,25642,6503,0.5,1131007504
3767057,25642,6537,4.0,1131437233
3767058,25642,6539,4.0,1130981355
3767059,25642,6541,3.0,1131007537
3767060,25642,6548,3.5,1131444592
3767061,25642,6587,0.5,1131007901
3767062,25642,6645,4.5,1131437591
3767063,25642,6708,4.5,1131442985
3767064,25642,6709,3.5,1131436687
3767065,25642,6711,4.5,1130980804
3767066,25642,6870,4.0,1131008047
3767067,25642,6874,2.0,1131007825
3767068,25642,6934,5.0,1131057549
3767069,25642,7060,3.0,1131438682
3767070,25642,7123,2.5,1161512036
3767071,25642,7143,4.5,1130981228
3767072,25642,7153,5.0,1131006217
3767073,25642,7162,4.5,1131444267
3767074,25642,7254,4.0,1131444862
3767075,25642,7347,4.0,1131436819
3767076,25642,7361,4.5,1131057140
3767077,25642,7367,3.5,1131444110
3767078,25642,7438,2.0,1131007820
3767079,25642,7445,4.0,1131007780
3767080,25642,7458,4.5,1131007301
3767081,25642,8132,5.0,1131438645
3767082,25642,8368,5.0,1135527138
3767083,25642,8371,4.0,1131437659
3767084,25642,8636,3.0,1130981269
3767085,25642,8644,5.0,1131437691
3767086,25642,8665,5.0,1131437332
3767087,25642,8783,5.0,1130981379
3767088,25642,8784,4.0,1131436933
3767089,25642,8798,4.0,1131443943
3767090,25642,8861,3.0,1131438414
3767091,25642,8874,4.5,1131008052
3767092,25642,8937,3.0,1130981050
3767093,25642,8950,4.5,1131437402
3767094,25642,8961,5.0,1131057217
3767095,25642,8981,3.0,1131436896
3767096,25642,8985,3.0,1131443033
3767097,25642,26662,3.5,1147741957
3767098,25642,27788,4.5,1131436738
3767099,25642,27790,5.0,1132229463
3767100,25642,30749,4.5,1131007461
3767101,25642,30810,4.0,1131436862
3767102,25642,30812,4.5,1131007607
3767103,25642,30816,4.0,1147741919
3767104,25642,31658,4.0,1161512960
3767105,25642,31685,4.0,1131444550
3767106,25642,31696,4.0,1131436590
3767107,25642,32587,4.0,1130981167
3767108,25642,33004,4.5,1131443122
3767109,25642,33158,1.0,1131437011
3767110,25642,33166,4.5,1131007873
3767111,25642,33437,4.0,1130981233
3767112,25642,33493,5.0,1130980800
3767113,25642,33679,3.5,1131443676
3767114,25642,33794,4.5,1131007672
3767115,25642,34048,4.5,1131443927
3767116,25642,34162,0.5,1131443150
3767117,25642,34405,5.0,1130980669
3767118,25642,37729,3.0,1130981131
3767119,25642,37857,4.5,1140728326
3767120,25642,40583,3.5,1136080680
3767121,25642,40815,5.0,1135527132
3767122,25642,41566,5.0,1135527050
3767123,25642,41569,4.5,1135527081
3767124,25642,41997,4.5,1137820182
3767125,25642,44191,5.0,1147741616
3767126,25642,44195,3.5,1161511839
3767127,25642,45186,4.5,1147741727
3767128,25642,48394,5.0,1207019709
3767129,25642,48516,5.0,1161511785
3767130,25642,54286,5.0,1207019704
3767131,25642,55765,5.0,1207019685
3767132,25642,55820,5.0,1207019676
3767133,25643,246,5.0,1205041202
3767134,25643,296,3.5,1205041552
3767135,25643,541,3.0,1205041456
3767136,25643,608,3.5,1205041576
3767137,25643,665,4.0,1205040167
3767138,25643,908,3.5,1205041386
3767139,25643,912,3.5,1205041570
3767140,25643,923,3.5,1205041504
3767141,25643,1136,3.5,1205041472
3767142,25643,1147,4.5,1205041371
3767143,25643,1199,3.0,1205041500
3767144,25643,1208,2.5,1205041498
3767145,25643,1212,4.0,1205041440
3767146,25643,1231,3.5,1205041241
3767147,25643,1234,4.0,1205041182
3767148,25643,1247,3.0,1205041512
3767149,25643,1249,1.0,1205039812
3767150,25643,1262,3.5,1205041531
3767151,25643,1285,4.0,1205041214
3767152,25643,1289,3.5,1205039987
3767153,25643,2105,4.0,1205041229
3767154,25643,2692,3.5,1205041411
3767155,25643,2968,2.0,1205041245
3767156,25643,2997,4.5,1205041449
3767157,25643,3104,3.5,1205041598
3767158,25643,3424,3.5,1205039882
3767159,25643,4226,4.5,1205041381
3767160,25643,4423,4.0,1205040624
3767161,25643,6747,2.0,1205040696
3767162,25643,6773,4.0,1205041613
3767163,25643,7156,4.5,1205041336
3767164,25643,7478,4.0,1205041357
3767165,25643,7786,5.0,1205040606
3767166,25643,8582,4.0,1205040389
3767167,25643,26694,4.0,1205040611
3767168,25643,40946,4.5,1205040407
3767169,25644,6,4.0,1000566619
3767170,25644,24,4.0,1000565920
3767171,25644,111,5.0,1000650453
3767172,25644,165,3.0,1000734264
3767173,25644,198,3.0,1000566619
3767174,25644,223,4.0,1000565728
3767175,25644,282,3.0,1000565519
3767176,25644,457,4.0,1000566619
3767177,25644,593,5.0,1000734319
3767178,25644,785,4.0,1000565842
3767179,25644,858,5.0,1000650407
3767180,25644,968,4.0,1000565899
3767181,25644,1036,4.0,1000734264
3767182,25644,1061,3.0,1000565485
3767183,25644,1093,4.0,1000565750
3767184,25644,1127,3.0,1000565611
3767185,25644,1193,5.0,1000565520
3767186,25644,1197,4.0,1000734264
3767187,25644,1221,5.0,1000650407
3767188,25644,1222,5.0,1000734264
3767189,25644,1230,5.0,1000565485
3767190,25644,1233,3.0,1000566598
3767191,25644,1244,5.0,1000650424
3767192,25644,1257,3.0,1000650320
3767193,25644,1258,5.0,1000650494
3767194,25644,1259,5.0,1000566552
3767195,25644,1263,5.0,1000650407
3767196,25644,1288,4.0,1000566552
3767197,25644,1307,4.0,1000566552
3767198,25644,1370,4.0,1000734264
3767199,25644,1513,2.0,1000565971
3767200,25644,1836,2.0,1000565503
3767201,25644,1912,3.0,1000566598
3767202,25644,1954,4.0,1000650469
3767203,25644,1955,4.0,1000650469
3767204,25644,1959,3.0,1000565899
3767205,25644,1961,4.0,1000565503
3767206,25644,2028,5.0,1000566598
3767207,25644,2064,3.0,1000566552
3767208,25644,2248,3.0,1000566552
3767209,25644,2318,4.0,1000565823
3767210,25644,2333,4.0,1000565808
3767211,25644,2336,4.0,1000565772
3767212,25644,2337,2.0,1000566039
3767213,25644,2355,4.0,1000565708
3767214,25644,2390,5.0,1000565863
3767215,25644,2395,5.0,1000565971
3767216,25644,2396,3.0,1000565999
3767217,25644,2421,2.0,1000734282
3767218,25644,2422,2.0,1000734282
3767219,25644,2427,5.0,1000566598
3767220,25644,2433,2.0,1000565708
3767221,25644,2541,3.0,1000565728
3767222,25644,2571,5.0,1000566598
3767223,25644,2580,4.0,1000565808
3767224,25644,2598,2.0,1000565944
3767225,25644,2599,4.0,1000565772
3767226,25644,2600,4.0,1000566059
3767227,25644,2605,2.0,1000565772
3767228,25644,2676,2.0,1000565842
3767229,25644,2683,3.0,1000565636
3767230,25644,2686,5.0,1000565944
3767231,25644,2692,5.0,1000565971
3767232,25644,2699,3.0,1000565636
3767233,25644,2700,3.0,1000565999
3767234,25644,2706,3.0,1000565636
3767235,25644,2707,2.0,1000565636
3767236,25644,2710,4.0,1000565682
3767237,25644,2712,4.0,1000565788
3767238,25644,2713,1.0,1000565842
3767239,25644,2715,2.0,1000566039
3767240,25644,2716,4.0,1000565808
3767241,25644,2723,1.0,1000565899
3767242,25644,2730,3.0,1000650469
3767243,25644,2761,4.0,1000565842
3767244,25644,2762,4.0,1000565999
3767245,25644,2763,2.0,1000566020
3767246,25644,2771,1.0,1000565682
3767247,25644,2840,3.0,1000565999
3767248,25644,2841,3.0,1000565999
3767249,25644,2858,5.0,1000565611
3767250,25644,2908,3.0,1000565682
3767251,25644,2916,3.0,1000734264
3767252,25644,2932,3.0,1000650437
3767253,25644,2959,5.0,1000565788
3767254,25644,2976,5.0,1000565682
3767255,25644,2987,4.0,1000566059
3767256,25644,2997,5.0,1000565652
3767257,25644,3000,4.0,1000566598
3767258,25644,3005,2.0,1000565682
3767259,25644,3008,5.0,1000565864
3767260,25644,3081,3.0,1000565999
3767261,25644,3114,5.0,1000566039
3767262,25644,3115,4.0,1000565788
3767263,25644,3160,5.0,1000565864
3767264,25644,3173,3.0,1000734363
3767265,25644,3174,4.0,1000565864
3767266,25644,3176,3.0,1000566020
3767267,25644,3178,3.0,1000566619
3767268,25644,3179,4.0,1000565636
3767269,25644,3181,2.0,1000650584
3767270,25644,3185,4.0,1000565999
3767271,25644,3273,2.0,1000565971
3767272,25644,3285,4.0,1000565652
3767273,25644,3298,3.0,1000565682
3767274,25644,3354,1.0,1000565879
3767275,25644,3362,4.0,1000650424
3767276,25644,3363,3.0,1000650453
3767277,25644,3408,3.0,1000565772
3767278,25644,3418,4.0,1000566619
3767279,25644,3471,3.0,1000650469
3767280,25644,3498,4.0,1000650453
3767281,25644,3527,3.0,1000734264
3767282,25644,3578,3.0,1000565808
3767283,25644,3615,4.0,1000565750
3767284,25644,3617,3.0,1000565971
3767285,25644,3623,3.0,1000565879
3767286,25644,3741,4.0,1000650437
3767287,25644,3745,4.0,1000566020
3767288,25644,3751,3.0,1000565708
3767289,25644,3753,3.0,1000565920
3767290,25644,3793,3.0,1000566059
3767291,25644,3794,3.0,1000565708
3767292,25644,3798,3.0,1000566039
3767293,25644,3813,4.0,1000650453
3767294,25644,3826,2.0,1000565823
3767295,25644,3863,3.0,1000565708
3767296,25644,3952,4.0,1000565728
3767297,25644,3994,4.0,1000566131
3767298,25644,4002,4.0,1000650320
3767299,25644,4011,4.0,1000566106
3767300,25644,4014,4.0,1000566131
3767301,25644,4017,5.0,1000566106
3767302,25644,4020,3.0,1000566106
3767303,25644,4022,3.0,1000565708
3767304,25644,4029,3.0,1000566131
3767305,25644,4148,3.0,1000566145
3767306,25644,4167,3.0,1000566131
3767307,25644,4223,2.0,1000566106
3767308,25644,4226,5.0,1000566106
3767309,25644,4239,2.0,1000734344
3767310,25644,4361,3.0,1000650320
3767311,25644,4422,4.0,1000650407
3767312,25644,4639,4.0,1000565611
3767313,25644,4703,4.0,1000734344
3767314,25645,48,2.5,1358560698
3767315,25645,62,4.5,1415451779
3767316,25645,110,5.0,1358510291
3767317,25645,153,3.0,1358681920
3767318,25645,165,4.0,1358566277
3767319,25645,231,4.0,1413085348
3767320,25645,260,3.0,1358511004
3767321,25645,318,4.5,1358510109
3767322,25645,356,4.5,1358510359
3767323,25645,357,4.5,1415361018
3767324,25645,364,4.0,1358510821
3767325,25645,380,4.0,1358566230
3767326,25645,383,4.0,1358509876
3767327,25645,440,4.0,1358681853
3767328,25645,457,5.0,1378035768
3767329,25645,474,4.0,1358566008
3767330,25645,480,4.0,1426247769
3767331,25645,497,4.5,1358565902
3767332,25645,500,4.5,1358578615
3767333,25645,508,4.5,1358566016
3767334,25645,515,4.0,1358561184
3767335,25645,527,5.0,1358510114
3767336,25645,539,4.0,1358510555
3767337,25645,541,3.5,1358510384
3767338,25645,590,4.0,1358566027
3767339,25645,592,4.0,1358566204
3767340,25645,593,4.5,1358510164
3767341,25645,750,4.0,1366637030
3767342,25645,780,4.0,1358566193
3767343,25645,899,4.5,1358648080
3767344,25645,912,4.0,1401888003
3767345,25645,914,5.0,1358561570
3767346,25645,919,4.0,1373876612
3767347,25645,922,4.0,1358509828
3767348,25645,1031,3.0,1358509953
3767349,25645,1035,5.0,1358510585
3767350,25645,1036,4.5,1358566269
3767351,25645,1080,4.0,1358682028
3767352,25645,1091,3.5,1358509853
3767353,25645,1100,3.0,1358509841
3767354,25645,1185,4.5,1413544403
3767355,25645,1188,4.5,1371383442
3767356,25645,1196,4.0,1358510168
3767357,25645,1198,4.0,1358510125
3767358,25645,1210,2.5,1358511007
3767359,25645,1225,3.5,1358510377
3767360,25645,1243,2.0,1389219855
3767361,25645,1246,4.5,1358578580
3767362,25645,1259,4.5,1358681907
3767363,25645,1266,3.5,1358510464
3767364,25645,1270,4.0,1361523059
3767365,25645,1291,4.0,1358510495
3767366,25645,1339,4.0,1359105841
3767367,25645,1366,4.0,1378035747
3767368,25645,1370,2.0,1358566271
3767369,25645,1387,4.0,1358510420
3767370,25645,1416,4.0,1358837933
3767371,25645,1617,4.0,1358510426
3767372,25645,1619,3.5,1358509885
3767373,25645,1682,4.5,1358578466
3767374,25645,1721,4.0,1358681843
3767375,25645,1792,4.0,1378035789
3767376,25645,1907,3.5,1358560673
3767377,25645,1947,4.0,1358565992
3767378,25645,1951,4.5,1358560782
3767379,25645,1961,4.0,1358578479
3767380,25645,2004,2.0,1358509913
3767381,25645,2028,3.5,1358510252
3767382,25645,2141,4.0,1358560757
3767383,25645,2194,5.0,1358681992
3767384,25645,2253,2.0,1358578641
3767385,25645,2300,1.5,1358509805
3767386,25645,2313,4.0,1358509807
3767387,25645,2324,5.0,1358510062
3767388,25645,2398,4.5,1401888193
3767389,25645,2405,3.5,1358509817
3767390,25645,2565,3.5,1400591407
3767391,25645,2662,3.5,1358509869
3767392,25645,2671,4.5,1415451757
3767393,25645,2762,4.0,1358510270
3767394,25645,2918,4.0,1358681933
3767395,25645,3147,4.0,1415360996
3767396,25645,3221,1.0,1358561763
3767397,25645,3510,3.5,1425989027
3767398,25645,3578,5.0,1358510798
3767399,25645,3723,3.5,1378157439
3767400,25645,3967,4.5,1401888172
3767401,25645,4007,3.5,1401888112
3767402,25645,4014,4.0,1358681786
3767403,25645,4030,2.0,1359105856
3767404,25645,4041,4.5,1404389362
3767405,25645,4321,3.5,1358509779
3767406,25645,4326,4.5,1398666470
3767407,25645,4563,4.0,1408109767
3767408,25645,4857,4.0,1358565988
3767409,25645,4896,3.5,1358510884
3767410,25645,4993,5.0,1358510181
3767411,25645,4995,4.0,1358561544
3767412,25645,5377,4.0,1418733809
3767413,25645,5381,2.0,1366722315
3767414,25645,5389,2.5,1358560720
3767415,25645,5502,4.0,1358510900
3767416,25645,5825,4.5,1362801572
3767417,25645,5902,3.5,1358565599
3767418,25645,5945,3.0,1358509861
3767419,25645,5952,4.5,1358510222
3767420,25645,5989,4.0,1358578459
3767421,25645,5992,4.0,1359105743
3767422,25645,6116,1.5,1358561425
3767423,25645,6345,2.5,1358577658
3767424,25645,6441,3.0,1371555990
3767425,25645,6508,3.5,1358565515
3767426,25645,6565,3.5,1358509931
3767427,25645,6732,4.5,1358838105
3767428,25645,6807,1.5,1358681883
3767429,25645,6942,5.0,1418733769
3767430,25645,6947,4.0,1358561456
3767431,25645,7060,2.0,1383686735
3767432,25645,7143,3.5,1400591361
3767433,25645,7149,5.0,1401888285
3767434,25645,7153,4.5,1358510188
3767435,25645,7156,4.0,1371204590
3767436,25645,7318,4.5,1358577986
3767437,25645,7372,4.0,1408109735
3767438,25645,7399,2.0,1408109740
3767439,25645,7714,3.0,1358837915
3767440,25645,7888,4.0,1358837996
3767441,25645,8008,2.5,1358837894
3767442,25645,8464,3.5,1358587859
3767443,25645,8502,2.0,1358578130
3767444,25645,8533,4.0,1358587818
3767445,25645,8622,4.0,1358587894
3767446,25645,8651,2.0,1358838019
3767447,25645,8961,3.5,1358681977
3767448,25645,25959,2.5,1358560815
3767449,25645,30749,4.0,1358510300
3767450,25645,30816,4.5,1358648501
3767451,25645,34048,3.0,1358510918
3767452,25645,34051,2.5,1358561258
3767453,25645,37736,3.5,1358560791
3767454,25645,39183,4.0,1401887971
3767455,25645,40826,3.5,1358838066
3767456,25645,41566,4.0,1358648678
3767457,25645,42002,4.5,1358838044
3767458,25645,42418,3.0,1415360857
3767459,25645,43460,2.5,1358561785
3767460,25645,43635,2.0,1358560851
3767461,25645,44555,4.5,1358510118
3767462,25645,48394,1.5,1358510316
3767463,25645,49530,1.5,1358682084
3767464,25645,55247,3.5,1415360926
3767465,25645,58559,4.0,1358510122
3767466,25645,59501,3.5,1358648685
3767467,25645,60069,4.0,1358510325
3767468,25645,63082,4.5,1401887989
3767469,25645,63853,4.0,1358561282
3767470,25645,63876,3.0,1358578420
3767471,25645,64114,3.5,1401888484
3767472,25645,64614,4.5,1358510476
3767473,25645,64620,4.0,1358510877
3767474,25645,64622,4.5,1390047324
3767475,25645,64983,3.5,1358561340
3767476,25645,66354,4.0,1358837960
3767477,25645,68159,4.5,1358561517
3767478,25645,68954,3.5,1358510284
3767479,25645,69122,3.5,1382009404
3767480,25645,71668,2.5,1359333286
3767481,25645,72641,4.0,1415360989
3767482,25645,72733,4.0,1358682108
3767483,25645,72998,3.5,1358648645
3767484,25645,73017,3.5,1358565573
3767485,25645,76093,4.0,1417686611
3767486,25645,76244,4.0,1379939584
3767487,25645,80463,4.0,1358578506
3767488,25645,81845,5.0,1358510260
3767489,25645,81847,4.0,1358560658
3767490,25645,84637,4.0,1399804426
3767491,25645,84696,3.0,1358578189
3767492,25645,84772,3.5,1358578229
3767493,25645,84957,4.0,1358565773
3767494,25645,85056,3.0,1387594648
3767495,25645,85131,3.0,1358578320
3767496,25645,85372,3.0,1358578058
3767497,25645,85414,3.5,1425989041
3767498,25645,86298,4.0,1358578151
3767499,25645,86852,2.0,1358577937
3767500,25645,86880,2.5,1358578091
3767501,25645,86882,4.5,1358587716
3767502,25645,87232,3.5,1358577833
3767503,25645,87304,3.0,1358577730
3767504,25645,88140,3.5,1358577694
3767505,25645,88810,5.0,1385208147
3767506,25645,88911,3.0,1358648457
3767507,25645,89470,4.0,1358577563
3767508,25645,89678,2.5,1364986856
3767509,25645,89745,4.0,1358510331
3767510,25645,89753,4.5,1358565721
3767511,25645,89761,3.0,1358981571
3767512,25645,89904,3.0,1358565636
3767513,25645,90405,3.5,1369230140
3767514,25645,90413,4.0,1358560937
3767515,25645,90620,3.0,1358578031
3767516,25645,90645,4.0,1358565915
3767517,25645,90717,4.0,1358565403
3767518,25645,90719,4.0,1358565663
3767519,25645,90738,3.5,1358647996
3767520,25645,90746,4.0,1358565853
3767521,25645,90866,3.5,1358565743
3767522,25645,91126,4.0,1358560885
3767523,25645,91529,4.5,1358510397
3767524,25645,91535,3.5,1359206597
3767525,25645,91542,3.0,1358565558
3767526,25645,91571,4.0,1358565344
3767527,25645,91890,4.0,1358565478
3767528,25645,92259,5.0,1384864459
3767529,25645,92307,3.0,1359531746
3767530,25645,93265,3.5,1359330524
3767531,25645,93267,3.0,1358648761
3767532,25645,93287,4.0,1358561655
3767533,25645,94015,3.5,1358561839
3767534,25645,94070,4.0,1358510978
3767535,25645,94469,4.0,1358577962
3767536,25645,94478,2.5,1361012928
3767537,25645,94833,3.0,1358565375
3767538,25645,94959,3.0,1358510344
3767539,25645,95034,2.0,1358565693
3767540,25645,95167,4.0,1358560638
3767541,25645,95197,3.0,1359721996
3767542,25645,95207,3.0,1361604797
3767543,25645,95449,3.0,1360201374
3767544,25645,95558,3.0,1360238349
3767545,25645,96079,4.5,1365513313
3767546,25645,96110,3.0,1358561687
3767547,25645,96121,2.5,1358510961
3767548,25645,96281,2.5,1359783168
3767549,25645,96488,4.0,1362481602
3767550,25645,96606,3.0,1391683947
3767551,25645,96655,3.0,1371852724
3767552,25645,96687,3.5,1416911104
3767553,25645,96728,1.0,1371766012
3767554,25645,96751,3.0,1362053192
3767555,25645,96969,3.5,1374583597
3767556,25645,96991,4.0,1359806542
3767557,25645,97172,2.0,1367737650
3767558,25645,97225,4.0,1358837839
3767559,25645,97304,4.5,1362913375
3767560,25645,97752,3.0,1383046841
3767561,25645,97921,4.0,1373548712
3767562,25645,97923,4.5,1373114544
3767563,25645,97938,4.0,1368283541
3767564,25645,98017,3.5,1375436489
3767565,25645,98054,3.0,1382475421
3767566,25645,98154,4.0,1371993425
3767567,25645,98203,4.0,1364606197
3767568,25645,98243,4.5,1366244892
3767569,25645,98585,4.5,1369047677
3767570,25645,98809,4.0,1358510536
3767571,25645,98836,3.0,1381701437
3767572,25645,98961,3.5,1379213337
3767573,25645,99087,3.5,1383686681
3767574,25645,99106,3.0,1375188699
3767575,25645,99112,4.0,1370438907
3767576,25645,99145,5.0,1373717545
3767577,25645,99149,5.0,1358511049
3767578,25645,99220,3.0,1371210314
3767579,25645,99415,3.5,1369382769
3767580,25645,99532,4.0,1358511058
3767581,25645,100385,3.0,1378427501
3767582,25645,100485,3.5,1379131918
3767583,25645,100487,3.0,1381316748
3767584,25645,100498,3.5,1379423524
3767585,25645,100527,3.5,1376611192
3767586,25645,100611,3.5,1375450958
3767587,25645,101025,3.5,1377867129
3767588,25645,101088,3.5,1391304985
3767589,25645,101112,2.0,1374181616
3767590,25645,101142,3.0,1386499741
3767591,25645,101864,4.0,1376655815
3767592,25645,102125,3.0,1380286786
3767593,25645,102194,3.0,1394831927
3767594,25645,102407,4.0,1371383418
3767595,25645,102445,3.5,1399591222
3767596,25645,102686,1.0,1382009386
3767597,25645,102720,3.0,1382702890
3767598,25645,102819,3.5,1386070409
3767599,25645,102880,3.0,1396958143
3767600,25645,102903,4.0,1403702828
3767601,25645,102993,3.0,1388405931
3767602,25645,103030,4.0,1409098077
3767603,25645,103042,3.5,1386499762
3767604,25645,103083,4.0,1383348216
3767605,25645,103141,4.0,1384518648
3767606,25645,103228,3.0,1386808602
3767607,25645,103253,3.0,1391304972
3767608,25645,103275,3.5,1385465151
3767609,25645,103339,4.0,1389790131
3767610,25645,103341,3.5,1388697241
3767611,25645,103384,3.0,1384067478
3767612,25645,103755,3.5,1399092634
3767613,25645,103772,3.5,1388837287
3767614,25645,103810,4.0,1389614057
3767615,25645,103867,3.5,1405514454
3767616,25645,103980,3.0,1396352196
3767617,25645,104218,1.0,1399117055
3767618,25645,104245,2.5,1397344326
3767619,25645,104337,3.5,1395469618
3767620,25645,104374,4.0,1393501261
3767621,25645,104841,4.0,1394277077
3767622,25645,104879,3.5,1402489684
3767623,25645,104913,3.5,1396092519
3767624,25645,105197,3.5,1414929579
3767625,25645,105211,3.5,1411995854
3767626,25645,105420,4.0,1401281123
3767627,25645,105504,4.5,1394931869
3767628,25645,105742,2.0,1401621370
3767629,25645,105954,3.5,1407151121
3767630,25645,106072,3.5,1399788955
3767631,25645,106100,4.5,1408109654
3767632,25645,106438,4.0,1403091899
3767633,25645,106487,3.5,1397115432
3767634,25645,106489,4.0,1388222091
3767635,25645,106491,3.5,1419574795
3767636,25645,106540,4.0,1411460375
3767637,25645,106696,4.0,1402054546
3767638,25645,106839,3.5,1408504404
3767639,25645,106841,3.0,1400408033
3767640,25645,106918,3.0,1400591301
3767641,25645,107141,4.0,1404907747
3767642,25645,107771,3.0,1421408635
3767643,25645,107949,3.0,1414498184
3767644,25645,107980,4.0,1400881968
3767645,25645,107987,1.5,1399951840
3767646,25645,108190,4.0,1410870520
3767647,25645,108689,4.0,1413284167
3767648,25645,108928,3.5,1411821756
3767649,25645,108932,3.5,1404559769
3767650,25645,108945,2.5,1403091884
3767651,25645,109376,3.5,1412807865
3767652,25645,109627,3.5,1403960493
3767653,25645,109864,2.0,1406285199
3767654,25645,110127,3.0,1409579025
3767655,25645,110295,3.0,1405690212
3767656,25645,110586,4.0,1418576615
3767657,25645,110730,3.0,1417607565
3767658,25645,110796,3.0,1405429189
3767659,25645,110871,3.5,1401281197
3767660,25645,110968,3.0,1410092108
3767661,25645,111249,3.5,1410827429
3767662,25645,111362,4.0,1418724876
3767663,25645,111544,4.0,1409736574
3767664,25645,111659,4.0,1414234496
3767665,25645,111743,3.5,1415451679
3767666,25645,111759,3.5,1423223447
3767667,25645,112175,3.5,1417686585
3767668,25645,112316,4.0,1420212740
3767669,25645,112623,3.5,1418733711
3767670,25645,112735,3.5,1418865577
3767671,25645,113275,4.0,1423227133
3767672,25645,113378,3.5,1422958470
3767673,25645,114028,4.0,1425854056
3767674,25645,114795,3.5,1426334047
3767675,25645,115220,3.0,1415047338
3767676,25645,117871,4.5,1422271673
3767677,25645,118696,4.5,1423359379
3767678,25645,126599,2.5,1424765861
3767679,25646,3,4.0,842581096
3767680,25646,5,4.0,842580161
3767681,25646,7,5.0,842580965
3767682,25646,11,5.0,842582282
3767683,25646,12,5.0,842583424
3767684,25646,46,4.0,842581604
3767685,25646,54,3.0,842582529
3767686,25646,62,4.0,842579654
3767687,25646,64,3.0,842582911
3767688,25646,102,4.0,842583251
3767689,25646,105,3.0,842579748
3767690,25646,107,5.0,842581529
3767691,25646,110,3.0,842579094
3767692,25646,112,2.0,842580540
3767693,25646,135,5.0,842582096
3767694,25646,150,5.0,842578850
3767695,25646,151,4.0,842579544
3767696,25646,158,4.0,842579691
3767697,25646,161,5.0,842579022
3767698,25646,186,4.0,842579544
3767699,25646,234,1.0,842580540
3767700,25646,236,4.0,842579477
3767701,25646,246,3.0,842580028
3767702,25646,252,4.0,842579544
3767703,25646,256,5.0,842579723
3767704,25646,275,2.0,842581212
3767705,25646,317,4.0,842579364
3767706,25646,329,3.0,842578944
3767707,25646,339,5.0,842579095
3767708,25646,362,4.0,842582067
3767709,25646,364,5.0,842579172
3767710,25646,368,4.0,842579912
3767711,25646,370,4.0,842579806
3767712,25646,410,4.0,842579192
3767713,25646,415,4.0,842580983
3767714,25646,419,3.0,842580261
3767715,25646,435,3.0,842579431
3767716,25646,453,5.0,842582467
3767717,25646,454,4.0,842579095
3767718,25646,457,4.0,842578944
3767719,25646,466,4.0,842580112
3767720,25646,468,5.0,842580077
3767721,25646,484,4.0,842582445
3767722,25646,489,4.0,842580808
3767723,25646,500,4.0,842579231
3767724,25646,533,3.0,842581158
3767725,25646,539,3.0,842579403
3767726,25646,586,5.0,842579231
3767727,25646,587,4.0,842579364
3767728,25646,588,5.0,842578901
3767729,25646,590,5.0,842578849
3767730,25646,592,4.0,842582446
3767731,25646,594,5.0,842580112
3767732,25646,595,3.0,842578944
3767733,25646,597,4.0,842579231
3767734,25646,616,4.0,842580603
3767735,25646,648,5.0,842579912
3767736,25646,708,4.0,842580808
3767737,25646,761,5.0,842582123
3767738,25646,788,3.0,842581424
3767739,25646,801,2.0,842581891
3767740,25646,802,4.0,842583824
3767741,25646,1007,5.0,842582016
3767742,25646,1008,4.0,842582328
3767743,25646,1009,3.0,842582657
3767744,25646,1010,3.0,842582253
3767745,25646,1011,4.0,842582635
3767746,25646,1012,4.0,842582307
3767747,25646,1013,5.0,842581996
3767748,25646,1014,4.0,842582016
3767749,25646,1016,5.0,842582282
3767750,25646,1017,5.0,842582282
3767751,25646,1018,4.0,842582067
3767752,25646,1019,4.0,842582445
3767753,25646,1020,5.0,842581891
3767754,25646,1023,5.0,842582096
3767755,25646,1025,5.0,842582123
3767756,25646,1028,5.0,842581891
3767757,25646,1029,5.0,842582185
3767758,25646,1030,4.0,842582209
3767759,25646,1031,3.0,842582253
3767760,25646,1033,3.0,842582700
3767761,25646,1035,5.0,842581996
3767762,25647,111,1.0,992308735
3767763,25647,1662,1.0,992308735
3767764,25647,3247,2.0,992308735
3767765,25647,3388,1.0,992308735
3767766,25647,3770,4.0,992308735
3767767,25647,4042,3.0,992308735
3767768,25647,4223,3.0,992308822
3767769,25647,4228,3.0,992308894
3767770,25647,4232,2.0,992308822
3767771,25647,4238,4.0,992308894
3767772,25647,4239,1.0,992308822
3767773,25647,4246,5.0,992308822
3767774,25647,4247,1.0,992308894
3767775,25647,4254,3.0,992308894
3767776,25647,4265,3.0,992308894
3767777,25647,4267,4.0,992308822
3767778,25647,4270,5.0,992308822
3767779,25647,4299,3.0,992308894
3767780,25647,4306,2.0,992308822
3767781,25647,4308,4.0,992308894
3767782,25647,4310,3.0,992308822
3767783,25648,1,3.0,851950715
3767784,25648,3,4.0,851950801
3767785,25648,5,4.0,851950801
3767786,25648,25,4.0,851950715
3767787,25648,32,5.0,851950714
3767788,25648,62,5.0,851950715
3767789,25648,64,4.0,851956448
3767790,25648,65,5.0,851956615
3767791,25648,74,5.0,851952041
3767792,25648,95,5.0,851952041
3767793,25648,104,5.0,851951117
3767794,25648,141,3.0,851950715
3767795,25648,376,3.0,851950801
3767796,25648,648,4.0,851950715
3767797,25648,653,5.0,851951117
3767798,25648,708,5.0,851951117
3767799,25648,736,5.0,851950715
3767800,25648,762,5.0,851956504
3767801,25648,780,4.0,851950715
3767802,25648,784,3.0,851951117
3767803,25648,1006,3.0,851956615
3767804,25648,1073,4.0,851951117
3767805,25648,1356,5.0,851952201
3767806,25649,111,4.0,1042719271
3767807,25649,231,3.0,1042718118
3767808,25649,296,4.0,1042719117
3767809,25649,364,3.0,1042718176
3767810,25649,527,5.0,1042719193
3767811,25649,531,2.0,1042718088
3767812,25649,593,5.0,1042718118
3767813,25649,720,5.0,1042719239
3767814,25649,745,5.0,1042719335
3767815,25649,858,5.0,1042718176
3767816,25649,1036,4.0,1042719450
3767817,25649,1097,4.0,1042718088
3767818,25649,1136,4.0,1042719502
3767819,25649,1196,4.0,1042719292
3767820,25649,1198,5.0,1042719183
3767821,25649,1221,4.0,1042719117
3767822,25649,1240,3.0,1042719502
3767823,25649,1262,5.0,1042719502
3767824,25649,1270,5.0,1042719426
3767825,25649,1387,4.0,1042719488
3767826,25649,1425,3.0,1042718118
3767827,25649,1617,4.0,1042719437
3767828,25649,2028,5.0,1042719426
3767829,25649,2396,3.0,1042719335
3767830,25649,2791,5.0,1042719388
3767831,25649,2858,5.0,1042719154
3767832,25649,3147,4.0,1042719426
3767833,25649,3300,3.0,1042718247
3767834,25649,3301,3.0,1042718680
3767835,25649,3481,4.0,1042718465
3767836,25649,3617,4.0,1042718736
3767837,25649,3751,5.0,1042718496
3767838,25649,3821,4.0,1042718699
3767839,25649,3826,3.0,1042718311
3767840,25649,3981,3.0,1042718328
3767841,25649,3994,3.0,1042718247
3767842,25649,4025,3.0,1042718699
3767843,25649,4225,4.0,1042718530
3767844,25649,4255,3.0,1042719004
3767845,25649,4343,4.0,1042718283
3767846,25649,4386,2.0,1042718909
3767847,25649,4388,3.0,1042718927
3767848,25649,4638,2.0,1042718311
3767849,25649,4701,3.0,1042718714
3767850,25649,4718,3.0,1042718680
3767851,25649,4886,4.0,1042718465
3767852,25649,4890,2.0,1042718659
3767853,25649,4896,5.0,1042718176
3767854,25649,4954,5.0,1042718118
3767855,25649,4963,5.0,1042718530
3767856,25649,4974,4.0,1042718774
3767857,25649,5134,3.0,1042718549
3767858,25649,5283,3.0,1042718962
3767859,25649,5323,2.0,1042718343
3767860,25649,5349,3.0,1042718247
3767861,25649,5377,2.0,1042718496
3767862,25649,5378,4.0,1042718283
3767863,25649,5445,4.0,1042718247
3767864,25649,5449,3.0,1042718797
3767865,25649,5459,4.0,1042718311
3767866,25649,5462,5.0,1042718149
3767867,25649,5463,3.0,1042718283
3767868,25649,5481,4.0,1042718750
3767869,25650,2,3.0,847151210
3767870,25650,6,3.0,847151414
3767871,25650,10,3.0,847150927
3767872,25650,11,3.0,847151179
3767873,25650,17,4.0,847151269
3767874,25650,21,4.0,847151068
3767875,25650,22,3.0,847151538
3767876,25650,25,3.0,847151360
3767877,25650,32,3.0,847151107
3767878,25650,34,4.0,847151031
3767879,25650,36,4.0,847151414
3767880,25650,45,3.0,847151570
3767881,25650,47,4.0,847150997
3767882,25650,50,4.0,847151107
3767883,25650,105,3.0,847151438
3767884,25650,110,5.0,847150964
3767885,25650,111,3.0,847151492
3767886,25650,141,5.0,847151269
3767887,25650,150,4.0,847150751
3767888,25650,153,2.0,847150807
3767889,25650,161,4.0,847150927
3767890,25650,165,3.0,847150807
3767891,25650,185,3.0,847150927
3767892,25650,186,3.0,847151298
3767893,25650,193,1.0,847151469
3767894,25650,208,3.0,847150927
3767895,25650,225,3.0,847151107
3767896,25650,235,3.0,847151328
3767897,25650,246,4.0,847151570
3767898,25650,253,3.0,847150964
3767899,25650,257,3.0,847151781
3767900,25650,261,3.0,847151360
3767901,25650,266,3.0,847151179
3767902,25650,272,4.0,847151538
3767903,25650,288,1.0,847150997
3767904,25650,292,3.0,847150927
3767905,25650,293,3.0,847151328
3767906,25650,296,3.0,847150751
3767907,25650,300,4.0,847151031
3767908,25650,316,3.0,847150849
3767909,25650,317,3.0,847151143
3767910,25650,318,5.0,847150890
3767911,25650,329,3.0,847150890
3767912,25650,344,1.0,847150807
3767913,25650,348,4.0,847151595
3767914,25650,349,4.0,847150849
3767915,25650,350,3.0,847151179
3767916,25650,356,5.0,847150890
3767917,25650,357,4.0,847151107
3767918,25650,368,3.0,847151360
3767919,25650,370,3.0,847151414
3767920,25650,371,3.0,847151754
3767921,25650,377,4.0,847150997
3767922,25650,380,3.0,847150751
3767923,25650,440,3.0,847151143
3767924,25650,454,4.0,847150964
3767925,25650,457,4.0,847150807
3767926,25650,474,3.0,847151210
3767927,25650,477,3.0,847151754
3767928,25650,480,3.0,847150890
3767929,25650,500,3.0,847151032
3767930,25650,508,4.0,847151269
3767931,25650,509,3.0,847151236
3767932,25650,515,4.0,847151469
3767933,25650,527,5.0,847151107
3767934,25650,529,4.0,847151645
3767935,25650,553,3.0,847151236
3767936,25650,586,3.0,847151068
3767937,25650,587,3.0,847151068
3767938,25650,588,4.0,847150807
3767939,25650,589,3.0,847150964
3767940,25650,590,4.0,847150751
3767941,25650,592,3.0,847150751
3767942,25650,593,5.0,847150849
3767943,25650,595,3.0,847150849
3767944,25650,597,3.0,847151031
3767945,25650,733,3.0,847151618
3767946,25650,736,3.0,847151298
3767947,25651,1,4.0,1257544648
3767948,25651,2,3.0,1257194491
3767949,25651,3,3.5,1257545302
3767950,25651,5,3.0,1257195528
3767951,25651,6,3.5,1257194409
3767952,25651,7,3.5,1257195308
3767953,25651,10,3.0,1257194245
3767954,25651,11,3.5,1257194629
3767955,25651,16,3.5,1257194737
3767956,25651,19,2.5,1257545052
3767957,25651,21,3.5,1257259342
3767958,25651,22,3.5,1257196126
3767959,25651,24,3.0,1257196744
3767960,25651,25,3.5,1257194444
3767961,25651,32,4.0,1257272550
3767962,25651,34,4.5,1332615429
3767963,25651,36,3.5,1257544989
3767964,25651,39,3.5,1257194352
3767965,25651,47,4.5,1332646177
3767966,25651,48,2.5,1257195577
3767967,25651,50,4.5,1257187215
3767968,25651,62,3.5,1257187591
3767969,25651,65,1.0,1332616113
3767970,25651,70,3.5,1257195913
3767971,25651,88,3.5,1257186729
3767972,25651,95,3.0,1257544923
3767973,25651,101,3.5,1257277592
3767974,25651,104,4.5,1257187751
3767975,25651,105,3.5,1257196319
3767976,25651,110,4.0,1257194131
3767977,25651,141,3.0,1257194389
3767978,25651,150,4.0,1257187364
3767979,25651,160,3.0,1257195253
3767980,25651,161,4.0,1257194378
3767981,25651,163,3.5,1257545365
3767982,25651,165,4.0,1257194185
3767983,25651,168,3.5,1257195822
3767984,25651,185,3.0,1257194370
3767985,25651,186,3.0,1257195879
3767986,25651,193,2.0,1260283138
3767987,25651,196,3.5,1257547041
3767988,25651,208,2.5,1257194282
3767989,25651,223,3.5,1257187597
3767990,25651,225,3.5,1257195601
3767991,25651,231,3.5,1257194226
3767992,25651,236,3.0,1257195773
3767993,25651,246,4.0,1350159630
3767994,25651,260,4.0,1257278108
3767995,25651,265,4.0,1257195865
3767996,25651,266,3.0,1257194744
3767997,25651,292,3.0,1257463918
3767998,25651,293,4.0,1257259395
3767999,25651,296,4.0,1257187149
3768000,25651,300,4.0,1332616691
3768001,25651,316,3.5,1257194216
3768002,25651,318,5.0,1257187169
3768003,25651,329,3.0,1257194255
3768004,25651,333,3.0,1257196277
3768005,25651,337,3.5,1257194683
3768006,25651,339,3.5,1257194403
3768007,25651,344,3.0,1257187228
3768008,25651,349,4.0,1257194222
3768009,25651,353,3.0,1257194792
3768010,25651,355,1.5,1257196421
3768011,25651,356,4.0,1257187153
3768012,25651,357,4.5,1257194273
3768013,25651,364,3.5,1257194200
3768014,25651,367,3.0,1257194233
3768015,25651,368,4.0,1257187806
3768016,25651,370,3.0,1257195353
3768017,25651,377,3.5,1257194169
3768018,25651,380,3.5,1257194157
3768019,25651,410,3.0,1257194571
3768020,25651,420,2.5,1257464568
3768021,25651,432,3.0,1257195505
3768022,25651,434,2.5,1257194330
3768023,25651,435,2.5,1257195447
3768024,25651,440,3.5,1257194524
3768025,25651,441,3.0,1257193317
3768026,25651,442,3.0,1257194663
3768027,25651,450,3.0,1257463940
3768028,25651,454,3.5,1257194338
3768029,25651,457,4.0,1257187360
3768030,25651,466,2.5,1257195434
3768031,25651,471,4.5,1332615846
3768032,25651,474,4.0,1257194582
3768033,25651,480,2.5,1257187166
3768034,25651,485,2.5,1257195719
3768035,25651,494,3.5,1257195464
3768036,25651,497,4.0,1332616610
3768037,25651,500,3.0,1257187273
3768038,25651,508,3.0,1257259200
3768039,25651,514,4.0,1257259505
3768040,25651,520,3.0,1257545350
3768041,25651,524,4.0,1257272226
3768042,25651,527,4.0,1257187343
3768043,25651,529,4.0,1257196064
3768044,25651,539,3.5,1257194265
3768045,25651,541,4.0,1257187514
3768046,25651,542,2.5,1257186809
3768047,25651,543,3.5,1257195750
3768048,25651,551,3.5,1257187761
3768049,25651,552,3.0,1257195730
3768050,25651,553,3.5,1257195235
3768051,25651,555,3.5,1257195408
3768052,25651,585,3.0,1257196401
3768053,25651,586,3.0,1257259316
3768054,25651,587,3.5,1257187450
3768055,25651,588,3.0,1257194162
3768056,25651,589,4.0,1257272796
3768057,25651,590,3.0,1257187387
3768058,25651,593,4.5,1257187159
3768059,25651,595,3.5,1257544690
3768060,25651,597,3.5,1257187269
3768061,25651,608,4.5,1332615624
3768062,25651,661,3.5,1257196180
3768063,25651,674,2.0,1257186834
3768064,25651,733,3.5,1257187262
3768065,25651,736,2.0,1257187283
3768066,25651,762,2.0,1257196190
3768067,25651,784,2.5,1257545306
3768068,25651,785,3.5,1257196172
3768069,25651,786,3.5,1257187790
3768070,25651,802,3.0,1257195742
3768071,25651,858,4.5,1332615566
3768072,25651,902,4.5,1344308167
3768073,25651,904,4.5,1257193612
3768074,25651,908,4.5,1332615606
3768075,25651,916,4.0,1376204752
3768076,25651,919,4.0,1257187602
3768077,25651,920,4.0,1350159432
3768078,25651,924,4.0,1257259373
3768079,25651,969,4.0,1350159078
3768080,25651,1028,4.0,1257195660
3768081,25651,1036,4.0,1257187494
3768082,25651,1059,3.5,1257550046
3768083,25651,1060,3.5,1257196364
3768084,25651,1073,5.0,1332615380
3768085,25651,1079,4.0,1257194639
3768086,25651,1088,3.5,1257196159
3768087,25651,1089,4.5,1332615408
3768088,25651,1090,4.0,1257195294
3768089,25651,1092,4.0,1257196142
3768090,25651,1094,4.0,1257195754
3768091,25651,1095,4.5,1257277646
3768092,25651,1097,3.5,1257187414
3768093,25651,1101,4.0,1257187684
3768094,25651,1127,4.0,1257195161
3768095,25651,1131,4.5,1257268311
3768096,25651,1132,4.5,1257268276
3768097,25651,1172,3.5,1257196765
3768098,25651,1183,3.0,1257194755
3768099,25651,1196,4.5,1257193496
3768100,25651,1197,5.0,1257278307
3768101,25651,1198,4.0,1257187234
3768102,25651,1199,4.5,1257272681
3768103,25651,1200,4.0,1257194429
3768104,25651,1201,4.0,1257193675
3768105,25651,1203,4.5,1257196385
3768106,25651,1206,4.0,1350159339
3768107,25651,1207,4.0,1257193775
3768108,25651,1208,4.0,1257193906
3768109,25651,1210,4.0,1257194150
3768110,25651,1213,4.0,1257193551
3768111,25651,1214,4.0,1257194313
3768112,25651,1215,4.0,1257195957
3768113,25651,1218,4.0,1257193598
3768114,25651,1219,4.0,1257194698
3768115,25651,1220,3.5,1257194655
3768116,25651,1221,4.5,1332615569
3768117,25651,1222,4.0,1257193679
3768118,25651,1225,4.0,1257194557
3768119,25651,1240,4.0,1257194248
3768120,25651,1246,4.0,1257187742
3768121,25651,1249,4.0,1257196546
3768122,25651,1257,4.0,1257186694
3768123,25651,1258,4.0,1257268056
3768124,25651,1259,4.0,1257187693
3768125,25651,1261,3.5,1257186619
3768126,25651,1265,4.0,1257187467
3768127,25651,1266,4.5,1257195704
3768128,25651,1270,4.0,1257187247
3768129,25651,1285,4.0,1257272908
3768130,25651,1288,4.0,1257195263
3768131,25651,1297,4.0,1260230572
3768132,25651,1298,3.5,1257550525
3768133,25651,1302,4.0,1257195978
3768134,25651,1307,4.5,1257187621
3768135,25651,1333,4.0,1257196195
3768136,25651,1343,3.5,1257196494
3768137,25651,1358,4.0,1257195604
3768138,25651,1370,3.5,1257195338
3768139,25651,1380,4.0,1332615497
3768140,25651,1387,4.0,1257194504
3768141,25651,1391,3.0,1257194767
3768142,25651,1393,4.0,1257187608
3768143,25651,1394,3.5,1257195298
3768144,25651,1396,4.0,1257195786
3768145,25651,1408,4.0,1257195928
3768146,25651,1409,3.0,1257547674
3768147,25651,1441,2.0,1257186657
3768148,25651,1461,2.5,1257464520
3768149,25651,1466,4.0,1257196360
3768150,25651,1485,3.0,1257545198
3768151,25651,1500,3.5,1257195356
3768152,25651,1517,3.5,1257545025
3768153,25651,1527,3.5,1257194419
3768154,25651,1552,3.5,1257195553
3768155,25651,1573,3.0,1257187810
3768156,25651,1580,3.5,1257544720
3768157,25651,1584,4.0,1257187672
3768158,25651,1597,4.0,1257196221
3768159,25651,1608,3.5,1257195501
3768160,25651,1610,4.5,1257194501
3768161,25651,1625,4.0,1332616925
3768162,25651,1639,3.5,1257195385
3768163,25651,1641,4.0,1257545252
3768164,25651,1645,3.5,1257196134
3768165,25651,1653,3.5,1257194760
3768166,25651,1673,4.0,1257195733
3768167,25651,1674,3.5,1257196020
3768168,25651,1682,4.0,1257545118
3768169,25651,1704,4.5,1257187529
3768170,25651,1721,3.0,1257187420
3768171,25651,1777,4.0,1257195655
3768172,25651,1779,3.0,1257547096
3768173,25651,1784,3.5,1257547623
3768174,25651,1805,3.0,1257267917
3768175,25651,1884,3.5,1257268007
3768176,25651,1912,4.0,1257196842
3768177,25651,1917,2.5,1257187629
3768178,25651,1918,3.0,1257196631
3768179,25651,1923,4.5,1332615525
3768180,25651,1947,4.0,1257196909
3768181,25651,1950,4.5,1257544074
3768182,25651,1953,4.0,1257277199
3768183,25651,1954,4.0,1257195588
3768184,25651,1961,4.0,1257187541
3768185,25651,1968,3.5,1257187666
3768186,25651,1994,4.0,1257196692
3768187,25651,1997,4.0,1257195857
3768188,25651,2000,4.0,1257195145
3768189,25651,2001,4.0,1257546814
3768190,25651,2002,4.0,1257196665
3768191,25651,2003,4.0,1257196199
3768192,25651,2005,4.5,1332615713
3768193,25651,2011,3.5,1257545169
3768194,25651,2012,3.0,1257194587
3768195,25651,2019,4.0,1257193624
3768196,25651,2020,3.0,1257186596
3768197,25651,2028,4.0,1257193886
3768198,25651,2054,2.5,1257545211
3768199,25651,2076,3.5,1257196884
3768200,25651,2080,3.5,1257196462
3768201,25651,2081,3.5,1257195516
3768202,25651,2100,3.5,1257196002
3768203,25651,2115,3.0,1257187775
3768204,25651,2145,3.5,1257186613
3768205,25651,2146,3.5,1257464676
3768206,25651,2150,4.0,1257197167
3768207,25651,2161,4.0,1332615731
3768208,25651,2167,3.5,1257196101
3768209,25651,2174,3.5,1257194610
3768210,25651,2193,3.0,1257196638
3768211,25651,2194,4.0,1257195291
3768212,25651,2231,4.0,1332617083
3768213,25651,2248,4.0,1257196694
3768214,25651,2259,3.0,1257450708
3768215,25651,2261,3.5,1257463544
3768216,25651,2268,4.0,1257195342
3768217,25651,2291,3.5,1257187768
3768218,25651,2294,3.5,1257196501
3768219,25651,2302,3.5,1257195388
3768220,25651,2355,3.5,1257194539
3768221,25651,2371,4.0,1257186646
3768222,25651,2372,3.0,1257464542
3768223,25651,2379,2.5,1257550749
3768224,25651,2395,3.5,1257195694
3768225,25651,2396,4.0,1257544968
3768226,25651,2401,4.5,1332616735
3768227,25651,2405,3.5,1257450625
3768228,25651,2406,4.0,1257195468
3768229,25651,2407,4.0,1257196242
3768230,25651,2423,4.5,1332615758
3768231,25651,2424,3.0,1257196269
3768232,25651,2455,3.0,1257196508
3768233,25651,2461,0.5,1257277067
3768234,25651,2469,2.5,1257186797
3768235,25651,2470,4.0,1257195975
3768236,25651,2482,4.0,1258648350
3768237,25651,2502,4.5,1257187801
3768238,25651,2513,2.5,1257277107
3768239,25651,2514,1.5,1257277102
3768240,25651,2528,4.0,1257787640
3768241,25651,2529,4.0,1257195900
3768242,25651,2539,3.5,1257196620
3768243,25651,2571,4.0,1257187323
3768244,25651,2617,3.5,1294615610
3768245,25651,2628,2.5,1257259230
3768246,25651,2640,3.5,1257195180
3768247,25651,2683,3.5,1257194450
3768248,25651,2692,3.5,1257195241
3768249,25651,2694,3.0,1257196659
3768250,25651,2701,2.5,1257463004
3768251,25651,2706,4.0,1257187619
3768252,25651,2712,3.5,1257462394
3768253,25651,2716,4.0,1257187502
3768254,25651,2717,3.0,1257464599
3768255,25651,2724,3.5,1257196914
3768256,25651,2735,1.5,1332616050
3768257,25651,2746,3.5,1257196880
3768258,25651,2748,2.5,1257547148
3768259,25651,2762,4.0,1257544703
3768260,25651,2770,3.0,1257196261
3768261,25651,2794,3.5,1332615762
3768262,25651,2795,4.0,1257464496
3768263,25651,2797,3.5,1257187732
3768264,25651,2804,4.5,1257195971
3768265,25651,2858,3.5,1257193651
3768266,25651,2890,3.5,1257195996
3768267,25651,2916,4.0,1257187701
3768268,25651,2917,4.0,1257550624
3768269,25651,2918,4.0,1257187663
3768270,25651,2959,4.0,1257268148
3768271,25651,2968,4.5,1332615946
3768272,25651,2985,4.0,1257195637
3768273,25651,2987,3.0,1257545035
3768274,25651,2997,4.0,1332615193
3768275,25651,3018,3.5,1257272526
3768276,25651,3019,3.5,1257546949
3768277,25651,3033,3.0,1257196239
3768278,25651,3039,4.0,1257196717
3768279,25651,3052,3.0,1257195281
3768280,25651,3072,3.5,1257196601
3768281,25651,3114,4.0,1257194496
3768282,25651,3147,4.0,1257187821
3768283,25651,3175,3.5,1257195643
3768284,25651,3176,4.0,1257195619
3768285,25651,3210,3.5,1257186571
3768286,25651,3253,4.0,1257195861
3768287,25651,3256,4.0,1257196687
3768288,25651,3265,4.0,1257272453
3768289,25651,3275,4.5,1332613282
3768290,25651,3408,3.5,1257545271
3768291,25651,3418,3.5,1257195921
3768292,25651,3421,4.0,1257196162
3768293,25651,3435,4.0,1257787942
3768294,25651,3448,4.0,1257196078
3768295,25651,3469,4.5,1344308186
3768296,25651,3476,4.0,1257272493
3768297,25651,3499,4.0,1257196854
3768298,25651,3505,4.0,1257267902
3768299,25651,3527,4.0,1257195802
3768300,25651,3552,4.0,1257196895
3768301,25651,3578,4.0,1257194300
3768302,25651,3698,3.5,1257550738
3768303,25651,3702,4.0,1257196872
3768304,25651,3717,3.0,1257196604
3768305,25651,3740,4.0,1257186750
3768306,25651,3751,4.0,1257464477
3768307,25651,3753,3.5,1257195822
3768308,25651,3755,3.0,1257259062
3768309,25651,3863,1.5,1332616167
3768310,25651,3877,2.0,1257450669
3768311,25651,3911,4.0,1257196512
3768312,25651,3948,3.5,1257195488
3768313,25651,3977,3.0,1257195207
3768314,25651,3996,4.0,1257193207
3768315,25651,4019,4.5,1332616959
3768316,25651,4022,3.5,1257195150
3768317,25651,4027,4.0,1257272151
3768318,25651,4084,3.5,1257464571
3768319,25651,4085,4.0,1257196456
3768320,25651,4091,3.5,1257463747
3768321,25651,4226,4.0,1257187586
3768322,25651,4246,3.5,1257196086
3768323,25651,4247,4.0,1356198110
3768324,25651,4299,4.0,1257277757
3768325,25651,4306,4.0,1257194308
3768326,25651,4308,4.0,1257196347
3768327,25651,4361,4.0,1257547680
3768328,25651,4369,3.5,1294615324
3768329,25651,4406,4.0,1257197463
3768330,25651,4467,4.5,1332616988
3768331,25651,4622,3.5,1257463962
3768332,25651,4641,3.5,1257278121
3768333,25651,4718,4.0,1332615692
3768334,25651,4720,3.5,1257196787
3768335,25651,4754,4.0,1257551036
3768336,25651,4757,3.5,1257259008
3768337,25651,4823,4.0,1257463613
3768338,25651,4844,4.0,1257547523
3768339,25651,4886,4.0,1257194550
3768340,25651,4963,4.0,1257277770
3768341,25651,4973,4.0,1257193516
3768342,25651,4979,3.5,1257196338
3768343,25651,4985,1.5,1257547204
3768344,25651,4993,4.0,1257194260
3768345,25651,4995,4.0,1257194727
3768346,25651,5283,4.0,1257197140
3768347,25651,5292,4.0,1257272293
3768348,25651,5346,2.0,1257604157
3768349,25651,5377,3.5,1257196824
3768350,25651,5418,4.0,1257195311
3768351,25651,5445,3.5,1257194516
3768352,25651,5502,3.0,1257196563
3768353,25651,5574,3.5,1257463148
3768354,25651,5620,3.5,1257463873
3768355,25651,5673,3.5,1257278480
3768356,25651,5782,4.0,1257193608
3768357,25651,5816,3.5,1257196036
3768358,25651,5902,4.0,1257272647
3768359,25651,5952,4.0,1257194344
3768360,25651,5989,4.0,1257195613
3768361,25651,6003,4.0,1260547898
3768362,25651,6153,2.0,1257450752
3768363,25651,6170,3.5,1257278130
3768364,25651,6296,4.0,1257277643
3768365,25651,6377,4.0,1257187797
3768366,25651,6534,2.5,1257197383
3768367,25651,6586,3.0,1373258306
3768368,25651,6636,4.0,1257463521
3768369,25651,6711,3.5,1257195839
3768370,25651,6874,4.0,1257195170
3768371,25651,6942,4.0,1257277619
3768372,25651,6944,4.5,1332615546
3768373,25651,7000,2.5,1257547907
3768374,25651,7123,3.5,1257268018
3768375,25651,7143,3.5,1257196813
3768376,25651,7263,4.0,1257272261
3768377,25651,7308,2.5,1257547128
3768378,25651,7361,4.0,1257272588
3768379,25651,8360,4.0,1257196015
3768380,25651,8376,3.5,1257272375
3768381,25651,8636,4.0,1257463249
3768382,25651,8665,4.0,1257196408
3768383,25651,8784,4.0,1260546493
3768384,25651,8874,3.5,1257462987
3768385,25651,8907,0.5,1332616138
3768386,25651,8961,4.0,1257195368
3768387,25651,8972,4.0,1257463326
3768388,25651,8984,3.0,1294615207
3768389,25651,25750,4.5,1332613196
3768390,25651,30707,4.0,1257277240
3768391,25651,30810,3.5,1257268035
3768392,25651,32203,4.0,1373258275
3768393,25651,33660,4.0,1257547712
3768394,25651,34162,4.0,1257186704
3768395,25651,34405,4.0,1257197508
3768396,25651,35836,4.0,1257277656
3768397,25651,36517,3.5,1257549898
3768398,25651,36519,3.0,1257463153
3768399,25651,37733,4.0,1257549750
3768400,25651,37855,3.5,1257789614
3768401,25651,43871,3.0,1257464653
3768402,25651,44199,4.5,1332617103
3768403,25651,46578,4.0,1260546490
3768404,25651,47099,3.5,1257462345
3768405,25651,48394,4.0,1258647830
3768406,25651,48516,4.0,1257193527
3768407,25651,48780,4.0,1257193859
3768408,25651,49272,4.0,1257789690
3768409,25651,49278,4.0,1332616907
3768410,25651,50872,4.0,1257462191
3768411,25651,51540,4.0,1257462211
3768412,25651,51662,3.5,1257193942
3768413,25651,52722,3.5,1257463253
3768414,25651,52973,4.0,1257463428
3768415,25651,53322,3.5,1294615214
3768416,25651,54286,4.5,1332615449
3768417,25651,54331,3.5,1257450508
3768418,25651,54503,4.5,1332615474
3768419,25651,55269,3.0,1257462177
3768420,25651,55276,4.0,1257550362
3768421,25651,55820,3.5,1257267968
3768422,25651,56152,4.5,1257463833
3768423,25651,56367,4.0,1260546448
3768424,25651,56949,3.5,1260686761
3768425,25651,58156,3.5,1260230689
3768426,25651,58559,4.0,1257193425
3768427,25651,58998,4.0,1257463415
3768428,25651,59315,4.5,1257462587
3768429,25651,59333,3.5,1257463796
3768430,25651,59369,4.0,1257549682
3768431,25651,59615,3.0,1257462627
3768432,25651,59784,4.0,1332615964
3768433,25651,60040,4.0,1257197386
3768434,25651,60069,3.0,1257193641
3768435,25651,60072,4.5,1332615996
3768436,25651,61132,3.5,1257550443
3768437,25651,61248,3.5,1260229764
3768438,25651,61323,2.5,1260548237
3768439,25651,63062,4.5,1260548053
3768440,25651,63113,3.5,1260547980
3768441,25651,64114,3.0,1257464633
3768442,25651,64614,4.5,1260766392
3768443,25651,64716,3.0,1257462739
3768444,25651,64839,4.0,1257462678
3768445,25651,65216,4.0,1257789522
3768446,25651,66198,3.5,1257789783
3768447,25651,67087,3.5,1294614935
3768448,25651,67408,3.5,1257187002
3768449,25651,67734,3.5,1257258890
3768450,25651,68073,4.0,1258414418
3768451,25651,68159,3.5,1257186986
3768452,25651,68358,4.0,1264180157
3768453,25651,68954,4.0,1294615582
3768454,25651,69122,4.5,1264180170
3768455,25651,69406,3.0,1257187075
3768456,25651,69757,4.0,1332615108
3768457,25651,70183,4.0,1260283083
3768458,25651,70293,4.0,1264180175
3768459,25651,71466,4.0,1286246211
3768460,25651,72011,4.0,1332613099
3768461,25651,73017,4.0,1267110631
3768462,25651,74458,4.0,1332646198
3768463,25651,76077,3.5,1294614884
3768464,25651,78469,3.5,1297177891
3768465,25651,78499,5.0,1294535589
3768466,25651,79091,4.5,1297177864
3768467,25651,79134,3.5,1294615036
3768468,25651,79293,3.5,1293997821
3768469,25651,79428,3.0,1294598372
3768470,25651,79572,3.5,1294598383
3768471,25651,79695,3.5,1294535639
3768472,25651,80463,4.0,1332613081
3768473,25651,80489,4.0,1297177852
3768474,25651,80839,4.5,1332615928
3768475,25651,81229,4.0,1297177879
3768476,25651,81537,2.5,1332616085
3768477,25651,81564,3.5,1294611957
3768478,25651,81847,4.0,1332617037
3768479,25651,81932,4.0,1332617045
3768480,25651,82459,4.0,1332615828
3768481,25651,83134,4.0,1332615221
3768482,25651,85414,4.0,1332616894
3768483,25651,89492,4.0,1332613065
3768484,25651,90866,4.5,1344308152
3768485,25651,91414,3.5,1332615276
3768486,25651,91542,4.0,1344321614
3768487,25651,93297,4.0,1332613166
3768488,25651,93326,3.5,1344308247
3768489,25651,93510,4.0,1332613010
3768490,25651,94070,4.0,1350159241
3768491,25651,97304,4.0,1356198129
3768492,25651,97913,3.5,1358635916
3768493,25651,97921,4.5,1363824957
3768494,25651,100498,2.0,1363824376
3768495,25652,1,5.0,947280577
3768496,25652,17,3.5,1073004586
3768497,25652,48,2.0,947624475
3768498,25652,150,5.0,947280764
3768499,25652,165,5.0,947624880
3768500,25652,223,4.0,947280424
3768501,25652,260,3.0,947281420
3768502,25652,296,4.0,947280495
3768503,25652,356,3.0,947192405
3768504,25652,368,4.0,947281134
3768505,25652,418,1.0,1016965079
3768506,25652,457,4.0,947281482
3768507,25652,480,4.0,947624820
3768508,25652,527,5.0,947280522
3768509,25652,589,4.0,947281420
3768510,25652,783,5.0,947280626
3768511,25652,832,4.0,949610506
3768512,25652,861,5.0,947624697
3768513,25652,905,4.0,947281665
3768514,25652,912,5.0,947280595
3768515,25652,919,5.0,947281803
3768516,25652,920,3.0,947192324
3768517,25652,921,5.0,947282312
3768518,25652,922,4.0,1007042198
3768519,25652,923,5.0,947281827
3768520,25652,946,5.0,947281870
3768521,25652,1036,5.0,947281461
3768522,25652,1060,2.0,976757248
3768523,25652,1090,5.0,947281295
3768524,25652,1196,4.0,947281237
3768525,25652,1198,4.0,947281420
3768526,25652,1208,3.0,947281237
3768527,25652,1220,4.0,947624772
3768528,25652,1222,3.0,947281341
3768529,25652,1225,5.0,947280467
3768530,25652,1230,3.0,1086560111
3768531,25652,1233,4.0,947281272
3768532,25652,1240,3.0,947281461
3768533,25652,1242,4.0,947192324
3768534,25652,1247,3.0,947192386
3768535,25652,1253,5.0,947281041
3768536,25652,1259,5.0,947281691
3768537,25652,1266,4.0,947281115
3768538,25652,1270,4.0,947192442
3768539,25652,1275,2.0,947624772
3768540,25652,1283,4.0,947281098
3768541,25652,1291,4.0,947624647
3768542,25652,1374,4.0,947281461
3768543,25652,1408,4.0,947624820
3768544,25652,1610,3.0,947281482
3768545,25652,1674,4.0,947282089
3768546,25652,1676,4.0,947281378
3768547,25652,1678,4.0,947281003
3768548,25652,1784,4.0,982098394
3768549,25652,1801,4.0,982701646
3768550,25652,1918,5.0,947624600
3768551,25652,1927,5.0,947281272
3768552,25652,1939,4.0,947281272
3768553,25652,1945,4.0,947281803
3768554,25652,2000,5.0,947624820
3768555,25652,2001,5.0,947624997
3768556,25652,2012,4.0,947281134
3768557,25652,2028,5.0,947281237
3768558,25652,2058,4.0,1052602383
3768559,25652,2106,4.0,1052602500
3768560,25652,2194,4.0,947624697
3768561,25652,2273,5.0,947193011
3768562,25652,2340,3.0,982701612
3768563,25652,2352,3.0,1056577211
3768564,25652,2396,5.0,982701571
3768565,25652,2406,4.0,947624915
3768566,25652,2431,3.0,982701526
3768567,25652,2436,5.0,982098340
3768568,25652,2439,3.0,1052602301
3768569,25652,2457,4.0,947624880
3768570,25652,2478,3.0,947281159
3768571,25652,2640,4.0,947624697
3768572,25652,2724,3.0,1002815886
3768573,25652,2771,5.0,1052602417
3768574,25652,2784,3.0,1041516017
3768575,25652,2863,5.0,947281565
3768576,25652,2879,4.0,949610566
3768577,25652,2880,2.0,949610566
3768578,25652,2922,4.0,947281159
3768579,25652,2985,4.0,947624772
3768580,25652,2987,4.0,947280975
3768581,25652,3035,4.0,947281272
3768582,25652,3049,3.0,947281321
3768583,25652,3052,2.0,976757221
3768584,25652,3066,4.0,947966755
3768585,25652,3088,4.0,947281665
3768586,25652,3196,5.0,947281067
3768587,25652,3540,4.0,1016965115
3768588,25652,3578,3.0,1002815930
3768589,25652,3599,3.0,1007042238
3768590,25652,3754,4.0,1017058854
3768591,25652,3996,3.0,1017058783
3768592,25652,4687,3.0,1052602340
3768593,25652,4975,2.0,1060124750
3768594,25652,5060,3.0,947281237
3768595,25652,5111,2.0,1052602448
3768596,25653,6,4.5,1109943801
3768597,25653,32,4.5,1109931313
3768598,25653,34,3.5,1110307912
3768599,25653,36,3.5,1110307985
3768600,25653,47,4.5,1110283076
3768601,25653,50,5.0,1109939051
3768602,25653,70,3.5,1109939193
3768603,25653,73,4.0,1109940582
3768604,25653,95,4.0,1110307971
3768605,25653,104,2.5,1109930073
3768606,25653,110,3.5,1109935173
3768607,25653,111,4.5,1109943626
3768608,25653,150,4.0,1109943438
3768609,25653,151,3.0,1109931613
3768610,25653,165,4.0,1109943553
3768611,25653,208,3.0,1109936243
3768612,25653,231,3.5,1109936236
3768613,25653,260,4.5,1109942301
3768614,25653,266,4.0,1109939031
3768615,25653,288,4.0,1110308028
3768616,25653,293,3.0,1109931543
3768617,25653,296,5.0,1109943149
3768618,25653,316,3.5,1110307899
3768619,25653,318,4.0,1109942142
3768620,25653,337,3.0,1109930111
3768621,25653,344,3.0,1109943544
3768622,25653,350,2.0,1109929591
3768623,25653,356,5.0,1109940849
3768624,25653,357,5.0,1110307954
3768625,25653,367,4.0,1110307933
3768626,25653,377,3.5,1109943471
3768627,25653,380,4.0,1109943445
3768628,25653,410,4.5,1110447842
3768629,25653,420,2.5,1109931516
3768630,25653,424,3.5,1110283134
3768631,25653,434,3.5,1109944534
3768632,25653,442,2.5,1109929938
3768633,25653,457,4.5,1109935120
3768634,25653,480,4.5,1109935148
3768635,25653,498,3.0,1110283174
3768636,25653,500,4.0,1109931583
3768637,25653,508,4.5,1110308065
3768638,25653,509,4.0,1109929886
3768639,25653,527,5.0,1109935137
3768640,25653,539,3.5,1110307949
3768641,25653,551,5.0,1110275179
3768642,25653,553,4.0,1109930092
3768643,25653,555,4.0,1109948214
3768644,25653,586,4.0,1109936249
3768645,25653,587,4.5,1110307943
3768646,25653,589,4.0,1109943451
3768647,25653,590,5.0,1109943434
3768648,25653,592,4.5,1109943431
3768649,25653,593,4.5,1109942159
3768650,25653,594,4.0,1110283072
3768651,25653,608,4.5,1109942741
3768652,25653,628,3.0,1109942321
3768653,25653,648,4.0,1109939023
3768654,25653,694,2.5,1109940526
3768655,25653,733,4.5,1109943972
3768656,25653,736,4.0,1109931501
3768657,25653,750,4.5,1110308121
3768658,25653,778,4.0,1109936059
3768659,25653,780,3.5,1109943458
3768660,25653,786,3.0,1109929604
3768661,25653,858,4.5,1109931489
3768662,25653,908,4.0,1110283056
3768663,25653,1019,4.5,1110283042
3768664,25653,1028,4.5,1109943818
3768665,25653,1036,4.5,1109940726
3768666,25653,1080,4.5,1109931431
3768667,25653,1084,4.5,1109936019
3768668,25653,1089,4.5,1109931443
3768669,25653,1092,3.0,1109931434
3768670,25653,1097,3.5,1110307940
3768671,25653,1101,3.0,1109931405
3768672,25653,1120,4.5,1109946106
3768673,25653,1127,5.0,1109936066
3768674,25653,1136,4.5,1109942519
3768675,25653,1193,4.5,1109947658
3768676,25653,1196,4.5,1109931454
3768677,25653,1197,4.5,1109939014
3768678,25653,1198,4.5,1109940918
3768679,25653,1199,4.5,1110283048
3768680,25653,1201,4.5,1109943593
3768681,25653,1206,4.5,1109942542
3768682,25653,1208,4.5,1109930040
3768683,25653,1210,4.0,1109931339
3768684,25653,1213,4.5,1109929628
3768685,25653,1220,4.5,1109930037
3768686,25653,1222,4.0,1109942490
3768687,25653,1227,4.5,1110283060
3768688,25653,1228,4.5,1109943639
3768689,25653,1230,3.5,1119451279
3768690,25653,1246,5.0,1109942391
3768691,25653,1258,4.0,1109947656
3768692,25653,1263,5.0,1110282915
3768693,25653,1265,4.5,1110308012
3768694,25653,1266,4.0,1109935794
3768695,25653,1270,4.5,1109940878
3768696,25653,1281,5.0,1109940337
3768697,25653,1291,4.5,1109940741
3768698,25653,1307,5.0,1109929893
3768699,25653,1320,4.5,1109946371
3768700,25653,1343,4.5,1110282876
3768701,25653,1370,4.5,1109935802
3768702,25653,1377,4.0,1109931447
3768703,25653,1391,4.5,1109935815
3768704,25653,1393,4.5,1109935797
3768705,25653,1409,3.5,1109932582
3768706,25653,1466,4.0,1109947642
3768707,25653,1479,2.0,1119451382
3768708,25653,1515,4.0,1109932567
3768709,25653,1527,3.5,1109929623
3768710,25653,1552,4.0,1109931332
3768711,25653,1573,4.5,1110275264
3768712,25653,1584,3.0,1109929933
3768713,25653,1587,4.5,1109940331
3768714,25653,1608,4.0,1109935820
3768715,25653,1617,4.0,1109947468
3768716,25653,1625,4.5,1110283086
3768717,25653,1641,4.0,1109935810
3768718,25653,1653,4.0,1109931272
3768719,25653,1674,3.5,1109931301
3768720,25653,1682,4.0,1109935807
3768721,25653,1704,4.5,1109940900
3768722,25653,1721,4.5,1109931292
3768723,25653,1729,5.0,1109943163
3768724,25653,1732,4.0,1109945797
3768725,25653,1777,3.5,1109938987
3768726,25653,1784,4.5,1109929927
3768727,25653,1911,3.0,1109940345
3768728,25653,1916,4.0,1119451374
3768729,25653,1917,4.0,1109935269
3768730,25653,1918,2.5,1109940318
3768731,25653,1923,4.5,1110283110
3768732,25653,1947,4.0,1109940326
3768733,25653,1961,4.5,1109929890
3768734,25653,1974,3.0,1109940203
3768735,25653,1997,4.0,1109935787
3768736,25653,2000,4.0,1109935255
3768737,25653,2001,3.5,1109935234
3768738,25653,2012,4.0,1119451272
3768739,25653,2028,4.5,1109938991
3768740,25653,2054,4.0,1110275253
3768741,25653,2076,4.0,1109944862
3768742,25653,2085,4.0,1109932099
3768743,25653,2094,3.5,1109943980
3768744,25653,2115,4.0,1110275150
3768745,25653,2118,4.0,1109932068
3768746,25653,2124,4.5,1110447838
3768747,25653,2126,4.5,1119451386
3768748,25653,2174,4.5,1109942122
3768749,25653,2194,4.0,1109940840
3768750,25653,2291,4.0,1109939001
3768751,25653,2324,5.0,1109931347
3768752,25653,2329,4.0,1109940846
3768753,25653,2340,4.0,1109932045
3768754,25653,2353,4.0,1110275129
3768755,25653,2378,4.0,1109932053
3768756,25653,2379,3.0,1119451362
3768757,25653,2391,4.5,1110283104
3768758,25653,2396,4.5,1110283101
3768759,25653,2403,4.0,1109944019
3768760,25653,2440,4.0,1109944034
3768761,25653,2459,4.0,1109933634
3768762,25653,2467,4.0,1109931880
3768763,25653,2470,3.0,1109935201
3768764,25653,2490,3.5,1109931894
3768765,25653,2553,3.5,1109933591
3768766,25653,2571,4.5,1109940792
3768767,25653,2575,4.5,1109933608
3768768,25653,2617,4.0,1109935238
3768769,25653,2628,3.0,1109935251
3768770,25653,2657,5.0,1109942531
3768771,25653,2683,4.0,1109938974
3768772,25653,2692,4.5,1109942190
3768773,25653,2699,4.0,1109935207
3768774,25653,2701,2.0,1109932004
3768775,25653,2710,4.0,1109943380
3768776,25653,2712,4.0,1109931365
3768777,25653,2716,4.0,1109947635
3768778,25653,2717,4.0,1109940084
3768779,25653,2762,4.0,1109935261
3768780,25653,2797,4.0,1109935223
3768781,25653,2858,4.0,1109935243
3768782,25653,2890,3.5,1109942195
3768783,25653,2916,4.0,1110308116
3768784,25653,2947,4.0,1119451352
3768785,25653,2959,4.5,1109935230
3768786,25653,2966,5.0,1109940071
3768787,25653,2985,3.0,1109931359
3768788,25653,2987,4.5,1109930002
3768789,25653,3033,4.0,1119451339
3768790,25653,3034,3.5,1109948900
3768791,25653,3044,4.0,1119451347
3768792,25653,3045,4.0,1110283097
3768793,25653,3081,4.5,1109935226
3768794,25653,3097,4.5,1109944044
3768795,25653,3114,4.0,1109944529
3768796,25653,3147,4.5,1109935116
3768797,25653,3198,4.0,1109948207
3768798,25653,3208,3.0,1110283161
3768799,25653,3219,3.0,1109939356
3768800,25653,3246,4.5,1109943837
3768801,25653,3247,3.0,1119451335
3768802,25653,3253,3.0,1109935193
3768803,25653,3257,3.5,1109931829
3768804,25653,3268,2.5,1109941097
3768805,25653,3274,3.0,1109939358
3768806,25653,3354,2.5,1109939917
3768807,25653,3386,4.0,1109948913
3768808,25653,3408,4.0,1109935126
3768809,25653,3418,4.0,1109935132
3768810,25653,3438,3.0,1109931844
3768811,25653,3444,4.0,1110276762
3768812,25653,3499,4.5,1109940844
3768813,25653,3515,4.0,1109945111
3768814,25653,3535,3.5,1109939928
3768815,25653,3578,4.5,1109940744
3768816,25653,3623,4.0,1109931309
3768817,25653,3702,4.0,1109931801
3768818,25653,3703,4.0,1109931731
3768819,25653,3751,4.5,1109942154
3768820,25653,3785,2.5,1109944549
3768821,25653,3793,4.0,1109940944
3768822,25653,3812,3.5,1109933456
3768823,25653,3825,1.5,1109944757
3768824,25653,3826,4.0,1119451322
3768825,25653,3948,4.5,1109935123
3768826,25653,3949,3.5,1109939054
3768827,25653,3973,1.0,1109943386
3768828,25653,3994,2.5,1109944816
3768829,25653,4011,4.5,1109940944
3768830,25653,4015,3.0,1109931808
3768831,25653,4018,4.0,1109939244
3768832,25653,4034,3.0,1109931284
3768833,25653,4056,4.5,1109945093
3768834,25653,4226,4.5,1109931368
3768835,25653,4246,4.5,1109931669
3768836,25653,4262,4.5,1109942385
3768837,25653,4306,4.0,1109940810
3768838,25653,4351,4.0,1109944761
3768839,25653,4370,2.5,1109931700
3768840,25653,4448,2.5,1119451305
3768841,25653,4467,4.0,1109933434
3768842,25653,4643,3.5,1109949345
3768843,25653,4677,3.5,1109932990
3768844,25653,4701,3.5,1109944794
3768845,25653,4705,3.5,1109940638
3768846,25653,4718,2.0,1109931705
3768847,25653,4720,4.5,1109942418
3768848,25653,4844,3.5,1109932979
3768849,25653,4848,5.0,1109944510
3768850,25653,4874,4.0,1109934540
3768851,25653,4878,3.5,1109942482
3768852,25653,4886,5.0,1109931673
3768853,25653,4896,4.0,1109939290
3768854,25653,4901,3.5,1109934526
3768855,25653,4963,4.5,1109940799
3768856,25653,4973,4.0,1109946131
3768857,25653,4974,3.5,1109934252
3768858,25653,4993,4.5,1109940865
3768859,25653,4995,4.0,1109942364
3768860,25653,5009,3.5,1109934224
3768861,25653,5026,2.0,1109932997
3768862,25653,5040,3.0,1109940610
3768863,25653,5049,4.0,1109934258
3768864,25653,5078,4.0,1109944078
3768865,25653,5151,3.5,1109932921
3768866,25653,5218,5.0,1109931676
3768867,25653,5220,3.0,1109934214
3768868,25653,5266,4.5,1119451317
3768869,25653,5305,4.0,1110275299
3768870,25653,5313,1.5,1109934207
3768871,25653,5349,4.5,1109935129
3768872,25653,5378,3.0,1109946391
3768873,25653,5400,3.0,1109931681
3768874,25653,5418,4.0,1109942360
3768875,25653,5445,4.5,1109935108
3768876,25653,5459,3.5,1109939061
3768877,25653,5464,3.5,1109940773
3768878,25653,5481,4.0,1119451311
3768879,25653,5507,3.5,1109934122
3768880,25653,5669,4.0,1109931657
3768881,25653,5679,4.5,1109943692
3768882,25653,5903,4.0,1109942464
3768883,25653,5945,3.5,1109934045
3768884,25653,5952,4.5,1109940796
3768885,25653,5954,5.0,1109947652
3768886,25653,5989,4.5,1109939267
3768887,25653,5991,5.0,1109931626
3768888,25653,5995,4.5,1109947095
3768889,25653,6119,5.0,1109933993
3768890,25653,6373,2.5,1109931609
3768891,25653,6377,4.5,1109940808
3768892,25653,6502,3.0,1109933984
3768893,25653,6539,4.5,1109940779
3768894,25653,6577,2.5,1109933968
3768895,25653,6664,4.0,1109946502
3768896,25653,6711,5.0,1109939049
3768897,25653,6796,4.0,1109940626
3768898,25653,6807,3.5,1109947627
3768899,25653,6870,4.5,1109947091
3768900,25653,6874,4.5,1109942346
3768901,25653,6934,2.0,1109933921
3768902,25653,6942,3.0,1109933929
3768903,25653,6944,3.0,1109940598
3768904,25653,6952,1.5,1109933818
3768905,25653,6957,4.5,1109943370
3768906,25653,6979,3.5,1109933955
3768907,25653,7022,3.0,1109947077
3768908,25653,7147,5.0,1109933906
3768909,25653,7153,4.5,1109931618
3768910,25653,7361,4.0,1109939153
3768911,25653,7367,3.5,1109943732
3768912,25653,7373,2.0,1109932909
3768913,25653,7386,4.0,1109933799
3768914,25653,7419,4.5,1109944104
3768915,25653,7438,5.0,1109940891
3768916,25653,8254,4.0,1109946922
3768917,25653,8360,5.0,1109931623
3768918,25653,8368,4.5,1109940944
3768919,25653,8464,3.5,1109942279
3768920,25653,8604,3.0,1109943630
3768921,25653,8605,1.5,1109943621
3768922,25653,8622,4.0,1109939301
3768923,25653,8636,4.0,1109940722
3768924,25653,8644,4.0,1109943845
3768925,25653,8645,4.0,1109943809
3768926,25653,8798,4.0,1109942304
3768927,25653,8939,3.5,1110275230
3768928,25653,8949,4.5,1109945936
3768929,25653,8950,4.5,1109942243
3768930,25653,8958,4.5,1109940715
3768931,25653,8961,5.0,1109940748
3768932,25653,8970,3.0,1110275211
3768933,25653,8981,4.5,1110447829
3768934,25653,8984,3.0,1109933777
3768935,25653,27721,4.0,1109943761
3768936,25653,27803,4.5,1109943756
3768937,25653,27815,3.5,1109942475
3768938,25653,30810,4.5,1110447816
3768939,25653,30812,4.5,1109942291
3768940,25653,32029,4.5,1119451142
3768941,25653,32302,2.0,1119450991
3768942,25653,32587,4.5,1119450966
3768943,25653,33171,5.0,1119450925
3768944,25653,33493,4.5,1119450915
3768945,25653,33794,4.0,1119450889
3768946,25654,7,2.5,1140104478
3768947,25654,70,2.5,1140104652
3768948,25654,110,4.0,1140105962
3768949,25654,163,4.0,1140104530
3768950,25654,236,4.0,1140104532
3768951,25654,372,4.0,1140106067
3768952,25654,520,4.0,1140104564
3768953,25654,552,3.5,1140104589
3768954,25654,653,3.0,1140104470
3768955,25654,780,2.0,1140104749
3768956,25654,903,3.5,1140104615
3768957,25654,1198,4.0,1140105975
3768958,25654,1234,4.5,1140104554
3768959,25654,1291,3.5,1140105622
3768960,25654,1304,3.5,1140104462
3768961,25654,1408,4.0,1140104644
3768962,25654,1639,3.5,1140104572
3768963,25654,2329,3.5,1140104673
3768964,25654,2944,4.0,1140106148
3768965,25654,3147,4.0,1140105985
3768966,25654,3176,2.5,1140104608
3768967,25654,3578,4.0,1140106019
3768968,25654,4011,3.5,1140106037
3768969,25654,4306,4.0,1140106143
3768970,25654,4993,4.0,1140105588
3768971,25654,4995,3.5,1140105831
3768972,25654,5952,4.0,1140105585
3768973,25654,6539,2.5,1140104904
3768974,25654,7143,3.0,1140105998
3768975,25654,7153,4.0,1140104604
3768976,25654,8368,4.0,1140106023
3768977,25654,8961,4.5,1140105755
3768978,25654,27416,4.0,1140105780
3768979,25654,32469,4.5,1140104865
3768980,25654,40815,3.5,1140105714
3768981,25655,3,3.0,899543411
3768982,25655,7,4.0,899543411
3768983,25655,34,3.0,899543411
3768984,25655,105,2.0,899543134
3768985,25655,260,5.0,900839470
3768986,25655,345,4.0,899543266
3768987,25655,356,5.0,900839470
3768988,25655,500,5.0,899543003
3768989,25655,529,5.0,899543102
3768990,25655,587,4.0,900839690
3768991,25655,590,5.0,899543198
3768992,25655,597,4.0,900839798
3768993,25655,969,5.0,900839627
3768994,25655,1101,3.0,900839724
3768995,25655,1183,4.0,900839724
3768996,25655,1196,4.0,900839595
3768997,25655,1210,4.0,900839595
3768998,25655,1246,5.0,899542962
3768999,25655,1247,4.0,900839656
3769000,25655,1357,5.0,900839470
3769001,25655,1358,3.0,899543102
3769002,25655,1408,5.0,900839627
3769003,25655,1416,4.0,899542737
3769004,25655,1641,2.0,899543532
3769005,25655,1672,3.0,899542405
3769006,25655,1704,5.0,899542522
3769007,25655,1721,3.0,899543716
3769008,25655,1727,5.0,899542359
3769009,25655,1883,4.0,899541698
3769010,25655,1893,4.0,899627994
3769011,25655,1914,5.0,900839293
3769012,25655,1955,4.0,899628022
3769013,25655,1961,5.0,899542405
3769014,25656,1,3.0,948137450
3769015,25656,11,4.0,948137450
3769016,25656,105,5.0,1001132460
3769017,25656,235,3.0,948137539
3769018,25656,318,5.0,948137711
3769019,25656,356,5.0,948133689
3769020,25656,471,3.0,1001091630
3769021,25656,593,5.0,1001132438
3769022,25656,608,5.0,1001132239
3769023,25656,745,4.0,948137097
3769024,25656,858,5.0,999885255
3769025,25656,1050,5.0,1001131546
3769026,25656,1078,5.0,1001132281
3769027,25656,1198,4.0,948133742
3769028,25656,1221,5.0,999885255
3769029,25656,1225,5.0,948133728
3769030,25656,1265,4.0,948137425
3769031,25656,1288,5.0,1001132258
3769032,25656,1517,5.0,1001131519
3769033,25656,1639,3.0,1001131402
3769034,25656,1777,3.0,948137478
3769035,25656,1961,4.0,948133653
3769036,25656,2020,5.0,950316058
3769037,25656,2076,4.0,1001132399
3769038,25656,2108,4.0,948137563
3769039,25656,2396,4.0,950316008
3769040,25656,2431,2.0,948137516
3769041,25656,2567,3.0,950315974
3769042,25656,2571,4.0,948137603
3769043,25656,2683,5.0,948137634
3769044,25656,2757,4.0,948133653
3769045,25656,3006,4.0,1001132216
3769046,25656,3481,4.0,1001132152
3769047,25656,3683,5.0,1001132374
3769048,25656,3897,3.0,1001091781
3769049,25656,4022,5.0,1001091824
3769050,25656,4034,5.0,1001091781
3769051,25656,4159,3.0,999884973
3769052,25657,48,2.5,1136156038
3769053,25657,168,4.0,1136156026
3769054,25657,246,3.5,1136156082
3769055,25657,377,4.0,1136156309
3769056,25657,440,4.0,1136156223
3769057,25657,480,4.5,1136156318
3769058,25657,527,3.5,1136156315
3769059,25657,1136,1.5,1136156395
3769060,25657,1193,3.0,1136156425
3769061,25657,1207,3.0,1136156062
3769062,25657,1240,4.0,1136156197
3769063,25657,1276,3.5,1136156421
3769064,25657,1320,3.5,1136156048
3769065,25657,1372,4.5,1136156105
3769066,25657,1374,4.5,1136156172
3769067,25657,1375,4.5,1136156120
3769068,25657,1376,5.0,1136156069
3769069,25657,1552,2.5,1136156076
3769070,25657,1722,2.5,1136156124
3769071,25657,1777,4.5,1136156090
3769072,25657,1876,4.5,1136156116
3769073,25657,1909,3.5,1136156130
3769074,25657,2003,4.0,1136156341
3769075,25657,2081,3.0,1136156051
3769076,25657,2321,4.5,1136156065
3769077,25657,2424,4.5,1136156210
3769078,25657,2599,3.0,1136156335
3769079,25657,2640,3.5,1136156327
3769080,25657,2797,4.0,1136156330
3769081,25657,2804,4.0,1136156100
3769082,25657,2858,3.5,1136156202
3769083,25657,3052,3.0,1136156080
3769084,25657,3147,4.5,1136156200
3769085,25657,3408,4.0,1136156206
3769086,25657,3489,4.0,1136156279
3769087,25657,3793,4.5,1136156302
3769088,25657,3948,4.5,1136156312
3769089,25657,4023,4.0,1136156274
3769090,25657,4306,4.5,1136156306
3769091,25657,4878,3.0,1136156437
3769092,25657,4995,4.0,1136156112
3769093,25657,5010,1.5,1136156268
3769094,25657,5445,4.0,1136156192
3769095,25657,5459,3.0,1136156241
3769096,25657,5868,2.0,1136156358
3769097,25657,6534,2.0,1136156245
3769098,25657,7153,5.0,1136156087
3769099,25657,7458,3.5,1136156237
3769100,25657,8622,3.5,1136156229
3769101,25657,8638,3.5,1136156450
3769102,25657,8779,0.5,1136156372
3769103,25658,16,3.0,1111684009
3769104,25658,370,3.5,1111684061
3769105,25658,784,3.5,1111684049
3769106,25658,832,2.0,1111684037
3769107,25658,908,5.0,1111684033
3769108,25658,923,5.0,1111684028
3769109,25658,1080,3.5,1111684012
3769110,25658,1219,5.0,1111684014
3769111,25658,1230,5.0,1111683998
3769112,25658,1258,4.5,1111684017
3769113,25658,1288,4.0,1111684065
3769114,25658,1500,4.0,1111684054
3769115,25658,1917,1.5,1111684000
3769116,25658,2012,2.5,1111684026
3769117,25658,2174,2.5,1111684003
3769118,25658,2406,3.0,1111684063
3769119,25658,2599,3.0,1111684051
3769120,25658,2710,3.0,1111684006
3769121,25658,2791,4.0,1111684024
3769122,25658,3793,4.0,1111684019
3769123,25658,3897,3.5,1111684046
3769124,25658,5060,5.0,1111684057
3769125,25658,5291,3.5,1111684167
3769126,25658,6650,4.0,1111684161
3769127,25659,19,3.0,1285979429
3769128,25659,21,4.0,1181614327
3769129,25659,24,3.0,1181613487
3769130,25659,39,3.5,1181616800
3769131,25659,47,4.0,1181614923
3769132,25659,50,4.5,1181613886
3769133,25659,111,4.0,1181614169
3769134,25659,223,4.0,1181614515
3769135,25659,293,4.0,1181614353
3769136,25659,296,5.0,1181613969
3769137,25659,318,4.0,1181614886
3769138,25659,344,3.0,1181615076
3769139,25659,586,2.5,1181615628
3769140,25659,593,4.5,1181614945
3769141,25659,608,3.5,1181614915
3769142,25659,736,3.5,1181615125
3769143,25659,780,3.0,1206236294
3769144,25659,953,3.0,1206236710
3769145,25659,1021,3.0,1181613702
3769146,25659,1089,3.5,1181614810
3769147,25659,1193,3.5,1206236404
3769148,25659,1206,4.5,1181614456
3769149,25659,1213,5.0,1181614366
3769150,25659,1219,4.0,1181614952
3769151,25659,1258,4.5,1181614285
3769152,25659,1333,3.0,1181614976
3769153,25659,1342,2.5,1181613699
3769154,25659,1345,3.5,1181613513
3769155,25659,1350,2.5,1181615129
3769156,25659,1372,3.0,1181613444
3769157,25659,1376,3.0,1181613419
3769158,25659,1409,2.5,1181613547
3769159,25659,1517,3.5,1181616226
3769160,25659,1562,2.5,1181615787
3769161,25659,1586,2.5,1181660135
3769162,25659,1590,2.0,1181659945
3769163,25659,1617,4.5,1181614058
3769164,25659,1673,4.0,1181614730
3769165,25659,1721,4.0,1181660175
3769166,25659,1729,4.5,1181614187
3769167,25659,1945,4.5,1286140374
3769168,25659,1974,2.5,1181617056
3769169,25659,1982,4.0,1181615666
3769170,25659,1997,3.5,1181615916
3769171,25659,2107,3.0,1181615675
3769172,25659,2122,2.5,1181613796
3769173,25659,2160,2.0,1181616678
3769174,25659,2302,3.0,1181614753
3769175,25659,2329,4.5,1181614420
3769176,25659,2393,3.0,1181613507
3769177,25659,2428,3.0,1181613569
3769178,25659,2502,4.0,1181614763
3769179,25659,2571,4.0,1181615125
3769180,25659,2683,3.5,1181616228
3769181,25659,2700,4.5,1181614116
3769182,25659,2702,2.5,1181659986
3769183,25659,2712,5.0,1285979029
3769184,25659,2858,5.0,1181613903
3769185,25659,2953,2.5,1181615631
3769186,25659,2959,3.5,1181614994
3769187,25659,3421,4.0,1181613452
3769188,25659,3461,2.0,1181613768
3769189,25659,3476,2.5,1181613624
3769190,25659,3535,3.0,1181615233
3769191,25659,3556,4.5,1181614143
3769192,25659,3897,4.5,1181614577
3769193,25659,3949,5.0,1181614775
3769194,25659,3994,4.0,1181615185
3769195,25659,4034,4.5,1211907319
3769196,25659,4105,2.5,1181660109
3769197,25659,4226,3.0,1181614648
3769198,25659,4239,3.5,1206236533
3769199,25659,4262,3.0,1182046699
3769200,25659,4306,3.5,1181616653
3769201,25659,4734,3.5,1181614539
3769202,25659,4765,1.5,1206236046
3769203,25659,4848,3.5,1285979311
3769204,25659,4878,3.5,1206236245
3769205,25659,5349,3.5,1181656457
3769206,25659,5481,3.5,1181616223
3769207,25659,5502,4.0,1181616029
3769208,25659,5785,3.0,1181615432
3769209,25659,5943,2.5,1181660373
3769210,25659,5991,3.5,1181614714
3769211,25659,5995,4.0,1286078035
3769212,25659,6040,2.0,1181616740
3769213,25659,6188,3.5,1181614405
3769214,25659,6250,2.0,1181660213
3769215,25659,6377,3.0,1285994525
3769216,25659,6539,3.5,1181616096
3769217,25659,6863,4.0,1181852976
3769218,25659,6880,2.0,1181660296
3769219,25659,7160,4.0,1181615741
3769220,25659,7438,3.5,1181613459
3769221,25659,8360,4.0,1181616655
3769222,25659,8361,3.5,1181615894
3769223,25659,8376,4.5,1181614385
3769224,25659,8529,2.0,1181615558
3769225,25659,8534,2.0,1181616317
3769226,25659,8622,3.0,1181660401
3769227,25659,8636,3.0,1181656464
3769228,25659,8917,4.0,1181615161
3769229,25659,8957,3.0,1181660603
3769230,25659,32017,2.5,1206236082
3769231,25659,32587,3.5,1285994556
3769232,25659,33154,4.0,1206236151
3769233,25659,34162,3.5,1181614229
3769234,25659,34338,4.0,1181614559
3769235,25659,35836,3.5,1181614139
3769236,25659,37741,4.5,1181614468
3769237,25659,39292,4.0,1182046618
3769238,25659,39446,2.5,1181660606
3769239,25659,40278,2.5,1181615853
3769240,25659,42723,2.5,1181660620
3769241,25659,44195,4.5,1181613787
3769242,25659,45722,3.0,1181616096
3769243,25659,45728,3.5,1181614521
3769244,25659,47044,3.0,1181660452
3769245,25659,48385,4.0,1181615152
3769246,25659,48516,4.0,1181660330
3769247,25659,50851,4.5,1211907296
3769248,25659,51080,3.0,1182616886
3769249,25659,51540,4.0,1181659967
3769250,25659,51575,3.0,1181615041
3769251,25659,53125,3.0,1181616087
3769252,25659,53322,3.5,1182818034
3769253,25659,55765,4.5,1206236060
3769254,25659,55820,3.5,1206236116
3769255,25659,56367,2.5,1206236444
3769256,25659,58559,4.5,1286138989
3769257,25659,59549,3.5,1285979944
3769258,25659,68073,3.5,1285978802
3769259,25659,68157,4.0,1286140348
3769260,25659,79132,4.0,1285978659
3769261,25660,1,3.0,1170077663
3769262,25660,10,3.0,1170078349
3769263,25660,19,3.5,1168685197
3769264,25660,34,2.0,1196678493
3769265,25660,153,3.5,1246529402
3769266,25660,163,3.0,1168803980
3769267,25660,231,3.5,1183890431
3769268,25660,260,3.5,1175173504
3769269,25660,299,3.0,1168977017
3769270,25660,318,5.0,1244382358
3769271,25660,337,4.0,1245012064
3769272,25660,344,4.0,1168683265
3769273,25660,356,5.0,1168682792
3769274,25660,364,3.5,1183890617
3769275,25660,367,2.5,1196767004
3769276,25660,370,3.5,1298367080
3769277,25660,377,3.5,1196766423
3769278,25660,420,2.5,1168685253
3769279,25660,434,2.5,1196678428
3769280,25660,466,3.0,1170078279
3769281,25660,480,4.0,1168685066
3769282,25660,500,4.0,1204365402
3769283,25660,586,3.0,1183890413
3769284,25660,589,3.5,1168803806
3769285,25660,592,3.0,1196767409
3769286,25660,593,3.0,1170077707
3769287,25660,733,4.0,1186166712
3769288,25660,780,2.5,1196766538
3769289,25660,784,3.0,1183890441
3769290,25660,788,2.5,1196766562
3769291,25660,912,2.0,1196766520
3769292,25660,1097,3.0,1196679643
3769293,25660,1127,4.0,1298367420
3769294,25660,1193,4.0,1223749694
3769295,25660,1196,3.5,1175173497
3769296,25660,1198,3.5,1175173528
3769297,25660,1210,3.5,1175173495
3769298,25660,1222,3.5,1170078487
3769299,25660,1240,3.5,1168803807
3769300,25660,1255,3.0,1168804569
3769301,25660,1258,3.5,1170078440
3769302,25660,1291,3.5,1183890609
3769303,25660,1370,2.5,1298366832
3769304,25660,1387,3.5,1170077892
3769305,25660,1391,2.5,1196766615
3769306,25660,1407,3.0,1170078380
3769307,25660,1485,4.0,1208282727
3769308,25660,1517,2.5,1196679660
3769309,25660,1544,2.0,1244382392
3769310,25660,1552,3.5,1168685390
3769311,25660,1573,4.0,1183889819
3769312,25660,1580,2.0,1168685130
3769313,25660,1608,3.0,1168685365
3769314,25660,1641,2.5,1196766470
3769315,25660,1690,3.0,1268066047
3769316,25660,1721,4.0,1168803750
3769317,25660,1876,3.0,1196766913
3769318,25660,1917,3.0,1196678379
3769319,25660,1954,2.5,1168685418
3769320,25660,1997,3.0,1168803978
3769321,25660,2003,2.5,1183890354
3769322,25660,2004,2.5,1168977084
3769323,25660,2115,3.5,1170077946
3769324,25660,2232,4.0,1208282903
3769325,25660,2291,3.5,1196678508
3769326,25660,2329,3.5,1206372686
3769327,25660,2529,2.0,1196766632
3769328,25660,2571,3.5,1175173539
3769329,25660,2587,4.0,1168710357
3769330,25660,2617,2.0,1168685302
3769331,25660,2628,3.5,1175173501
3769332,25660,2633,1.5,1168682531
3769333,25660,2683,2.5,1183890392
3769334,25660,2699,2.0,1245011827
3769335,25660,2700,2.0,1196678497
3769336,25660,2706,3.0,1245011749
3769337,25660,2722,2.0,1183890435
3769338,25660,2762,3.0,1170077906
3769339,25660,2791,3.5,1175173576
3769340,25660,2797,3.5,1268066039
3769341,25660,2858,2.5,1168684223
3769342,25660,2959,3.5,1199736587
3769343,25660,2985,3.0,1170078466
3769344,25660,3114,3.0,1256485156
3769345,25660,3147,4.5,1208282694
3769346,25660,3273,2.0,1268066117
3769347,25660,3527,3.5,1170078435
3769348,25660,3624,3.0,1168682015
3769349,25660,3697,3.5,1268066111
3769350,25660,3698,2.5,1244382616
3769351,25660,3717,3.5,1183890356
3769352,25660,3751,3.5,1175173563
3769353,25660,3755,2.5,1168681950
3769354,25660,3785,2.0,1175173707
3769355,25660,3869,4.0,1268066091
3769356,25660,3996,3.0,1268066018
3769357,25660,4022,4.0,1175173440
3769358,25660,4084,3.0,1268066086
3769359,25660,4085,3.0,1245011973
3769360,25660,4223,4.5,1196767300
3769361,25660,4226,4.0,1268065801
3769362,25660,4246,3.0,1268066030
3769363,25660,4270,2.0,1168802857
3769364,25660,4306,2.5,1228483233
3769365,25660,4310,3.5,1168802617
3769366,25660,4367,2.5,1168805802
3769367,25660,4369,2.5,1183890427
3769368,25660,4370,2.5,1196766392
3769369,25660,4388,1.5,1168682289
3769370,25660,4638,2.5,1196767178
3769371,25660,4701,3.5,1168976943
3769372,25660,4814,3.5,1183890375
3769373,25660,4878,3.5,1237231496
3769374,25660,4896,3.5,1175173553
3769375,25660,4958,3.5,1268066102
3769376,25660,4963,3.5,1168803905
3769377,25660,4993,5.0,1208282642
3769378,25660,4995,5.0,1192373301
3769379,25660,5010,3.5,1175173568
3769380,25660,5048,3.0,1168970189
3769381,25660,5093,3.0,1214424254
3769382,25660,5218,3.0,1196766475
3769383,25660,5349,3.0,1196678337
3769384,25660,5378,3.5,1175173499
3769385,25660,5418,3.0,1168683309
3769386,25660,5420,3.5,1168804589
3769387,25660,5445,2.0,1168682817
3769388,25660,5459,2.0,1196766543
3769389,25660,5502,3.5,1168801548
3769390,25660,5528,4.5,1183660633
3769391,25660,5617,2.5,1228483428
3769392,25660,5678,3.5,1168805239
3769393,25660,5679,3.5,1175173525
3769394,25660,5816,3.5,1175173561
3769395,25660,5952,4.0,1168682995
3769396,25660,5989,4.0,1168805172
3769397,25660,5995,4.5,1298366780
3769398,25660,6157,2.0,1168682180
3769399,25660,6281,3.0,1168682158
3769400,25660,6365,3.5,1168682972
3769401,25660,6373,3.0,1183890394
3769402,25660,6378,3.5,1168801564
3769403,25660,6383,2.0,1168977250
3769404,25660,6483,1.5,1199528829
3769405,25660,6537,3.0,1168801762
3769406,25660,6539,4.0,1175173422
3769407,25660,6541,3.5,1168976858
3769408,25660,6564,2.0,1168682435
3769409,25660,6618,2.0,1268065784
3769410,25660,6863,3.0,1245011886
3769411,25660,6874,4.0,1168682848
3769412,25660,6888,2.0,1175173704
3769413,25660,6934,3.5,1168683555
3769414,25660,6953,4.0,1237028344
3769415,25660,7022,2.5,1213436024
3769416,25660,7143,3.5,1168801665
3769417,25660,7153,4.0,1168682880
3769418,25660,7154,2.5,1197820714
3769419,25660,7254,4.0,1196767081
3769420,25660,7438,4.0,1168682990
3769421,25660,7458,3.5,1298367222
3769422,25660,7502,5.0,1298365877
3769423,25660,8360,2.5,1246529390
3769424,25660,8361,3.0,1168805852
3769425,25660,8368,3.5,1175173555
3769426,25660,8369,2.0,1168683805
3769427,25660,8464,3.5,1196679649
3769428,25660,8529,3.5,1168682252
3769429,25660,8636,3.0,1178538423
3769430,25660,8644,2.0,1196766571
3769431,25660,8665,3.5,1246529322
3769432,25660,8783,3.5,1168805344
3769433,25660,8798,4.0,1186167168
3769434,25660,8815,1.0,1168683901
3769435,25660,8947,3.5,1168803974
3769436,25660,8957,3.0,1183314978
3769437,25660,8972,3.0,1168682410
3769438,25660,8984,2.5,1196767097
3769439,25660,26007,3.5,1225094440
3769440,25660,27152,3.0,1246529407
3769441,25660,27772,3.0,1168803958
3769442,25660,27839,3.0,1168803885
3769443,25660,30793,4.0,1236631827
3769444,25660,30812,3.5,1175173571
3769445,25660,30825,2.5,1168976895
3769446,25660,31696,3.5,1168803983
3769447,25660,32587,4.0,1175173417
3769448,25660,33004,3.0,1183890351
3769449,25660,33493,3.5,1175173502
3769450,25660,33615,4.0,1168710335
3769451,25660,33679,3.5,1168802275
3769452,25660,33794,3.0,1245011959
3769453,25660,34048,2.5,1168801551
3769454,25660,34150,2.0,1168977197
3769455,25660,34319,3.0,1175173547
3769456,25660,35836,3.5,1175173583
3769457,25660,36529,4.0,1185903497
3769458,25660,37382,2.5,1172411888
3769459,25660,39183,4.0,1168801569
3769460,25660,39444,4.0,1211308022
3769461,25660,39446,3.0,1183890187
3769462,25660,40732,3.5,1195467840
3769463,25660,40815,4.0,1184522721
3769464,25660,41285,2.5,1170078254
3769465,25660,41569,3.5,1168683512
3769466,25660,41571,4.5,1175173490
3769467,25660,43391,3.0,1246529430
3769468,25660,43904,1.5,1183916846
3769469,25660,43921,2.5,1199528031
3769470,25660,44191,2.5,1169392984
3769471,25660,44665,3.5,1202923536
3769472,25660,44972,2.0,1175173705
3769473,25660,45447,3.0,1183890387
3769474,25660,45672,2.5,1245011474
3769475,25660,45720,4.0,1175173628
3769476,25660,45722,4.0,1168803797
3769477,25660,45730,1.5,1181847140
3769478,25660,46335,2.0,1168977240
3769479,25660,46723,4.0,1178101825
3769480,25660,46972,1.5,1246090431
3769481,25660,47261,2.0,1202833940
3769482,25660,48142,3.5,1168891047
3769483,25660,48304,5.0,1208282638
3769484,25660,48385,4.5,1256485134
3769485,25660,48394,4.5,1208282682
3769486,25660,48414,3.5,1223749734
3769487,25660,48516,4.0,1180184059
3769488,25660,48591,3.0,1175173302
3769489,25660,48673,4.5,1246529380
3769490,25660,48780,3.5,1180204080
3769491,25660,49272,4.0,1175173443
3769492,25660,49396,4.5,1210850903
3769493,25660,49530,4.0,1199528057
3769494,25660,50872,4.0,1207028548
3769495,25660,51662,3.5,1201378987
3769496,25660,52458,4.0,1246394338
3769497,25660,52722,3.0,1196766671
3769498,25660,52973,2.5,1210850923
3769499,25660,53000,1.5,1196678280
3769500,25660,53125,3.5,1184522845
3769501,25660,53322,2.0,1204365364
3769502,25660,53993,2.5,1203233611
3769503,25660,53996,4.0,1183889851
3769504,25660,53999,1.5,1217766698
3769505,25660,54001,3.5,1184522712
3769506,25660,54004,3.0,1233838276
3769507,25660,54094,3.5,1248602354
3769508,25660,54272,3.5,1245011626
3769509,25660,54286,3.5,1246218265
3769510,25660,54881,4.5,1244998831
3769511,25660,55052,5.0,1247647951
3769512,25660,55245,1.5,1218909019
3769513,25660,55768,1.0,1252226096
3769514,25660,56145,4.0,1210594036
3769515,25660,56156,2.0,1244749384
3769516,25660,56171,2.0,1244889588
3769517,25660,56174,3.5,1245012004
3769518,25660,56251,2.5,1245094437
3769519,25660,56336,2.0,1244382630
3769520,25660,56339,5.0,1208202964
3769521,25660,56367,3.0,1298366168
3769522,25660,56587,3.5,1244382539
3769523,25660,56782,4.5,1298367180
3769524,25660,56788,4.0,1207511090
3769525,25660,57368,4.0,1298367440
3769526,25660,57520,1.5,1246218285
3769527,25660,58105,2.5,1245668137
3769528,25660,58559,4.0,1231249619
3769529,25660,59315,3.0,1249933152
3769530,25660,59615,3.0,1227172003
3769531,25660,59715,1.5,1252225606
3769532,25660,59784,4.0,1245012155
3769533,25660,59985,2.5,1235670634
3769534,25660,60037,1.5,1249933142
3769535,25660,60069,4.0,1244382597
3769536,25660,60074,3.0,1244382508
3769537,25660,60126,2.5,1231249598
3769538,25660,60684,3.0,1298366854
3769539,25660,61132,2.0,1238954452
3769540,25660,61312,2.5,1298367599
3769541,25660,62999,4.0,1244382562
3769542,25660,63113,3.0,1244382526
3769543,25660,64499,3.5,1236000474
3769544,25660,64957,3.5,1246649541
3769545,25660,65939,4.0,1245011835
3769546,25660,67255,4.5,1256485111
3769547,25660,67408,2.5,1244382578
3769548,25660,68073,3.0,1256569067
3769549,25660,68157,4.5,1298366549
3769550,25660,68347,3.5,1273599981
3769551,25660,68941,4.0,1268065692
3769552,25660,68954,5.0,1268065859
3769553,25660,69306,2.5,1273599997
3769554,25660,69481,4.0,1298367073
3769555,25660,69844,3.5,1248631339
3769556,25660,70286,4.0,1298366164
3769557,25660,72998,4.0,1263199351
3769558,25660,73290,5.0,1310323348
3769559,25660,73323,4.0,1273600066
3769560,25660,74458,4.0,1298366481
3769561,25660,76093,4.5,1298365888
3769562,25660,79132,4.5,1298366306
3769563,25660,79702,4.5,1298367409
3769564,25660,80463,4.0,1298365979
3769565,25660,80551,2.0,1298930717
3769566,25660,81562,3.0,1310323378
3769567,25660,81591,5.0,1301170749
3769568,25660,81834,3.0,1298365897
3769569,25660,82202,1.0,1310323362
3769570,25661,1,4.0,1281085235
3769571,25661,19,4.0,1271366250
3769572,25661,110,4.0,1271365110
3769573,25661,231,4.0,1271365794
3769574,25661,318,4.5,1271367485
3769575,25661,344,4.0,1271365768
3769576,25661,356,4.0,1271365284
3769577,25661,480,4.0,1281085221
3769578,25661,733,4.5,1271365800
3769579,25661,780,4.5,1281085243
3769580,25661,788,4.0,1271366298
3769581,25661,832,4.5,1271366415
3769582,25661,1080,5.0,1271366312
3769583,25661,1136,5.0,1271365888
3769584,25661,1193,3.5,1272389659
3769585,25661,1258,4.5,1271366271
3769586,25661,1580,4.0,1271365804
3769587,25661,1923,5.0,1271366198
3769588,25661,1992,4.0,1270123962
3769589,25661,2028,4.0,1271365784
3769590,25661,2120,3.5,1270123848
3769591,25661,2329,4.5,1271365036
3769592,25661,2571,4.5,1271365755
3769593,25661,2700,4.5,1271366362
3769594,25661,2706,4.0,1271366227
3769595,25661,2707,4.0,1270123482
3769596,25661,2710,4.5,1271366310
3769597,25661,2858,3.5,1271365026
3769598,25661,2959,3.5,1271365252
3769599,25661,3147,4.0,1271365537
3769600,25661,3275,4.5,1271365097
3769601,25661,3578,4.5,1271365883
3769602,25661,3948,5.0,1270125628
3769603,25661,3973,2.0,1270123894
3769604,25661,4011,4.0,1270125731
3769605,25661,4265,2.5,1270123951
3769606,25661,4306,5.0,1271365896
3769607,25661,4718,4.0,1293015144
3769608,25661,4816,4.0,1271366498
3769609,25661,4963,5.0,1281079699
3769610,25661,4993,4.5,1272914972
3769611,25661,5218,4.5,1272390486
3769612,25661,5418,4.5,1271366409
3769613,25661,5952,4.5,1281085363
3769614,25661,6188,4.0,1281079728
3769615,25661,6373,4.0,1270125641
3769616,25661,6377,4.0,1271366335
3769617,25661,6539,4.5,1271366285
3769618,25661,6548,4.5,1293015151
3769619,25661,7153,4.5,1271366203
3769620,25661,7325,4.0,1271366572
3769621,25661,7646,4.0,1270124847
3769622,25661,8360,5.0,1271366472
3769623,25661,8528,3.5,1270125840
3769624,25661,8961,4.0,1271366425
3769625,25661,26614,4.0,1271365107
3769626,25661,26887,4.0,1270125418
3769627,25661,30825,4.5,1270125750
3769628,25661,31685,4.0,1293049607
3769629,25661,33154,3.5,1270124076
3769630,25661,33615,4.5,1270125866
3769631,25661,34162,5.0,1271365596
3769632,25661,37731,4.0,1270124114
3769633,25661,44022,4.0,1270125848
3769634,25661,45726,4.0,1271366611
3769635,25661,46972,4.5,1271366531
3769636,25661,47044,2.5,1272389726
3769637,25661,48385,4.0,1281079755
3769638,25661,50798,4.0,1270124216
3769639,25661,51255,4.5,1272390347
3769640,25661,51575,4.0,1272389612
3769641,25661,52644,4.0,1270124476
3769642,25661,52973,3.5,1272390505
3769643,25661,53121,5.0,1271366474
3769644,25661,53322,4.0,1293049615
3769645,25661,54331,3.5,1293049574
3769646,25661,54934,4.5,1271365618
3769647,25661,55247,4.5,1272389631
3769648,25661,55269,4.0,1271366560
3769649,25661,58559,4.0,1271365183
3769650,25661,58655,4.0,1271366585
3769651,25661,59369,4.5,1292879831
3769652,25661,61729,4.0,1293049677
3769653,25661,62434,3.0,1270125921
3769654,25661,64032,5.0,1281079193
3769655,25661,64249,5.0,1270125124
3769656,25661,64969,3.5,1270125798
3769657,25661,65230,3.5,1270125976
3769658,25661,66203,3.5,1270124357
3769659,25661,67087,4.5,1272390468
3769660,25661,68793,4.5,1271366568
3769661,25661,68954,4.0,1272390255
3769662,25661,69122,5.0,1270125544
3769663,25661,69278,4.0,1272389710
3769664,25661,69406,3.5,1270125822
3769665,25661,69436,3.5,1270124886
3769666,25661,69481,4.5,1270124009
3769667,25661,70183,2.0,1272914923
3769668,25661,71211,3.5,1270125938
3769669,25661,71535,5.0,1281079063
3769670,25661,71670,3.0,1271367399
3769671,25661,71838,4.5,1292879314
3769672,25661,74458,4.5,1292879203
3769673,25661,76093,3.0,1281085303
3769674,25661,79132,4.0,1292879165
3769675,25662,1,4.0,884043522
3769676,25662,2,3.0,884129108
3769677,25662,11,3.0,899461455
3769678,25662,34,4.0,884043231
3769679,25662,48,2.0,884043493
3769680,25662,60,4.0,899460755
3769681,25662,62,3.0,884126971
3769682,25662,94,3.0,884044645
3769683,25662,95,2.0,884044456
3769684,25662,112,4.0,884042988
3769685,25662,150,4.0,884044002
3769686,25662,185,3.0,899461766
3769687,25662,208,3.0,884046521
3769688,25662,246,4.0,884042819
3769689,25662,253,3.0,884044644
3769690,25662,260,4.0,884042433
3769691,25662,262,4.0,899460755
3769692,25662,317,3.0,884129412
3769693,25662,329,3.0,884044644
3769694,25662,355,2.0,884129943
3769695,25662,356,4.0,884043978
3769696,25662,362,3.0,899460795
3769697,25662,364,3.0,884044645
3769698,25662,377,3.0,884127965
3769699,25662,419,2.0,884130045
3769700,25662,424,3.0,884129866
3769701,25662,430,3.0,884129820
3769702,25662,434,2.0,884043493
3769703,25662,457,4.0,884127696
3769704,25662,474,3.0,884127889
3769705,25662,480,4.0,884046320
3769706,25662,497,4.0,884044140
3769707,25662,500,4.0,884046742
3769708,25662,514,3.0,1009270227
3769709,25662,516,3.0,1008629231
3769710,25662,531,3.0,884128479
3769711,25662,539,4.0,884045639
3769712,25662,541,4.0,884128445
3769713,25662,546,2.0,884045584
3769714,25662,551,3.0,884046383
3769715,25662,552,4.0,884046766
3769716,25662,586,3.0,884129258
3769717,25662,588,4.0,884043746
3769718,25662,589,4.0,884045155
3769719,25662,592,4.0,884043107
3769720,25662,594,4.0,884045467
3769721,25662,595,5.0,884043773
3769722,25662,596,4.0,884127865
3769723,25662,597,2.0,884128997
3769724,25662,602,4.0,955853796
3769725,25662,610,3.0,884128997
3769726,25662,648,3.0,884127361
3769727,25662,653,3.0,884127129
3769728,25662,661,3.0,884044645
3769729,25662,671,3.0,884044759
3769730,25662,673,1.0,884130623
3769731,25662,674,2.0,955520515
3769732,25662,720,5.0,899460686
3769733,25662,745,4.0,884130373
3769734,25662,750,4.0,899461664
3769735,25662,780,3.0,884126971
3769736,25662,783,3.0,884126972
3769737,25662,786,3.0,884127243
3769738,25662,788,3.0,884044644
3769739,25662,861,4.0,884045584
3769740,25662,910,4.0,884046949
3769741,25662,912,5.0,884042689
3769742,25662,919,4.0,884045526
3769743,25662,924,4.0,884043632
3769744,25662,953,4.0,884042790
3769745,25662,1005,3.0,899460774
3769746,25662,1009,3.0,884129588
3769747,25662,1010,3.0,884128900
3769748,25662,1013,3.0,884045068
3769749,25662,1020,3.0,884044644
3769750,25662,1022,3.0,884128049
3769751,25662,1023,4.0,899460686
3769752,25662,1025,3.0,884129559
3769753,25662,1028,5.0,884043280
3769754,25662,1029,4.0,884045446
3769755,25662,1031,3.0,884129127
3769756,25662,1032,3.0,899460686
3769757,25662,1033,3.0,884128935
3769758,25662,1035,5.0,884127675
3769759,25662,1036,4.0,955521332
3769760,25662,1060,3.0,884043493
3769761,25662,1064,4.0,899460703
3769762,25662,1073,3.0,884126847
3769763,25662,1077,4.0,884128120
3769764,25662,1079,4.0,899461327
3769765,25662,1097,5.0,884045155
3769766,25662,1101,3.0,884045883
3769767,25662,1104,4.0,884045131
3769768,25662,1136,4.0,884043668
3769769,25662,1148,4.0,884127931
3769770,25662,1196,5.0,884042462
3769771,25662,1197,4.0,884127696
3769772,25662,1198,5.0,884044026
3769773,25662,1199,3.0,884128665
3769774,25662,1200,4.0,884044818
3769775,25662,1204,5.0,884046100
3769776,25662,1207,4.0,955523314
3769777,25662,1210,4.0,884042661
3769778,25662,1214,4.0,884128137
3769779,25662,1219,4.0,884127996
3769780,25662,1220,4.0,884043947
3769781,25662,1223,4.0,884128445
3769782,25662,1225,3.0,884127584
3769783,25662,1231,4.0,884127889
3769784,25662,1247,4.0,884127713
3769785,25662,1253,3.0,884128613
3769786,25662,1259,4.0,884128397
3769787,25662,1265,4.0,884044958
3769788,25662,1270,3.0,884044644
3769789,25662,1274,3.0,884045271
3769790,25662,1275,3.0,884128500
3769791,25662,1278,4.0,884127675
3769792,25662,1282,3.0,884045420
3769793,25662,1289,4.0,884127847
3769794,25662,1291,4.0,884044099
3769795,25662,1293,4.0,884128096
3769796,25662,1297,3.0,884128500
3769797,25662,1298,3.0,884046087
3769798,25662,1339,4.0,884129362
3769799,25662,1356,4.0,884042514
3769800,25662,1367,3.0,884127159
3769801,25662,1371,2.0,884043493
3769802,25662,1372,3.0,884045721
3769803,25662,1373,1.0,884042515
3769804,25662,1374,5.0,884042514
3769805,25662,1375,3.0,884042514
3769806,25662,1376,4.0,884042514
3769807,25662,1377,3.0,884043107
3769808,25662,1380,4.0,884043923
3769809,25662,1391,3.0,930237181
3769810,25662,1416,3.0,884044644
3769811,25662,1485,4.0,905205099
3769812,25662,1515,3.0,884041872
3769813,25662,1527,3.0,899673415
3769814,25662,1566,3.0,884042933
3769815,25662,1573,5.0,884042379
3769816,25662,1580,4.0,884042191
3769817,25662,1590,2.0,884043493
3769818,25662,1603,4.0,884041913
3769819,25662,1608,4.0,884041814
3769820,25662,1610,4.0,884045748
3769821,25662,1653,4.0,958913703
3769822,25662,1665,2.0,884043493
3769823,25662,1673,4.0,961220642
3769824,25662,1682,5.0,899460632
3769825,25662,1688,2.0,884044645
3769826,25662,1690,4.0,884045155
3769827,25662,1717,3.0,903023886
3769828,25662,1721,4.0,884041714
3769829,25662,1722,4.0,884041846
3769830,25662,1732,4.0,897832464
3769831,25662,1747,4.0,955520663
3769832,25662,1805,4.0,955522413
3769833,25662,1831,2.0,903023833
3769834,25662,1875,4.0,899673445
3769835,25662,1876,4.0,930237093
3769836,25662,1883,4.0,955520894
3769837,25662,1885,4.0,955520338
3769838,25662,1907,5.0,899460521
3769839,25662,1912,4.0,903023926
3769840,25662,1917,4.0,930237148
3769841,25662,1923,4.0,955522117
3769842,25662,1947,4.0,899461213
3769843,25662,1955,4.0,955522675
3769844,25662,1961,4.0,955521312
3769845,25662,1967,3.0,955521737
3769846,25662,1968,4.0,1009271496
3769847,25662,2011,4.0,930237120
3769848,25662,2012,3.0,930237120
3769849,25662,2018,4.0,930237807
3769850,25662,2021,3.0,930237120
3769851,25662,2028,5.0,903023750
3769852,25662,2034,3.0,930237276
3769853,25662,2045,3.0,955522117
3769854,25662,2046,3.0,930237068
3769855,25662,2048,3.0,930237883
3769856,25662,2053,3.0,930237427
3769857,25662,2054,4.0,930237408
3769858,25662,2059,4.0,1009270781
3769859,25662,2064,4.0,958913567
3769860,25662,2077,4.0,955521561
3769861,25662,2078,3.0,930237664
3769862,25662,2080,4.0,930237685
3769863,25662,2081,5.0,930237664
3769864,25662,2082,3.0,955523488
3769865,25662,2083,4.0,930237664
3769866,25662,2085,5.0,930237836
3769867,25662,2087,4.0,930237727
3769868,25662,2088,3.0,955521852
3769869,25662,2089,4.0,930237836
3769870,25662,2090,4.0,930237807
3769871,25662,2091,3.0,930237408
3769872,25662,2094,4.0,930237257
3769873,25662,2099,3.0,930237727
3769874,25662,2100,4.0,955521640
3769875,25662,2105,4.0,930237036
3769876,25662,2108,4.0,955522171
3769877,25662,2110,3.0,955521698
3769878,25662,2115,4.0,930237940
3769879,25662,2116,3.0,955523125
3769880,25662,2133,4.0,955521737
3769881,25662,2135,3.0,930237727
3769882,25662,2137,4.0,930237807
3769883,25662,2138,4.0,930237807
3769884,25662,2139,4.0,930237836
3769885,25662,2140,4.0,930237068
3769886,25662,2150,4.0,955521640
3769887,25662,2153,1.0,903223645
3769888,25662,2161,3.0,930237940
3769889,25662,2194,4.0,955521312
3769890,25662,2248,4.0,955521416
3769891,25662,2268,3.0,955521040
3769892,25662,2273,4.0,907777177
3769893,25662,2278,3.0,907777223
3769894,25662,2294,4.0,907777177
3769895,25662,2297,3.0,913127913
3769896,25662,2301,3.0,955521640
3769897,25662,2311,4.0,930237068
3769898,25662,2355,4.0,955520683
3769899,25662,2378,3.0,955521792
3769900,25662,2393,4.0,930237221
3769901,25662,2394,4.0,1008629860
3769902,25662,2406,4.0,930237971
3769903,25662,2407,4.0,1008630004
3769904,25662,2413,3.0,955521823
3769905,25662,2416,4.0,955521699
3769906,25662,2470,4.0,955521699
3769907,25662,2502,3.0,958913582
3769908,25662,2528,4.0,930237036
3769909,25662,2571,4.0,955520220
3769910,25662,2582,4.0,930236797
3769911,25662,2613,3.0,1008630057
3769912,25662,2617,4.0,930236816
3769913,25662,2628,3.0,930236750
3769914,25662,2640,4.0,930236992
3769915,25662,2641,5.0,930237148
3769916,25662,2642,2.0,930237181
3769917,25662,2687,3.0,966196373
3769918,25662,2700,5.0,955520825
3769919,25662,2716,4.0,955521021
3769920,25662,2717,3.0,955521021
3769921,25662,2723,4.0,955521173
3769922,25662,2746,4.0,955520959
3769923,25662,2761,5.0,955521968
3769924,25662,2788,4.0,955522585
3769925,25662,2797,4.0,955520825
3769926,25662,2804,3.0,955521312
3769927,25662,2841,4.0,955521146
3769928,25662,2857,5.0,955522791
3769929,25662,2870,4.0,1009270306
3769930,25662,2899,3.0,955523433
3769931,25662,2916,4.0,955522171
3769932,25662,2918,4.0,955521312
3769933,25662,2944,4.0,955522915
3769934,25662,2947,4.0,955522915
3769935,25662,2948,4.0,955523314
3769936,25662,2949,4.0,955523314
3769937,25662,2968,4.0,955521463
3769938,25662,2987,5.0,955521464
3769939,25662,2989,3.0,955521699
3769940,25662,3000,5.0,955520568
3769941,25662,3034,4.0,955523125
3769942,25662,3035,4.0,1009271530
3769943,25662,3039,4.0,1009271852
3769944,25662,3052,4.0,1008629194
3769945,25662,3070,4.0,955521468
3769946,25662,3071,4.0,955521561
3769947,25662,3072,4.0,955521416
3769948,25662,3082,4.0,955522318
3769949,25662,3105,3.0,955522049
3769950,25662,3114,5.0,955521933
3769951,25662,3156,2.0,1008630057
3769952,25662,3159,4.0,955520397
3769953,25662,3175,4.0,955520466
3769954,25662,3253,4.0,955522017
3769955,25662,3255,4.0,955522318
3769956,25662,3269,3.0,955520988
3769957,25662,3301,3.0,1009730965
3769958,25662,3354,2.0,1008629254
3769959,25662,3396,5.0,955522578
3769960,25662,3421,4.0,955522616
3769961,25662,3438,3.0,955523488
3769962,25662,3461,4.0,955523314
3769963,25662,3479,4.0,955521464
3769964,25662,3510,5.0,967266929
3769965,25662,3524,3.0,955521699
3769966,25662,3526,4.0,955521472
3769967,25662,3527,4.0,955521464
3769968,25662,3552,4.0,955521312
3769969,25662,3623,3.0,959440871
3769970,25662,3624,4.0,959440889
3769971,25662,3638,3.0,1008630057
3769972,25662,3671,5.0,1009271799
3769973,25662,3745,4.0,961220622
3769974,25662,3751,5.0,978365602
3769975,25662,3793,4.0,963660570
3769976,25662,3827,4.0,978399831
3769977,25662,3977,2.0,978365455
3769978,25662,3996,5.0,978365455
3769979,25662,4016,4.0,1009270419
3769980,25662,4022,4.0,978365456
3769981,25662,4039,4.0,978365602
3769982,25662,4090,5.0,1008629861
3769983,25662,4121,4.0,1008630004
3769984,25662,4270,3.0,989165008
3769985,25662,4306,5.0,990843880
3769986,25662,4308,5.0,1009270351
3769987,25662,4327,4.0,1009730702
3769988,25662,4339,4.0,990843933
3769989,25662,4361,4.0,1009271592
3769990,25662,4446,4.0,1008629861
3769991,25662,4571,4.0,1009271747
3769992,25662,4802,3.0,1009271693
3769993,25662,4896,4.0,1009270153
3769994,25662,4941,2.0,1008630074
3769995,25662,4993,5.0,1009270153
3769996,25662,5060,3.0,884127889
3769997,25663,353,3.0,992610535
3769998,25663,435,3.0,992610753
3769999,25663,587,3.0,992610590
3770000,25663,920,3.0,992610285
3770001,25663,1027,4.0,992610224
3770002,25663,1204,4.0,992610354
3770003,25663,1299,5.0,992610354
3770004,25663,1343,5.0,992610285
3770005,25663,1388,4.0,992610772
3770006,25663,2122,4.0,992610808
3770007,25663,2268,4.0,992610535
3770008,25663,2409,5.0,992610753
3770009,25663,2410,5.0,992610772
3770010,25663,2617,4.0,992610717
3770011,25663,2641,4.0,992610717
3770012,25663,2642,5.0,992610796
3770013,25663,2643,5.0,992610796
3770014,25663,3074,5.0,992610224
3770015,25663,3471,4.0,992610354
3770016,25663,3527,5.0,992610354
3770017,25663,3740,4.0,992610482
3770018,25663,3897,5.0,992610443
3770019,25663,3980,4.0,992610399
3770020,25663,3986,4.0,992610753
3770021,25663,4008,3.0,992610285
3770022,25663,4277,4.0,992610717
3770023,25663,4292,3.0,992610467
3770024,25663,4293,4.0,992610753
3770025,25663,4321,4.0,992610564
3770026,25663,4327,5.0,992610399
3770027,25663,4329,4.0,992610419
3770028,25663,4333,5.0,992610564
3770029,25663,4338,4.0,992610590
3770030,25663,4354,4.0,992610717
3770031,25663,4361,4.0,992610399
3770032,25664,1,5.0,902259938
3770033,25664,2,3.0,902257658
3770034,25664,4,5.0,902259293
3770035,25664,10,4.0,902257401
3770036,25664,11,5.0,902258821
3770037,25664,15,5.0,902257983
3770038,25664,22,4.0,902259199
3770039,25664,32,4.0,902258853
3770040,25664,46,3.0,902259327
3770041,25664,57,5.0,902259327
3770042,25664,70,2.0,902257508
3770043,25664,95,3.0,902257726
3770044,25664,110,5.0,902257401
3770045,25664,141,5.0,902260177
3770046,25664,158,5.0,902258370
3770047,25664,160,4.0,902258050
3770048,25664,161,5.0,902259225
3770049,25664,170,5.0,902257840
3770050,25664,172,5.0,902258050
3770051,25664,173,4.0,902258050
3770052,25664,207,5.0,902259255
3770053,25664,208,4.0,902258018
3770054,25664,224,5.0,902259146
3770055,25664,230,5.0,902259026
3770056,25664,236,5.0,902260132
3770057,25664,253,5.0,902258751
3770058,25664,260,5.0,902257401
3770059,25664,281,4.0,902258999
3770060,25664,289,5.0,902260444
3770061,25664,292,3.0,902257691
3770062,25664,296,5.0,902258586
3770063,25664,316,5.0,902257911
3770064,25664,327,5.0,902258129
3770065,25664,329,5.0,902257911
3770066,25664,339,5.0,902260103
3770067,25664,344,5.0,902260389
3770068,25664,349,5.0,902257616
3770069,25664,356,5.0,902259938
3770070,25664,376,4.0,902257616
3770071,25664,377,5.0,902257691
3770072,25664,379,5.0,902258129
3770073,25664,380,5.0,902257691
3770074,25664,420,4.0,902258157
3770075,25664,434,4.0,902258018
3770076,25664,442,4.0,902257798
3770077,25664,457,3.0,902257464
3770078,25664,480,5.0,902257573
3770079,25664,485,3.0,902257983
3770080,25664,494,4.0,902257983
3770081,25664,514,5.0,902260467
3770082,25664,517,5.0,902257933
3770083,25664,539,5.0,902260204
3770084,25664,543,5.0,902260444
3770085,25664,546,4.0,902258231
3770086,25664,590,5.0,902258340
3770087,25664,593,5.0,902258586
3770088,25664,597,4.0,902260076
3770089,25664,647,4.0,902258999
3770090,25664,648,5.0,902257726
3770091,25664,653,5.0,902258018
3770092,25664,673,5.0,902258492
3770093,25664,688,4.0,902258129
3770094,25664,694,4.0,902258093
3770095,25664,728,3.0,902260204
3770096,25664,733,5.0,902257691
3770097,25664,736,5.0,902257840
3770098,25664,780,5.0,902257658
3770099,25664,786,5.0,902258018
3770100,25664,798,4.0,902257878
3770101,25664,799,5.0,902259965
3770102,25664,802,5.0,902258936
3770103,25664,805,5.0,902258891
3770104,25664,830,5.0,902260271
3770105,25664,832,4.0,902259690
3770106,25664,836,5.0,902257911
3770107,25664,837,5.0,902260131
3770108,25664,848,4.0,902259170
3770109,25664,852,4.0,902260103
3770110,25664,885,3.0,902258999
3770111,25664,990,4.0,902258210
3770112,25664,1004,2.0,902257983
3770113,25664,1036,5.0,902257401
3770114,25664,1047,4.0,902257508
3770115,25664,1049,5.0,902257573
3770116,25664,1101,4.0,902257658
3770117,25664,1127,4.0,902257573
3770118,25664,1183,2.0,902258891
3770119,25664,1196,4.0,902257464
3770120,25664,1198,5.0,902257401
3770121,25664,1210,4.0,902257464
3770122,25664,1214,5.0,902257464
3770123,25664,1220,4.0,902257616
3770124,25664,1271,5.0,902259146
3770125,25664,1275,4.0,902257540
3770126,25664,1291,4.0,902257434
3770127,25664,1356,5.0,902257616
3770128,25664,1359,4.0,902258450
3770129,25664,1371,5.0,902257933
3770130,25664,1372,4.0,902258340
3770131,25664,1373,4.0,902258157
3770132,25664,1374,4.0,902257434
3770133,25664,1375,4.0,902257878
3770134,25664,1376,4.0,902257573
3770135,25664,1385,2.0,902257658
3770136,25664,1391,5.0,902257911
3770137,25664,1393,3.0,902258785
3770138,25664,1396,4.0,902259091
3770139,25664,1422,4.0,902259846
3770140,25664,1438,5.0,902257911
3770141,25664,1479,5.0,902257878
3770142,25664,1480,4.0,902257878
3770143,25664,1485,5.0,902260050
3770144,25664,1499,3.0,902258190
3770145,25664,1500,5.0,902259965
3770146,25664,1515,5.0,902259487
3770147,25664,1527,5.0,902257616
3770148,25664,1544,5.0,902257878
3770149,25664,1552,5.0,902257616
3770150,25664,1556,3.0,902258157
3770151,25664,1573,4.0,902257573
3770152,25664,1580,5.0,902257540
3770153,25664,1581,3.0,902260025
3770154,25664,1584,5.0,902258612
3770155,25664,1586,5.0,902258891
3770156,25664,1587,4.0,902257840
3770157,25664,1590,2.0,902258190
3770158,25664,1597,4.0,902257616
3770159,25664,1608,4.0,902257540
3770160,25664,1610,5.0,902257434
3770161,25664,1614,5.0,902260025
3770162,25664,1616,4.0,902257840
3770163,25664,1619,4.0,902259225
3770164,25664,1620,4.0,902259061
3770165,25664,1625,5.0,902259690
3770166,25664,1633,4.0,902258891
3770167,25664,1641,5.0,902260025
3770168,25664,1645,5.0,902259826
3770169,25664,1676,2.0,902257840
3770170,25664,1682,5.0,902258963
3770171,25664,1687,5.0,902257840
3770172,25664,1703,5.0,902260271
3770173,25664,1704,5.0,902258586
3770174,25664,1711,4.0,902259905
3770175,25664,1721,5.0,902257401
3770176,25664,1722,4.0,902257798
3770177,25664,1747,5.0,902258751
3770178,25664,1772,5.0,902257798
3770179,25664,1779,3.0,902258492
3770180,25664,1784,5.0,902258668
3770181,25664,1831,5.0,902258018
3770182,25664,1876,4.0,902257144
3770183,25664,1882,5.0,902257257
3770184,25664,1894,4.0,902257219
3770185,25664,1909,3.0,902257144
3770186,25664,1917,5.0,902257219
3770187,25664,1918,4.0,902257239
3770188,25664,1923,2.0,902257144
3770189,25664,2000,5.0,902257434
3770190,25664,2002,3.0,902257508
3770191,25664,2006,5.0,902257144
3770192,25664,2082,5.0,902259993
3770193,25664,2105,3.0,902258129
3770194,25664,2115,4.0,902257983
3770195,25664,2120,5.0,902259355
3770196,25664,2153,5.0,902258287
3770197,25665,13,4.0,1117755521
3770198,25665,44,4.0,1117755032
3770199,25665,48,4.5,1117754945
3770200,25665,54,3.0,1117756170
3770201,25665,87,2.5,1117756174
3770202,25665,158,3.0,1117754971
3770203,25665,181,3.5,1117756146
3770204,25665,239,4.0,1117755591
3770205,25665,250,3.5,1117756194
3770206,25665,313,3.0,1117755551
3770207,25665,355,4.0,1117756083
3770208,25665,362,4.0,1117755227
3770209,25665,364,5.0,1117755613
3770210,25665,370,3.0,1117754914
3770211,25665,393,1.0,1117756436
3770212,25665,466,1.0,1117754919
3770213,25665,480,4.0,1117756246
3770214,25665,500,4.0,1117755228
3770215,25665,546,2.5,1117756148
3770216,25665,551,4.5,1117755999
3770217,25665,552,4.0,1117754957
3770218,25665,575,4.0,1117755944
3770219,25665,586,4.0,1117756191
3770220,25665,588,4.5,1117755567
3770221,25665,592,4.5,1117756256
3770222,25665,594,4.5,1117754847
3770223,25665,595,5.0,1117755583
3770224,25665,596,4.0,1117754975
3770225,25665,609,2.5,1117756065
3770226,25665,616,4.0,1117755207
3770227,25665,631,4.0,1117755763
3770228,25665,661,3.5,1117755700
3770229,25665,673,3.0,1117755598
3770230,25665,709,4.0,1117755176
3770231,25665,783,3.5,1117755005
3770232,25665,810,2.0,1117756157
3770233,25665,837,3.0,1117755958
3770234,25665,919,5.0,1117755845
3770235,25665,1015,4.0,1117755892
3770236,25665,1021,3.5,1117756117
3770237,25665,1022,4.0,1117755354
3770238,25665,1029,3.0,1117755367
3770239,25665,1032,3.5,1117755374
3770240,25665,1033,5.0,1117755218
3770241,25665,1064,2.0,1117755518
3770242,25665,1359,3.5,1117756131
3770243,25665,1367,4.0,1117756012
3770244,25665,1489,5.0,1117755561
3770245,25665,1566,4.0,1117755465
3770246,25665,1592,3.0,1117756025
3770247,25665,1681,2.0,1117756408
3770248,25665,1688,3.5,1117755169
3770249,25665,1881,3.0,1117755621
3770250,25665,1907,4.5,1117755515
3770251,25665,1920,3.0,1117755678
3770252,25665,2006,3.5,1117755001
3770253,25665,2018,4.0,1117755370
3770254,25665,2033,3.5,1117755302
3770255,25665,2048,4.0,1117755470
3770256,25665,2059,4.0,1117755888
3770257,25665,2078,4.0,1117755574
3770258,25665,2080,4.0,1117755351
3770259,25665,2085,4.0,1117755383
3770260,25665,2087,4.0,1117755197
3770261,25665,2089,4.0,1117755479
3770262,25665,2090,4.0,1117755223
3770263,25665,2092,1.5,1117755570
3770264,25665,2096,4.0,1117755377
3770265,25665,2099,4.0,1117755900
3770266,25665,2115,4.0,1117754900
3770267,25665,2123,4.0,1117755501
3770268,25665,2138,4.0,1117755995
3770269,25665,2139,4.5,1117755706
3770270,25665,2141,4.0,1117755346
3770271,25665,2142,4.0,1117755463
3770272,25665,2294,3.5,1117755651
3770273,25665,2394,3.0,1117755512
3770274,25665,2559,2.0,1117755534
3770275,25665,2566,2.0,1117755473
3770276,25665,2687,4.0,1117755484
3770277,25665,2761,5.0,1117755390
3770278,25665,2876,3.5,1117755498
3770279,25665,2953,4.0,1117756051
3770280,25665,2987,4.0,1117754841
3770281,25665,3034,5.0,1117755577
3770282,25665,3114,2.0,1117754866
3770283,25665,3213,4.0,1117755709
3770284,25665,3399,3.0,1117755883
3770285,25665,3400,4.0,1117755506
3770286,25665,3439,3.0,1117756102
3770287,25665,3440,2.0,1117755895
3770288,25665,3564,2.5,1117756070
3770289,25665,3615,1.0,1117755203
3770290,25665,3745,2.0,1117755645
3770291,25665,3751,0.5,1117754925
3770292,25665,3793,4.0,1117754875
3770293,25665,3945,3.0,1117755618
3770294,25665,3988,4.0,1117756091
3770295,25665,4016,4.0,1117755817
3770296,25665,4366,3.5,1117755487
3770297,25665,4446,1.5,1117755692
3770298,25665,4519,1.0,1117755361
3770299,25665,4748,3.0,1117755876
3770300,25665,4749,4.0,1117756128
3770301,25665,4750,2.5,1117756360
3770302,25665,4990,0.5,1117755548
3770303,25665,5002,3.0,1117755731
3770304,25665,5003,3.0,1117755777
3770305,25665,5109,3.0,1117755454
3770306,25665,5444,4.0,1117755758
3770307,25665,5765,4.0,1117755581
3770308,25665,5882,4.5,1117755466
3770309,25665,6158,4.0,1117755537
3770310,25665,6414,4.5,1117755628
3770311,25665,6559,3.0,1117755965
3770312,25665,6857,3.5,1117755411
3770313,25665,6889,4.0,1117755611
3770314,25665,6946,3.5,1117755766
3770315,25665,6951,1.0,1117755952
3770316,25665,7174,0.5,1117755780
3770317,25665,7374,4.0,1117755704
3770318,25665,7790,4.0,1117755745
3770319,25665,8574,4.0,1117755670
3770320,25665,8907,0.5,1117755588
3770321,25665,8934,3.0,1117755508
3770322,25665,8961,4.0,1117755415
3770323,25665,27706,4.5,1117755990
3770324,25666,1,3.0,1225329494
3770325,25666,47,4.5,1225329030
3770326,25666,223,4.5,1225329614
3770327,25666,356,3.5,1225329421
3770328,25666,551,3.5,1225329712
3770329,25666,553,4.0,1225329659
3770330,25666,588,4.0,1225328307
3770331,25666,589,3.5,1225328305
3770332,25666,593,4.5,1225329044
3770333,25666,653,3.5,1225328719
3770334,25666,673,3.5,1225327915
3770335,25666,736,2.5,1225328261
3770336,25666,1197,4.5,1225329013
3770337,25666,1200,3.0,1225329020
3770338,25666,1214,3.0,1225329138
3770339,25666,1240,2.5,1225329381
3770340,25666,1261,4.0,1225329548
3770341,25666,1479,3.0,1225327937
3770342,25666,1587,3.0,1225327982
3770343,25666,1591,2.5,1225328019
3770344,25666,1702,2.5,1225328105
3770345,25666,1920,3.0,1225328098
3770346,25666,1947,2.5,1225327942
3770347,25666,1954,4.0,1225328496
3770348,25666,1968,3.5,1225328493
3770349,25666,2028,4.0,1225329099
3770350,25666,2078,4.0,1225328490
3770351,25666,2571,4.0,1225328965
3770352,25666,2622,2.0,1225328095
3770353,25666,2722,3.5,1225327958
3770354,25666,2762,4.5,1225329046
3770355,25666,2959,4.5,1225328295
3770356,25666,3052,4.5,1225329906
3770357,25666,3114,3.0,1225329664
3770358,25666,3157,1.5,1225328044
3770359,25666,3275,4.0,1225329242
3770360,25666,3578,4.5,1225328293
3770361,25666,3916,3.5,1225329717
3770362,25666,4223,4.5,1225329687
3770363,25666,4306,3.5,1225329485
3770364,25666,4343,4.0,1225328060
3770365,25666,4545,1.5,1225328157
3770366,25666,4886,3.5,1225329284
3770367,25666,4963,4.0,1225329433
3770368,25666,4993,4.5,1225328868
3770369,25666,5064,4.0,1225329417
3770370,25666,5418,4.0,1225329252
3770371,25666,5502,3.0,1225328831
3770372,25666,5833,4.0,1225329843
3770373,25666,5903,4.0,1225329540
3770374,25666,5952,4.0,1225328248
3770375,25666,6377,3.0,1225329143
3770376,25666,6539,4.5,1225328825
3770377,25666,6764,4.0,1225329966
3770378,25666,6874,3.5,1225329553
3770379,25666,6957,3.0,1225328147
3770380,25666,7143,3.5,1225328823
3770381,25666,7153,4.0,1225328845
3770382,25666,7373,3.0,1225329920
3770383,25666,7458,4.5,1225329811
3770384,25666,8528,3.5,1225329981
3770385,25666,8636,3.5,1225328819
3770386,25666,8798,4.0,1225329405
3770387,25666,8874,3.5,1225329507
3770388,25666,8961,4.5,1225328329
3770389,25666,8984,2.5,1225328081
3770390,25666,31698,1.0,1225329764
3770391,25666,31878,4.5,1225329696
3770392,25666,32587,4.0,1225328816
3770393,25666,33794,4.0,1225328963
3770394,25666,44191,1.0,1225329498
3770395,25666,44199,4.0,1225328125
3770396,25666,44665,4.0,1225328737
3770397,25666,45722,4.0,1225329944
3770398,25666,46976,2.5,1225329295
3770399,25666,47099,3.5,1225329577
3770400,25666,48385,3.5,1225328727
3770401,25666,48516,4.5,1225328989
3770402,25666,48780,4.5,1225329027
3770403,25666,49272,4.0,1225329065
3770404,25666,50872,3.5,1225328725
3770405,25666,51255,4.0,1225329267
3770406,25666,51662,3.5,1225329669
3770407,25666,53125,3.5,1225329948
3770408,25666,53972,3.0,1225329700
3770409,25666,54259,4.5,1225329159
3770410,25666,54286,4.5,1225329001
3770411,25666,54997,4.5,1225329057
3770412,25666,55820,4.5,1225330349
3770413,25666,57532,0.5,1225329786
3770414,25666,57640,4.5,1225329925
3770415,25666,58559,5.0,1225328857
3770416,25666,58998,4.5,1225329337
3770417,25666,59315,4.5,1225328866
3770418,25666,59784,4.0,1225329146
3770419,25666,60040,3.5,1225330112
3770420,25666,61024,3.5,1225329562
3770421,25666,61132,4.0,1225330126
3770422,25666,61323,3.5,1225330022
3770423,25666,62155,4.5,1225330119
3770424,25667,7,0.5,1144539425
3770425,25667,112,3.0,1144539473
3770426,25667,160,1.5,1144539412
3770427,25667,173,0.5,1144539441
3770428,25667,370,5.0,1144539465
3770429,25667,420,4.0,1144539404
3770430,25667,494,1.0,1144539416
3770431,25667,497,0.5,1144539423
3770432,25667,592,2.5,1144539532
3770433,25667,1304,5.0,1144539406
3770434,25667,1407,0.5,1144539427
3770435,25667,1500,3.5,1144539457
3770436,25667,1682,4.0,1144539949
3770437,25667,2011,3.0,1144539400
3770438,25667,2054,1.0,1144539438
3770439,25667,2060,4.5,1144540045
3770440,25667,2231,5.0,1144539936
3770441,25667,2324,5.0,1144539973
3770442,25667,2599,3.5,1144539455
3770443,25667,2640,4.0,1144539450
3770444,25667,2700,4.5,1144539448
3770445,25667,3253,3.0,1144539576
3770446,25667,3868,4.5,1144539517
3770447,25667,4034,3.5,1144539476
3770448,25667,4886,3.5,1144539463
3770449,25667,5445,3.0,1144539460
3770450,25667,40629,4.5,1144540065
3770451,25668,6,4.0,1278808218
3770452,25668,95,4.0,1278823632
3770453,25668,104,4.0,1278823860
3770454,25668,110,5.0,1278808205
3770455,25668,150,4.5,1278808444
3770456,25668,161,5.0,1278807765
3770457,25668,185,4.0,1278823624
3770458,25668,231,4.0,1278823523
3770459,25668,277,3.0,1278806272
3770460,25668,296,4.0,1278808662
3770461,25668,318,5.0,1278807979
3770462,25668,333,3.5,1278806235
3770463,25668,339,4.0,1278823660
3770464,25668,349,4.5,1278822883
3770465,25668,356,4.5,1278806532
3770466,25668,364,3.5,1278823508
3770467,25668,377,3.5,1278823383
3770468,25668,380,4.0,1278823469
3770469,25668,440,4.0,1278823786
3770470,25668,454,4.0,1278808548
3770471,25668,457,4.0,1278808214
3770472,25668,474,4.0,1278823834
3770473,25668,480,3.5,1278823433
3770474,25668,524,4.0,1278808535
3770475,25668,539,4.0,1278823573
3770476,25668,553,4.0,1278824213
3770477,25668,587,4.0,1278823560
3770478,25668,590,4.5,1278822889
3770479,25668,593,4.0,1278808068
3770480,25668,594,3.5,1278823874
3770481,25668,648,4.5,1278823489
3770482,25668,784,4.0,1278824004
3770483,25668,785,4.0,1278806219
3770484,25668,802,4.5,1278824778
3770485,25668,832,4.0,1278823995
3770486,25668,899,3.0,1278806279
3770487,25668,919,3.0,1278823698
3770488,25668,924,4.0,1278823687
3770489,25668,1035,4.0,1278824103
3770490,25668,1036,4.0,1278808181
3770491,25668,1079,3.5,1278823841
3770492,25668,1097,4.0,1278823536
3770493,25668,1100,4.0,1278824756
3770494,25668,1101,4.5,1278823770
3770495,25668,1127,4.0,1278823946
3770496,25668,1136,4.0,1278823586
3770497,25668,1193,4.5,1278823599
3770498,25668,1197,4.5,1278806582
3770499,25668,1198,4.5,1278807999
3770500,25668,1208,3.5,1278806525
3770501,25668,1209,3.5,1278806698
3770502,25668,1210,4.0,1278806636
3770503,25668,1233,4.0,1278808035
3770504,25668,1234,4.0,1278808004
3770505,25668,1240,4.0,1278823553
3770506,25668,1246,4.0,1278823848
3770507,25668,1259,4.0,1278823792
3770508,25668,1265,4.5,1278823570
3770509,25668,1266,4.0,1278806448
3770510,25668,1270,4.0,1278808300
3770511,25668,1272,4.0,1278872429
3770512,25668,1276,4.0,1278806238
3770513,25668,1278,3.5,1278824044
3770514,25668,1291,4.0,1278806563
3770515,25668,1302,3.0,1278822849
3770516,25668,1304,4.5,1278823971
3770517,25668,1307,4.0,1278823717
3770518,25668,1370,3.5,1278808559
3770519,25668,1374,4.0,1278823978
3770520,25668,1387,4.0,1278823747
3770521,25668,1393,5.0,1278808537
3770522,25668,1408,4.0,1278806202
3770523,25668,1485,4.0,1278823905
3770524,25668,1573,4.0,1278823881
3770525,25668,1580,3.5,1278822997
3770526,25668,1610,5.0,1278808274
3770527,25668,1625,4.5,1278823312
3770528,25668,1641,4.0,1278823968
3770529,25668,1663,2.5,1278806314
3770530,25668,1673,2.5,1278824127
3770531,25668,1682,4.0,1278823738
3770532,25668,1704,4.0,1278823640
3770533,25668,1721,4.0,1278823543
3770534,25668,1777,4.0,1278824118
3770535,25668,1784,4.0,1278823729
3770536,25668,1917,4.5,1278823705
3770537,25668,1923,4.5,1278823665
3770538,25668,1953,4.0,1278806438
3770539,25668,1954,4.5,1278824098
3770540,25668,1961,4.5,1278808329
3770541,25668,1968,4.0,1278823755
3770542,25668,2000,3.5,1278870416
3770543,25668,2028,4.5,1278808087
3770544,25668,2058,3.5,1278807944
3770545,25668,2115,4.0,1278823819
3770546,25668,2268,4.0,1278808269
3770547,25668,2321,4.0,1278824093
3770548,25668,2353,5.0,1278807768
3770549,25668,2407,3.0,1278806223
3770550,25668,2423,3.5,1278822940
3770551,25668,2501,4.0,1278808384
3770552,25668,2502,4.0,1278806579
3770553,25668,2571,4.5,1278806681
3770554,25668,2671,3.5,1278823010
3770555,25668,2707,4.0,1278823005
3770556,25668,2762,4.0,1278808195
3770557,25668,2763,4.0,1278807936
3770558,25668,2791,4.0,1278823888
3770559,25668,2797,4.0,1278823827
3770560,25668,2803,4.0,1278872374
3770561,25668,2858,4.0,1278806517
3770562,25668,2871,3.5,1278806300
3770563,25668,2915,3.5,1278806307
3770564,25668,2916,4.0,1278823802
3770565,25668,2921,3.5,1278808122
3770566,25668,2944,4.5,1278808142
3770567,25668,3098,4.0,1278808326
3770568,25668,3101,4.0,1278806205
3770569,25668,3102,4.5,1279089884
3770570,25668,3104,4.0,1278808335
3770571,25668,3135,4.0,1278808366
3770572,25668,3147,4.5,1278808271
3770573,25668,3178,4.0,1278831704
3770574,25668,3256,4.0,1278808507
3770575,25668,3359,4.0,1278808172
3770576,25668,3360,5.0,1278806433
3770577,25668,3418,3.0,1278806194
3770578,25668,3421,4.0,1278806229
3770579,25668,3504,3.0,1278806545
3770580,25668,3505,4.0,1278806435
3770581,25668,3555,5.0,1354423799
3770582,25668,3578,4.5,1278806664
3770583,25668,3623,4.0,1278823955
3770584,25668,3654,4.0,1278808315
3770585,25668,3671,3.0,1278806256
3770586,25668,3753,4.5,1278808541
3770587,25668,3755,3.5,1278806263
3770588,25668,3911,2.5,1278806265
3770589,25668,3916,5.0,1278807886
3770590,25668,3996,4.0,1278823676
3770591,25668,4011,3.5,1278808154
3770592,25668,4022,4.5,1278823923
3770593,25668,4034,4.0,1278823938
3770594,25668,4223,4.0,1278808481
3770595,25668,4306,4.0,1278823592
3770596,25668,4310,4.5,1354423777
3770597,25668,4326,3.5,1278806442
3770598,25668,4616,4.0,1278824207
3770599,25668,4686,3.5,1278870554
3770600,25668,4776,4.5,1278872360
3770601,25668,4823,4.0,1278870619
3770602,25668,4886,4.0,1278823778
3770603,25668,4954,3.5,1278807903
3770604,25668,4958,4.0,1354423818
3770605,25668,4963,4.5,1278808458
3770606,25668,4993,4.0,1278808081
3770607,25668,4995,2.5,1278808346
3770608,25668,5418,5.0,1278807878
3770609,25668,5445,4.0,1278823744
3770610,25668,5989,4.0,1278824080
3770611,25668,6365,4.0,1278824063
3770612,25668,6377,4.0,1278808359
3770613,25668,6461,4.0,1278808110
3770614,25668,6808,4.0,1278870350
3770615,25668,6879,4.0,1278807957
3770616,25668,7143,5.0,1278808499
3770617,25668,7560,4.0,1278807832
3770618,25668,8131,4.5,1278870386
3770619,25668,8132,4.5,1278808436
3770620,25668,8493,4.5,1278831707
3770621,25668,8529,4.5,1278808551
3770622,25668,8665,5.0,1278807881
3770623,25668,8781,4.0,1278872364
3770624,25668,8937,4.5,1278822945
3770625,25668,26139,4.0,1278808188
3770626,25668,26614,5.0,1278807752
3770627,25668,26649,4.0,1278807991
3770628,25668,33166,4.5,1278824492
3770629,25668,39934,4.5,1278824895
3770630,25668,47099,4.0,1278822840
3770631,25668,47610,4.5,1278824497
3770632,25668,49272,4.0,1278808262
3770633,25668,49278,4.5,1278822902
3770634,25668,49412,4.0,1278824198
3770635,25668,54286,5.0,1278807759
3770636,25668,54736,4.5,1278808491
3770637,25668,55820,4.0,1278806689
3770638,25668,56587,4.0,1278831828
3770639,25668,56782,1.0,1278806813
3770640,25668,58559,4.0,1278806771
3770641,25668,63113,4.0,1278822975
3770642,25668,64614,4.0,1278806612
3770643,25668,64983,4.5,1278831847
3770644,25668,68358,4.0,1278808062
3770645,25668,68954,4.0,1278806591
3770646,25668,69122,4.5,1278808449
3770647,25668,69306,4.5,1278824762
3770648,25668,72011,4.5,1278870107
3770649,25668,72733,3.5,1278870026
3770650,25668,74795,4.0,1278870016
3770651,25668,78499,4.0,1278807971
3770652,25668,78729,4.5,1278824356
3770653,25668,81845,4.0,1354423615
3770654,25669,3,0.5,1053751597
3770655,25669,6,3.5,1053750315
3770656,25669,11,4.0,1053750441
3770657,25669,14,3.0,1032918189
3770658,25669,21,0.5,1062954344
3770659,25669,25,0.5,1062950831
3770660,25669,34,4.0,1062953702
3770661,25669,36,1.5,1062956511
3770662,25669,50,0.5,1062956432
3770663,25669,62,2.5,1062948514
3770664,25669,86,3.5,1062956682
3770665,25669,100,3.5,1053751538
3770666,25669,105,2.5,1053751819
3770667,25669,110,0.5,1053751258
3770668,25669,111,1.0,1041809052
3770669,25669,122,1.0,1076964236
3770670,25669,150,4.5,1053750388
3770671,25669,151,2.0,1076966763
3770672,25669,161,3.0,1053750615
3770673,25669,208,1.0,1048951084
3770674,25669,218,2.5,1053752735
3770675,25669,224,0.5,1062956707
3770676,25669,231,2.5,1053753066
3770677,25669,254,2.0,1076968361
3770678,25669,266,4.0,1062955660
3770679,25669,277,3.0,1032922180
3770680,25669,296,0.5,1053752139
3770681,25669,318,3.5,1053750494
3770682,25669,337,3.5,1053750380
3770683,25669,344,4.0,1053750299
3770684,25669,348,0.5,1062951136
3770685,25669,349,3.0,1053751659
3770686,25669,350,3.0,1048948909
3770687,25669,356,3.0,1053751719
3770688,25669,357,2.0,1048948190
3770689,25669,368,3.0,1062950368
3770690,25669,371,3.0,1048949398
3770691,25669,383,3.0,1053751503
3770692,25669,387,2.0,1047504567
3770693,25669,408,3.0,1048950341
3770694,25669,438,3.0,1048950871
3770695,25669,440,4.0,1053750394
3770696,25669,454,3.5,1053750469
3770697,25669,457,2.5,1062953792
3770698,25669,471,3.0,1053751548
3770699,25669,480,3.0,1032919604
3770700,25669,500,2.0,1048948800
3770701,25669,508,3.5,1062949339
3770702,25669,514,2.5,1053751220
3770703,25669,516,5.0,1032053741
3770704,25669,520,3.0,1053751431
3770705,25669,524,2.5,1053750645
3770706,25669,527,2.5,1053751619
3770707,25669,529,1.0,1062949348
3770708,25669,534,2.0,1053752577
3770709,25669,539,2.5,1053752001
3770710,25669,553,3.0,1032920257
3770711,25669,587,3.0,1053751128
3770712,25669,589,2.0,1062953839
3770713,25669,593,0.5,1053753392
3770714,25669,594,3.0,1053751292
3770715,25669,597,4.5,1053750581
3770716,25669,608,2.0,1053752384
3770717,25669,612,3.0,1048950311
3770718,25669,647,3.5,1053751664
3770719,25669,648,3.0,1048950003
3770720,25669,678,2.0,1062953834
3770721,25669,694,2.5,1076967488
3770722,25669,733,3.5,1053751055
3770723,25669,736,2.5,1053752585
3770724,25669,750,3.0,1053751827
3770725,25669,762,1.0,1053753134
3770726,25669,780,2.5,1053752130
3770727,25669,784,0.5,1076966694
3770728,25669,785,3.0,1076966710
3770729,25669,802,2.0,1062950359
3770730,25669,830,3.5,1053751040
3770731,25669,848,2.5,1053751746
3770732,25669,852,4.0,1053750375
3770733,25669,858,3.5,1053750472
3770734,25669,899,3.5,1053751497
3770735,25669,902,3.0,1053751105
3770736,25669,903,3.0,1062948940
3770737,25669,904,4.0,1053752708
3770738,25669,912,2.5,1062948918
3770739,25669,913,2.0,1053751681
3770740,25669,919,5.0,1053750979
3770741,25669,920,0.5,1053753413
3770742,25669,921,3.5,1053750540
3770743,25669,923,0.5,1062948949
3770744,25669,924,0.5,1053752211
3770745,25669,953,4.0,1028564919
3770746,25669,954,4.0,1028566921
3770747,25669,965,1.5,1062951403
3770748,25669,982,2.0,1053752055
3770749,25669,1012,3.0,1032920301
3770750,25669,1013,2.5,1053752172
3770751,25669,1019,3.0,1062950112
3770752,25669,1036,3.5,1053751413
3770753,25669,1042,2.5,1053752581
3770754,25669,1049,4.0,1048949184
3770755,25669,1079,3.0,1032920095
3770756,25669,1080,3.0,1053751043
3770757,25669,1082,3.0,1053751716
3770758,25669,1083,3.5,1053752490
3770759,25669,1084,2.5,1062950966
3770760,25669,1085,1.5,1062950081
3770761,25669,1086,3.0,1053751266
3770762,25669,1088,4.0,1053750191
3770763,25669,1090,2.5,1053751736
3770764,25669,1094,0.5,1053753321
3770765,25669,1095,0.5,1053753023
3770766,25669,1096,3.0,1053751063
3770767,25669,1097,2.5,1053752756
3770768,25669,1099,4.0,1028566942
3770769,25669,1100,2.5,1053752374
3770770,25669,1101,4.0,1028564005
3770771,25669,1124,0.5,1053753179
3770772,25669,1125,3.0,1032921159
3770773,25669,1129,3.5,1053752764
3770774,25669,1135,4.0,1028565490
3770775,25669,1136,3.0,1029124400
3770776,25669,1193,0.5,1053750628
3770777,25669,1196,3.0,1053751631
3770778,25669,1198,3.0,1029124222
3770779,25669,1201,0.5,1053752966
3770780,25669,1203,4.0,1053750506
3770781,25669,1206,0.5,1053753360
3770782,25669,1207,1.5,1053751299
3770783,25669,1208,0.5,1053752018
3770784,25669,1213,3.0,1028564414
3770785,25669,1220,4.0,1053752468
3770786,25669,1221,0.5,1053752387
3770787,25669,1222,0.5,1053753114
3770788,25669,1230,2.0,1029124379
3770789,25669,1231,5.0,1032918141
3770790,25669,1233,3.0,1053751004
3770791,25669,1234,3.5,1053750584
3770792,25669,1246,4.0,1053750396
3770793,25669,1247,4.0,1028564666
3770794,25669,1250,4.0,1053752738
3770795,25669,1252,3.0,1076964029
3770796,25669,1253,3.0,1032921610
3770797,25669,1258,1.0,1032919746
3770798,25669,1259,3.5,1053752712
3770799,25669,1265,2.5,1053751135
3770800,25669,1266,3.0,1033155650
3770801,25669,1270,3.0,1053751398
3770802,25669,1271,1.5,1053752158
3770803,25669,1272,3.0,1028565087
3770804,25669,1276,3.5,1053751661
3770805,25669,1278,2.5,1053753145
3770806,25669,1283,3.5,1053751793
3770807,25669,1286,2.5,1062949898
3770808,25669,1287,3.5,1053752222
3770809,25669,1290,5.0,1032920485
3770810,25669,1292,3.0,1053750521
3770811,25669,1293,3.0,1053751590
3770812,25669,1299,2.0,1053751800
3770813,25669,1302,4.0,1032920722
3770814,25669,1304,3.5,1053751198
3770815,25669,1307,2.5,1053752722
3770816,25669,1317,3.0,1076966145
3770817,25669,1333,3.0,1076968987
3770818,25669,1343,0.5,1053752225
3770819,25669,1358,3.5,1053751564
3770820,25669,1370,2.0,1048948698
3770821,25669,1380,4.0,1053752684
3770822,25669,1385,2.5,1053751238
3770823,25669,1391,0.5,1053753120
3770824,25669,1393,2.5,1053753029
3770825,25669,1394,2.0,1053751171
3770826,25669,1401,3.5,1053751209
3770827,25669,1408,2.0,1062949494
3770828,25669,1409,1.5,1053752038
3770829,25669,1422,4.0,1048950535
3770830,25669,1438,2.5,1053752417
3770831,25669,1459,2.5,1053750995
3770832,25669,1485,2.5,1053752694
3770833,25669,1500,1.0,1048947715
3770834,25669,1515,2.0,1053751924
3770835,25669,1517,0.5,1053753247
3770836,25669,1527,2.0,1053752426
3770837,25669,1552,3.5,1053751409
3770838,25669,1569,1.5,1062955726
3770839,25669,1573,2.5,1053752769
3770840,25669,1580,3.5,1053750227
3770841,25669,1584,3.5,1053750451
3770842,25669,1586,2.0,1053753328
3770843,25669,1589,2.5,1053751770
3770844,25669,1597,2.5,1053752745
3770845,25669,1608,3.0,1032083630
3770846,25669,1610,4.0,1053750360
3770847,25669,1615,3.5,1062949955
3770848,25669,1625,3.0,1032083494
3770849,25669,1626,3.0,1076967388
3770850,25669,1633,2.0,1053752308
3770851,25669,1635,2.0,1032920578
3770852,25669,1639,1.0,1053752537
3770853,25669,1641,2.0,1048948762
3770854,25669,1645,2.0,1053752748
3770855,25669,1653,2.0,1033155427
3770856,25669,1663,4.0,1028565423
3770857,25669,1674,3.0,1032919847
3770858,25669,1678,1.0,1076966631
3770859,25669,1682,2.0,1032920867
3770860,25669,1684,2.0,1076968223
3770861,25669,1687,2.5,1053752546
3770862,25669,1694,2.0,1053752667
3770863,25669,1704,5.0,1032919487
3770864,25669,1711,0.5,1053752615
3770865,25669,1727,2.5,1053753220
3770866,25669,1732,2.0,1048949303
3770867,25669,1747,2.0,1053751302
3770868,25669,1777,2.5,1053752450
3770869,25669,1784,2.5,1053750518
3770870,25669,1792,2.5,1053751698
3770871,25669,1810,3.0,1048948423
3770872,25669,1833,3.5,1053750485
3770873,25669,1834,1.5,1062956524
3770874,25669,1873,1.0,1062949890
3770875,25669,1883,3.0,1062950596
3770876,25669,1888,2.0,1053752691
3770877,25669,1894,3.5,1053750243
3770878,25669,1917,3.5,1053750307
3770879,25669,1918,3.0,1053751161
3770880,25669,1931,3.5,1053751424
3770881,25669,1937,4.0,1029124296
3770882,25669,1939,3.5,1053751406
3770883,25669,1944,3.0,1062950497
3770884,25669,1945,3.0,1076963985
3770885,25669,1950,4.0,1053750222
3770886,25669,1954,2.5,1053751616
3770887,25669,1955,4.0,1028565114
3770888,25669,1956,2.0,1076966618
3770889,25669,1957,3.5,1053751200
3770890,25669,1958,0.5,1053752004
3770891,25669,1959,2.0,1053751870
3770892,25669,1961,2.5,1053751739
3770893,25669,1962,2.5,1053753155
3770894,25669,1963,2.5,1053751567
3770895,25669,1964,3.0,1053751349
3770896,25669,1968,2.5,1062949330
3770897,25669,2000,3.5,1053752778
3770898,25669,2001,3.0,1062950051
3770899,25669,2002,3.0,1053751678
3770900,25669,2003,3.0,1028565642
3770901,25669,2009,2.0,1062950333
3770902,25669,2011,3.0,1053751527
3770903,25669,2012,3.0,1053751320
3770904,25669,2013,3.0,1032922180
3770905,25669,2015,3.0,1053750991
3770906,25669,2023,3.0,1048948855
3770907,25669,2028,0.5,1053753388
3770908,25669,2058,3.5,1053750547
3770909,25669,2065,1.5,1053753272
3770910,25669,2067,3.0,1053751588
3770911,25669,2070,4.5,1053750372
3770912,25669,2087,3.0,1028567063
3770913,25669,2098,3.5,1053752636
3770914,25669,2108,2.5,1053752337
3770915,25669,2109,3.0,1053750406
3770916,25669,2110,3.0,1028565735
3770917,25669,2112,2.0,1048949323
3770918,25669,2114,2.5,1053752623
3770919,25669,2124,1.5,1076966587
3770920,25669,2136,4.0,1028564807
3770921,25669,2144,4.0,1028565471
3770922,25669,2145,4.0,1032085751
3770923,25669,2146,2.0,1053751749
3770924,25669,2150,0.5,1053753072
3770925,25669,2160,2.5,1053752986
3770926,25669,2167,2.0,1048948559
3770927,25669,2174,3.5,1053752216
3770928,25669,2180,2.5,1062949317
3770929,25669,2194,3.0,1028565858
3770930,25669,2231,4.0,1053750370
3770931,25669,2240,3.0,1032920675
3770932,25669,2243,2.5,1053752596
3770933,25669,2268,3.5,1053751667
3770934,25669,2272,3.0,1032922208
3770935,25669,2301,3.0,1028565670
3770936,25669,2302,1.5,1053753123
3770937,25669,2306,1.5,1053751862
3770938,25669,2312,3.0,1053751203
3770939,25669,2313,3.0,1032919460
3770940,25669,2321,3.0,1032086163
3770941,25669,2334,2.5,1053752352
3770942,25669,2335,0.5,1053753090
3770943,25669,2340,2.0,1053751685
3770944,25669,2352,3.5,1053751255
3770945,25669,2353,2.5,1062948503
3770946,25669,2359,4.0,1053750428
3770947,25669,2371,3.5,1053752771
3770948,25669,2375,3.0,1032085796
3770949,25669,2378,3.0,1028565735
3770950,25669,2379,3.0,1076963827
3770951,25669,2396,1.5,1062948777
3770952,25669,2398,4.0,1028564919
3770953,25669,2401,3.5,1053751168
3770954,25669,2406,3.0,1032920282
3770955,25669,2407,3.0,1028565405
3770956,25669,2410,3.0,1028566060
3770957,25669,2411,1.0,1053753275
3770958,25669,2416,3.5,1053751252
3770959,25669,2420,4.0,1062950093
3770960,25669,2421,3.5,1053752553
3770961,25669,2424,2.0,1053752202
3770962,25669,2431,3.0,1053750415
3770963,25669,2433,3.5,1062953759
3770964,25669,2442,2.5,1076965640
3770965,25669,2447,2.5,1053752356
3770966,25669,2463,2.0,1062948853
3770967,25669,2468,4.0,1028565701
3770968,25669,2469,2.0,1076967252
3770969,25669,2470,2.5,1053752415
3770970,25669,2474,3.0,1032922281
3770971,25669,2476,4.0,1028565963
3770972,25669,2485,3.0,1053751743
3770973,25669,2497,2.5,1053752169
3770974,25669,2501,3.5,1053752618
3770975,25669,2504,0.5,1076967240
3770976,25669,2518,2.0,1028565528
3770977,25669,2520,3.0,1053751317
3770978,25669,2524,2.0,1076967234
3770979,25669,2529,1.0,1032921926
3770980,25669,2539,2.5,1053751882
3770981,25669,2542,0.5,1053752562
3770982,25669,2562,4.0,1062950541
3770983,25669,2567,1.5,1053752420
3770984,25669,2571,3.0,1033154940
3770985,25669,2598,1.5,1053752627
3770986,25669,2639,0.5,1053753425
3770987,25669,2640,3.0,1032921342
3770988,25669,2641,2.5,1053752305
3770989,25669,2657,1.0,1053752301
3770990,25669,2662,3.5,1053751805
3770991,25669,2669,3.0,1062950621
3770992,25669,2670,3.5,1062949453
3770993,25669,2671,5.0,1053751690
3770994,25669,2683,0.5,1053753006
3770995,25669,2686,2.5,1062950098
3770996,25669,2706,1.5,1062950045
3770997,25669,2707,1.5,1053752074
3770998,25669,2712,0.5,1053753406
3770999,25669,2716,3.0,1053750202
3771000,25669,2717,3.5,1076966505
3771001,25669,2728,3.0,1028564616
3771002,25669,2739,2.5,1053752088
3771003,25669,2746,2.5,1053751370
3771004,25669,2747,2.5,1053751279
3771005,25669,2762,3.5,1053750425
3771006,25669,2770,3.5,1053750391
3771007,25669,2779,3.0,1053750399
3771008,25669,2782,3.5,1053751844
3771009,25669,2791,4.0,1053750509
3771010,25669,2792,3.5,1053751645
3771011,25669,2795,3.0,1028565447
3771012,25669,2803,3.5,1053751283
3771013,25669,2815,4.0,1028566060
3771014,25669,2816,3.5,1053752543
3771015,25669,2817,3.5,1053752409
3771016,25669,2818,3.5,1053752334
3771017,25669,2819,3.5,1053751385
3771018,25669,2844,3.0,1076968115
3771019,25669,2852,1.0,1062949423
3771020,25669,2858,0.5,1053753103
3771021,25669,2861,5.0,1048948345
3771022,25669,2863,3.5,1053752775
3771023,25669,2866,3.0,1053751535
3771024,25669,2870,3.5,1053750181
3771025,25669,2871,1.0,1053753258
3771026,25669,2874,3.0,1032922823
3771027,25669,2875,2.0,1053752263
3771028,25669,2881,2.5,1053752480
3771029,25669,2889,4.0,1062950277
3771030,25669,2915,3.5,1053751428
3771031,25669,2916,3.0,1076968910
3771032,25669,2917,2.0,1076963959
3771033,25669,2918,4.0,1053750194
3771034,25669,2921,2.5,1053753216
3771035,25669,2922,1.5,1062949297
3771036,25669,2926,0.5,1053753333
3771037,25669,2941,3.0,1053751230
3771038,25669,2942,5.0,1076971427
3771039,25669,2944,3.0,1032053930
3771040,25669,2946,3.0,1032084147
3771041,25669,2947,3.0,1053751416
3771042,25669,2948,2.0,1062948564
3771043,25669,2951,2.0,1032084344
3771044,25669,2959,0.5,1053751859
3771045,25669,2997,0.5,1053752082
3771046,25669,3033,1.5,1076968887
3771047,25669,3035,5.0,1029124176
3771048,25669,3037,3.0,1076967115
3771049,25669,3039,4.0,1053750251
3771050,25669,3040,2.5,1076965601
3771051,25669,3048,3.5,1053752786
3771052,25669,3052,1.0,1062956502
3771053,25669,3053,3.0,1076963849
3771054,25669,3061,3.5,1053752161
3771055,25669,3062,3.0,1028564616
3771056,25669,3066,3.0,1032919746
3771057,25669,3068,3.0,1053751500
3771058,25669,3072,4.0,1028565338
3771059,25669,3074,2.0,1053752549
3771060,25669,3087,2.5,1053751997
3771061,25669,3088,5.0,1033154682
3771062,25669,3095,3.0,1053751132
3771063,25669,3098,5.0,1062949161
3771064,25669,3099,0.5,1053753433
3771065,25669,3100,3.0,1032921131
3771066,25669,3101,2.5,1062949997
3771067,25669,3105,2.5,1053752671
3771068,25669,3107,2.0,1053751584
3771069,25669,3108,2.5,1053752324
3771070,25669,3135,3.0,1032920134
3771071,25669,3147,3.5,1053751594
3771072,25669,3148,3.5,1053750446
3771073,25669,3152,3.0,1029124400
3771074,25669,3167,2.0,1028565201
3771075,25669,3175,2.0,1062948768
3771076,25669,3176,0.5,1062956695
3771077,25669,3178,4.0,1076967084
3771078,25669,3186,4.0,1062956621
3771079,25669,3194,2.5,1062949877
3771080,25669,3197,3.0,1032920282
3771081,25669,3210,3.5,1053751778
3771082,25669,3214,3.5,1076968067
3771083,25669,3235,3.0,1076965999
3771084,25669,3244,4.0,1053750475
3771085,25669,3253,2.5,1053751571
3771086,25669,3255,3.0,1033155382
3771087,25669,3256,3.0,1032083539
3771088,25669,3257,2.5,1053751891
3771089,25669,3258,2.5,1053753255
3771090,25669,3259,1.5,1053752605
3771091,25669,3260,2.0,1032919746
3771092,25669,3263,3.0,1032922719
3771093,25669,3267,2.5,1076971380
3771094,25669,3274,1.0,1053753282
3771095,25669,3296,5.0,1028564616
3771096,25669,3298,3.5,1062950345
3771097,25669,3318,2.5,1062951997
3771098,25669,3359,3.5,1053751326
3771099,25669,3360,4.0,1053750318
3771100,25669,3361,3.0,1033155515
3771101,25669,3362,2.5,1053751855
3771102,25669,3363,3.0,1053750511
3771103,25669,3384,3.0,1033155091
3771104,25669,3386,3.5,1053751905
3771105,25669,3404,1.5,1053752645
3771106,25669,3408,3.5,1053751270
3771107,25669,3418,3.0,1032920823
3771108,25669,3420,4.0,1062949403
3771109,25669,3421,4.0,1029124331
3771110,25669,3427,3.5,1053751823
3771111,25669,3430,3.0,1032921462
3771112,25669,3442,3.0,1053751102
3771113,25669,3448,3.5,1053751345
3771114,25669,3450,2.5,1053751158
3771115,25669,3451,3.5,1053750567
3771116,25669,3467,0.5,1053752936
3771117,25669,3468,1.0,1053753267
3771118,25669,3469,4.0,1053750532
3771119,25669,3471,1.0,1053752318
3771120,25669,3478,3.0,1076965549
3771121,25669,3494,4.0,1053750498
3771122,25669,3497,4.5,1053750366
3771123,25669,3501,4.0,1028565603
3771124,25669,3503,2.5,1076967048
3771125,25669,3504,0.5,1053752249
3771126,25669,3506,3.0,1028565201
3771127,25669,3507,3.5,1053750236
3771128,25669,3508,3.5,1053751803
3771129,25669,3510,2.5,1053752487
3771130,25669,3513,2.5,1053753043
3771131,25669,3524,3.5,1053750514
3771132,25669,3525,3.0,1053751710
3771133,25669,3528,2.0,1053751378
3771134,25669,3529,1.0,1053752182
3771135,25669,3552,3.5,1053751338
3771136,25669,3555,3.0,1053751067
3771137,25669,3566,1.0,1032919384
3771138,25669,3578,4.0,1076963901
3771139,25669,3591,3.0,1076967043
3771140,25669,3623,3.0,1052608379
3771141,25669,3624,4.0,1053750420
3771142,25669,3634,4.5,1076965977
3771143,25669,3643,3.5,1053753019
3771144,25669,3649,1.0,1032923606
3771145,25669,3654,3.0,1033155401
3771146,25669,3671,4.0,1053750443
3771147,25669,3675,3.5,1053752065
3771148,25669,3681,2.0,1029124417
3771149,25669,3686,1.0,1076971351
3771150,25669,3688,3.0,1053751562
3771151,25669,3699,3.5,1053751233
3771152,25669,3704,2.0,1076967025
3771153,25669,3717,2.5,1062952626
3771154,25669,3724,3.0,1053751112
3771155,25669,3733,3.5,1053750632
3771156,25669,3753,3.0,1053753126
3771157,25669,3755,1.0,1028566247
3771158,25669,3760,3.5,1053752495
3771159,25669,3770,1.0,1053752242
3771160,25669,3791,4.0,1053750529
3771161,25669,3793,2.0,1062951978
3771162,25669,3809,2.0,1053751575
3771163,25669,3811,2.0,1053751261
3771164,25669,3812,1.0,1062950312
3771165,25669,3813,1.0,1076965983
3771166,25669,3825,2.5,1053752370
3771167,25669,3827,2.5,1053751296
3771168,25669,3834,3.0,1032923057
3771169,25669,3844,2.0,1076966995
3771170,25669,3852,4.0,1076965534
3771171,25669,3870,4.0,1053751867
3771172,25669,3871,3.5,1062950145
3771173,25669,3916,3.5,1053751287
3771174,25669,3929,3.0,1033154865
3771175,25669,3949,0.5,1053753037
3771176,25669,3959,2.5,1053751851
3771177,25669,3969,1.5,1076967008
3771178,25669,3978,3.5,1062952322
3771179,25669,3980,3.5,1062949931
3771180,25669,3982,4.5,1076967980
3771181,25669,3994,2.5,1053751638
3771182,25669,3998,3.5,1062952392
3771183,25669,4007,3.5,1053750648
3771184,25669,4010,4.0,1053752473
3771185,25669,4014,2.0,1038966101
3771186,25669,4017,1.5,1053753231
3771187,25669,4019,4.0,1028566359
3771188,25669,4022,2.0,1053751962
3771189,25669,4023,2.5,1053751893
3771190,25669,4027,3.5,1053750491
3771191,25669,4028,4.0,1062948732
3771192,25669,4031,1.0,1062952830
3771193,25669,4033,4.0,1053750558
3771194,25669,4034,2.0,1031950436
3771195,25669,4041,4.0,1032922361
3771196,25669,4042,4.0,1032053944
3771197,25669,4047,4.0,1053750198
3771198,25669,4054,2.5,1053752059
3771199,25669,4085,3.0,1053751323
3771200,25669,4161,2.5,1076971297
3771201,25669,4187,3.0,1029124081
3771202,25669,4207,2.0,1032053741
3771203,25669,4214,3.5,1053751382
3771204,25669,4215,3.5,1053751224
3771205,25669,4220,3.0,1032921540
3771206,25669,4226,1.5,1053752697
3771207,25669,4228,1.0,1052608138
3771208,25669,4232,3.0,1062952383
3771209,25669,4238,3.5,1062952488
3771210,25669,4239,1.0,1031951668
3771211,25669,4246,2.0,1031951571
3771212,25669,4262,1.0,1053753082
3771213,25669,4280,2.0,1053752010
3771214,25669,4291,2.5,1053753207
3771215,25669,4292,3.5,1053752507
3771216,25669,4296,1.5,1053752034
3771217,25669,4306,3.5,1053750554
3771218,25669,4308,1.5,1053753429
3771219,25669,4316,3.0,1028565178
3771220,25669,4317,2.0,1028563983
3771221,25669,4318,3.0,1053753130
3771222,25669,4321,3.0,1053751016
3771223,25669,4327,3.0,1029124119
3771224,25669,4329,3.0,1053751052
3771225,25669,4341,3.5,1053752455
3771226,25669,4351,2.5,1053752258
3771227,25669,4357,3.0,1053751603
3771228,25669,4360,3.5,1053752062
3771229,25669,4361,2.5,1053751921
3771230,25669,4369,4.0,1031950085
3771231,25669,4370,0.5,1053753324
3771232,25669,4378,0.5,1053752990
3771233,25669,4388,2.5,1076966956
3771234,25669,4396,3.5,1053752601
3771235,25669,4397,2.0,1076965918
3771236,25669,4403,2.5,1076966451
3771237,25669,4419,4.0,1062951560
3771238,25669,4429,3.5,1076965900
3771239,25669,4447,3.5,1053752284
3771240,25669,4448,2.5,1053752185
3771241,25669,4474,2.5,1076966922
3771242,25669,4478,2.5,1076971216
3771243,25669,4486,3.0,1062950261
3771244,25669,4499,2.0,1076971232
3771245,25669,4557,2.0,1053751753
3771246,25669,4564,2.0,1029124222
3771247,25669,4571,3.0,1053752951
3771248,25669,4588,4.0,1032084270
3771249,25669,4589,4.0,1053750526
3771250,25669,4609,5.0,1032920012
3771251,25669,4616,2.5,1062949106
3771252,25669,4643,1.0,1032923154
3771253,25669,4654,3.0,1028566002
3771254,25669,4677,2.0,1076966935
3771255,25669,4688,3.0,1029124033
3771256,25669,4710,4.0,1053750551
3771257,25669,4714,3.0,1028565753
3771258,25669,4718,2.0,1052608259
3771259,25669,4727,0.5,1053753209
3771260,25669,4738,1.0,1053753076
3771261,25669,4776,2.0,1038966284
3771262,25669,4782,1.5,1062952434
3771263,25669,4783,1.0,1053754076
3771264,25669,4795,2.0,1053752104
3771265,25669,4799,3.5,1053751722
3771266,25669,4802,3.0,1033154908
3771267,25669,4803,1.0,1032921610
3771268,25669,4804,2.5,1076968711
3771269,25669,4809,3.0,1032920657
3771270,25669,4816,0.5,1076965481
3771271,25669,4830,3.5,1053752742
3771272,25669,4835,3.0,1029123985
3771273,25669,4836,4.0,1032918157
3771274,25669,4844,4.0,1031950002
3771275,25669,4848,2.0,1053754171
3771276,25669,4849,4.0,1062949971
3771277,25669,4855,3.0,1028565114
3771278,25669,4857,4.0,1062948523
3771279,25669,4866,3.5,1053752340
3771280,25669,4867,1.0,1028566564
3771281,25669,4871,4.0,1052607682
3771282,25669,4874,3.5,1053751419
3771283,25669,4880,4.0,1076966907
3771284,25669,4881,2.5,1062952280
3771285,25669,4886,2.5,1053752977
3771286,25669,4889,0.5,1053753160
3771287,25669,4898,0.5,1053753377
3771288,25669,4901,3.5,1053751175
3771289,25669,4912,3.5,1062948782
3771290,25669,4916,3.0,1028565201
3771291,25669,4922,3.0,1032923378
3771292,25669,4932,3.0,1029124478
3771293,25669,4945,3.5,1053752484
3771294,25669,4947,3.0,1032922155
3771295,25669,4950,2.0,1028566021
3771296,25669,4958,3.0,1053750999
3771297,25669,4962,3.5,1062953056
3771298,25669,4963,3.0,1038966163
3771299,25669,4975,2.0,1031951609
3771300,25669,4979,3.0,1053751435
3771301,25669,4993,2.5,1053752569
3771302,25669,4994,3.5,1053751607
3771303,25669,4995,3.5,1053751403
3771304,25669,5009,2.0,1062952454
3771305,25669,5015,4.0,1029123096
3771306,25669,5016,0.5,1053753278
3771307,25669,5025,3.5,1053752620
3771308,25669,5049,3.5,1053752593
3771309,25669,5060,3.5,1053751375
3771310,25669,5079,3.5,1053751072
3771311,25669,5089,3.0,1032085914
3771312,25669,5106,2.5,1062953442
3771313,25669,5110,0.5,1076967780
3771314,25669,5112,3.5,1053751835
3771315,25669,5122,2.0,1028565178
3771316,25669,5125,0.5,1076965854
3771317,25669,5129,1.0,1062952840
3771318,25669,5135,3.5,1053754161
3771319,25669,5139,3.5,1053752413
3771320,25669,5141,3.0,1076963942
3771321,25669,5152,2.5,1053752996
3771322,25669,5171,1.5,1053752513
3771323,25669,5172,1.0,1053753111
3771324,25669,5174,2.5,1053752108
3771325,25669,5186,4.0,1076969379
3771326,25669,5187,5.0,1028565338
3771327,25669,5190,5.0,1032919226
3771328,25669,5193,3.5,1053750536
3771329,25669,5199,3.0,1062950532
3771330,25669,5214,4.5,1053750411
3771331,25669,5218,3.0,1076966858
3771332,25669,5237,2.5,1062949263
3771333,25669,5247,3.5,1053751228
3771334,25669,5267,3.0,1037557663
3771335,25669,5299,3.0,1053751730
3771336,25669,5303,1.0,1048950051
3771337,25669,5312,2.5,1053752044
3771338,25669,5324,2.0,1041184973
3771339,25669,5329,0.5,1076967772
3771340,25669,5349,2.5,1053754049
3771341,25669,5357,4.0,1032921419
3771342,25669,5372,3.5,1053751653
3771343,25669,5377,4.0,1053754060
3771344,25669,5378,2.0,1052607932
3771345,25669,5388,1.5,1053753225
3771346,25669,5391,2.0,1052608408
3771347,25669,5395,2.5,1053752681
3771348,25669,5400,3.0,1038965731
3771349,25669,5415,1.5,1053752235
3771350,25669,5418,3.0,1053751010
3771351,25669,5420,1.5,1053753439
3771352,25669,5437,3.0,1032922979
3771353,25669,5439,5.0,1028565768
3771354,25669,5445,3.0,1047504234
3771355,25669,5446,4.0,1076966848
3771356,25669,5459,3.5,1053751839
3771357,25669,5464,4.0,1047504255
3771358,25669,5479,3.5,1053752288
3771359,25669,5502,2.0,1053752447
3771360,25669,5505,1.0,1047504430
3771361,25669,5506,2.5,1053751888
3771362,25669,5507,3.5,1053750285
3771363,25669,5516,3.0,1052608345
3771364,25669,5521,3.5,1076968628
3771365,25669,5524,2.5,1053753252
3771366,25669,5528,3.0,1037557663
3771367,25669,5548,2.5,1053752751
3771368,25669,5553,2.5,1062950550
3771369,25669,5563,0.5,1053752955
3771370,25669,5568,3.0,1032922704
3771371,25669,5572,3.5,1053752730
3771372,25669,5577,1.0,1047504316
3771373,25669,5610,3.5,1053751190
3771374,25669,5611,0.5,1053752962
3771375,25669,5620,3.0,1047504520
3771376,25669,5621,0.5,1062952949
3771377,25669,5625,3.0,1062950006
3771378,25669,5644,3.0,1053750641
3771379,25669,5665,2.0,1047504282
3771380,25669,5668,2.0,1053753348
3771381,25669,5669,4.0,1062952225
3771382,25669,5699,2.0,1062949169
3771383,25669,5707,4.0,1062949092
3771384,25669,5723,4.0,1076967732
3771385,25669,5743,2.0,1076968581
3771386,25669,5745,2.5,1062949472
3771387,25669,5747,2.5,1062949232
3771388,25669,5791,1.5,1062952244
3771389,25669,5798,3.5,1053751775
3771390,25669,5803,3.0,1053751214
3771391,25669,5809,0.5,1053753372
3771392,25669,5810,1.0,1053753055
3771393,25669,5812,3.0,1052607817
3771394,25669,5845,3.5,1076965831
3771395,25669,5872,1.0,1038609660
3771396,25669,5873,4.5,1053750464
3771397,25669,5881,2.0,1053751624
3771398,25669,5902,2.5,1053752930
3771399,25669,5927,5.0,1053751763
3771400,25669,5940,1.5,1062951568
3771401,25669,5941,3.5,1062952327
3771402,25669,5944,2.5,1053752641
3771403,25669,5945,0.5,1053752463
3771404,25669,5952,3.0,1052607641
3771405,25669,5954,1.0,1047503947
3771406,25669,5955,3.0,1062949081
3771407,25669,5956,5.0,1041184786
3771408,25669,5957,3.5,1053751179
3771409,25669,5959,3.0,1047503947
3771410,25669,5970,3.0,1048950190
3771411,25669,5989,2.5,1053752021
3771412,25669,5991,4.0,1041809017
3771413,25669,5992,1.5,1053753263
3771414,25669,6003,1.5,1053753367
3771415,25669,6013,2.5,1053752028
3771416,25669,6014,3.5,1053751164
3771417,25669,6059,3.0,1047504086
3771418,25669,6060,1.0,1052608448
3771419,25669,6062,0.5,1076965808
3771420,25669,6084,3.0,1076969273
3771421,25669,6155,3.5,1053752435
3771422,25669,6156,5.0,1047504086
3771423,25669,6157,2.5,1053752232
3771424,25669,6183,3.5,1062949241
3771425,25669,6185,1.5,1076966327
3771426,25669,6186,0.5,1053753410
3771427,25669,6187,0.5,1053753421
3771428,25669,6212,3.5,1053751532
3771429,25669,6217,3.0,1076966822
3771430,25669,6218,3.5,1062950104
3771431,25669,6237,4.0,1047504350
3771432,25669,6239,2.0,1062950405
3771433,25669,6249,0.5,1076966322
3771434,25669,6252,2.5,1053752399
3771435,25669,6260,3.0,1076966341
3771436,25669,6264,3.5,1053751121
3771437,25669,6265,4.5,1053750577
3771438,25669,6266,3.5,1053751810
3771439,25669,6268,3.0,1076967680
3771440,25669,6280,2.0,1052607440
3771441,25669,6281,3.5,1053750636
3771442,25669,6294,3.0,1053751329
3771443,25669,6296,5.0,1052607401
3771444,25669,6297,4.0,1052607354
3771445,25669,6303,2.0,1062949500
3771446,25669,6322,4.0,1052607354
3771447,25669,6324,4.0,1053753793
3771448,25669,6332,3.5,1062952917
3771449,25669,6333,1.5,1053753141
3771450,25669,6354,3.0,1076969220
3771451,25669,6365,0.5,1053753743
3771452,25669,6367,0.5,1053753767
3771453,25669,6373,2.5,1053753834
3771454,25669,6374,4.0,1053753858
3771455,25669,6377,4.5,1062949070
3771456,25669,6378,2.5,1062949174
3771457,25669,6385,4.5,1062949408
3771458,25669,6413,4.0,1062948885
3771459,25669,6440,0.5,1062950979
3771460,25669,6448,5.0,1076968489
3771461,25669,6466,0.5,1062950448
3771462,25669,6478,4.0,1076966334
3771463,25669,6484,3.5,1062952801
3771464,25669,6493,4.0,1062951800
3771465,25669,6503,3.5,1062951787
3771466,25669,6534,2.0,1062951777
3771467,25669,6535,3.5,1062951790
3771468,25669,6537,3.0,1062949446
3771469,25669,6539,5.0,1062949051
3771470,25669,6541,4.5,1062951796
3771471,25669,6549,2.5,1062951805
3771472,25669,6550,0.5,1062951771
3771473,25669,6565,5.0,1062949043
3771474,25669,6566,3.0,1062951810
3771475,25669,6582,4.0,1076967650
3771476,25669,6593,3.5,1062951750
3771477,25669,6595,4.0,1062949979
3771478,25669,6617,4.0,1062951746
3771479,25669,6619,0.5,1062951782
3771480,25669,6636,4.5,1062949135
3771481,25669,6662,3.0,1062949302
3771482,25669,6663,3.0,1062949099
3771483,25669,6708,3.5,1076967646
3771484,25669,6709,3.0,1076967641
3771485,25669,6832,5.0,1076967595
3771486,25669,6863,3.5,1076967606
3771487,25669,6867,5.0,1076967588
3771488,25669,6871,4.0,1076969167
3771489,25669,6888,5.0,1076967602
3771490,25669,6932,3.5,1076968449
3771491,25669,6934,0.5,1076969178
3771492,25669,6936,2.5,1076967612
3771493,25669,6952,3.5,1076968404
3771494,25669,6957,0.5,1076965799
3771495,25669,6993,0.5,1076965751
3771496,25669,7036,3.0,1076966283
3771497,25669,7143,3.5,1076965787
3771498,25669,7149,3.5,1076965767
3771499,25669,7155,3.0,1076968386
3771500,25669,7158,2.0,1076968380
3771501,25669,7162,3.5,1076967570
3771502,25669,7164,4.5,1076966257
3771503,25669,7178,1.0,1076966251
3771504,25669,7210,4.0,1076969114
3771505,25669,7263,4.0,1076969078
3771506,25670,107,3.5,1190185684
3771507,25670,344,3.5,1190186046
3771508,25670,380,4.0,1190185996
3771509,25670,383,3.5,1190185734
3771510,25670,457,4.0,1190185968
3771511,25670,491,3.5,1190185691
3771512,25670,546,3.5,1190185752
3771513,25670,590,4.0,1190186058
3771514,25670,592,4.0,1190186004
3771515,25670,780,4.5,1190186001
3771516,25670,836,3.5,1190185767
3771517,25670,1019,4.0,1190185671
3771518,25670,1020,4.5,1190185709
3771519,25670,1025,3.5,1190185780
3771520,25670,1100,4.0,1190185744
3771521,25670,1125,4.5,1190185749
3771522,25670,1196,4.5,1190185960
3771523,25670,1210,4.5,1190185991
3771524,25670,1411,3.5,1190185714
3771525,25670,1894,3.5,1190185774
3771526,25670,2366,4.0,1190185678
3771527,25670,2485,4.0,1190185755
3771528,25670,2501,3.5,1190185660
3771529,25670,2762,4.0,1190186010
3771530,25670,3578,5.0,1190186018
3771531,25670,3996,4.5,1190186087
3771532,25670,4226,4.5,1190186071
3771533,25670,4963,5.0,1190186048
3771534,25670,4993,5.0,1190186056
3771535,25670,5349,4.5,1190186043
3771536,25670,5445,3.5,1190185957
3771537,25670,5952,5.0,1190185941
3771538,25670,6377,4.5,1190185987
3771539,25670,6539,4.5,1190185970
3771540,25670,6874,3.0,1190185953
3771541,25670,8636,4.0,1190185962
3771542,25670,33794,4.5,1190185940
3771543,25670,44191,4.0,1190186038
3771544,25670,45722,4.0,1190186066
3771545,25670,49272,5.0,1190186015
3771546,25670,54732,3.0,1190185955
3771547,25671,1,4.0,831396700
3771548,25671,10,3.0,835808231
3771549,25671,11,4.0,831396811
3771550,25671,12,3.0,835807994
3771551,25671,17,4.0,831396825
3771552,25671,19,3.0,831396811
3771553,25671,21,3.0,831396730
3771554,25671,31,4.0,831396999
3771555,25671,44,3.0,831397043
3771556,25671,48,2.0,831397019
3771557,25671,110,3.0,831396746
3771558,25671,150,3.0,831396668
3771559,25671,151,3.0,831396825
3771560,25671,153,4.0,831396685
3771561,25671,160,3.0,831396798
3771562,25671,161,3.0,831396714
3771563,25671,168,3.0,831396999
3771564,25671,172,2.0,831397010
3771565,25671,173,3.0,831396856
3771566,25671,181,1.0,835808452
3771567,25671,208,2.0,831396730
3771568,25671,222,4.0,831397059
3771569,25671,224,3.0,831396999
3771570,25671,232,4.0,831397108
3771571,25671,234,2.0,831397094
3771572,25671,235,3.0,831396856
3771573,25671,237,3.0,831397019
3771574,25671,266,4.0,831396763
3771575,25671,281,3.0,831397094
3771576,25671,292,3.0,831396730
3771577,25671,296,1.0,831396668
3771578,25671,316,3.0,831396700
3771579,25671,317,3.0,831396763
3771580,25671,318,5.0,831396700
3771581,25671,329,3.0,831396714
3771582,25671,344,3.0,831396685
3771583,25671,349,3.0,831396685
3771584,25671,350,3.0,835808309
3771585,25671,353,4.0,835808377
3771586,25671,356,4.0,835808259
3771587,25671,357,3.0,835808340
3771588,25671,364,2.0,835808246
3771589,25671,367,3.0,835808259
3771590,25671,377,3.0,835808293
3771591,25671,380,3.0,831396668
3771592,25671,410,3.0,831396763
3771593,25671,420,3.0,831396811
3771594,25671,440,3.0,835808294
3771595,25671,442,3.0,835808327
3771596,25671,457,4.0,835808231
3771597,25671,480,3.0,835808259
3771598,25671,509,3.0,835808327
3771599,25671,551,4.0,835808377
3771600,25671,552,3.0,835808452
3771601,25671,587,3.0,835808340
3771602,25671,588,3.0,831396685
3771603,25671,590,3.0,831396668
3771604,25671,592,4.0,831396668
3771605,25671,597,2.0,835808340
3771606,25671,736,3.0,835808422
3771607,25671,737,1.0,831483192
3771608,25672,1,4.0,1176990782
3771609,25672,2,3.0,1176991771
3771610,25672,6,4.5,1176991064
3771611,25672,10,3.5,1176990950
3771612,25672,16,3.5,1176991982
3771613,25672,19,3.5,1176991776
3771614,25672,29,4.0,1176990463
3771615,25672,32,4.0,1176990807
3771616,25672,41,3.0,1176990561
3771617,25672,47,3.5,1176990858
3771618,25672,95,3.5,1176991027
3771619,25672,110,3.5,1176990766
3771620,25672,111,3.0,1176991671
3771621,25672,150,3.0,1176990769
3771622,25672,153,2.5,1176990849
3771623,25672,160,2.5,1176992023
3771624,25672,165,4.0,1176990838
3771625,25672,185,3.0,1176991011
3771626,25672,208,2.5,1176991002
3771627,25672,231,2.5,1176990923
3771628,25672,260,5.0,1176990762
3771629,25672,292,2.5,1176990959
3771630,25672,296,4.0,1176990736
3771631,25672,316,4.0,1176990889
3771632,25672,318,4.5,1176990750
3771633,25672,329,4.0,1176990943
3771634,25672,344,3.0,1176990830
3771635,25672,356,5.0,1176990738
3771636,25672,364,4.0,1176990894
3771637,25672,367,2.5,1176990929
3771638,25672,377,4.0,1176990819
3771639,25672,380,4.5,1176990780
3771640,25672,434,4.0,1176990988
3771641,25672,442,4.0,1176991912
3771642,25672,454,3.5,1176990991
3771643,25672,457,3.5,1176990756
3771644,25672,474,3.5,1176991722
3771645,25672,480,3.5,1176990745
3771646,25672,500,2.5,1176990920
3771647,25672,541,4.5,1176991071
3771648,25672,586,3.5,1176991062
3771649,25672,587,2.0,1176990954
3771650,25672,588,3.5,1176990803
3771651,25672,589,5.0,1176990775
3771652,25672,590,4.5,1176990772
3771653,25672,592,3.5,1176990763
3771654,25672,593,4.0,1176990742
3771655,25672,595,3.0,1176990842
3771656,25672,597,3.0,1176990911
3771657,25672,608,3.5,1176990815
3771658,25672,648,3.5,1176990836
3771659,25672,653,3.0,1176992026
3771660,25672,733,3.0,1176990908
3771661,25672,736,3.0,1176990880
3771662,25672,741,4.5,1176992270
3771663,25672,750,4.5,1176991921
3771664,25672,780,4.0,1176990788
3771665,25672,786,3.0,1176991927
3771666,25672,849,3.0,1176990471
3771667,25672,858,4.0,1176990898
3771668,25672,919,4.0,1176991695
3771669,25672,924,4.5,1176991705
3771670,25672,1019,4.0,1176990545
3771671,25672,1036,4.5,1176991056
3771672,25672,1073,3.0,1176990978
3771673,25672,1079,4.0,1176991789
3771674,25672,1080,3.5,1176991950
3771675,25672,1097,3.5,1176990940
3771676,25672,1101,4.0,1176991914
3771677,25672,1127,3.5,1176992012
3771678,25672,1136,5.0,1176991053
3771679,25672,1183,3.5,1176991966
3771680,25672,1196,5.0,1176990824
3771681,25672,1197,3.0,1176990979
3771682,25672,1198,5.0,1176990853
3771683,25672,1199,4.0,1176992296
3771684,25672,1200,4.5,1176991657
3771685,25672,1206,3.5,1176991918
3771686,25672,1208,4.0,1176991786
3771687,25672,1210,5.0,1176990796
3771688,25672,1214,4.5,1176991059
3771689,25672,1219,3.0,1176991974
3771690,25672,1221,4.0,1176991673
3771691,25672,1231,3.5,1176990237
3771692,25672,1240,4.0,1176990985
3771693,25672,1265,4.0,1176991022
3771694,25672,1270,3.5,1176990874
3771695,25672,1274,4.5,1176992217
3771696,25672,1291,3.5,1176991036
3771697,25672,1307,3.0,1176991710
3771698,25672,1356,4.0,1176991734
3771699,25672,1373,3.5,1176990512
3771700,25672,1374,3.5,1176992007
3771701,25672,1391,3.0,1176992017
3771702,25672,1485,3.0,1176992031
3771703,25672,1517,3.0,1176991731
3771704,25672,1527,4.5,1176991688
3771705,25672,1580,3.0,1176990964
3771706,25672,1610,4.0,1176991773
3771707,25672,1682,4.0,1176991959
3771708,25672,1704,3.5,1176991680
3771709,25672,1721,3.0,1176990967
3771710,25672,1748,5.0,1176992220
3771711,25672,1917,3.5,1176991784
3771712,25672,1961,3.5,1176991665
3771713,25672,1994,3.0,1176990235
3771714,25672,2011,3.5,1176991989
3771715,25672,2012,3.0,1176991955
3771716,25672,2028,4.0,1176990904
3771717,25672,2076,3.5,1176990457
3771718,25672,2115,4.0,1176991976
3771719,25672,2140,3.5,1176990500
3771720,25672,2393,4.0,1176990481
3771721,25672,2427,3.0,1176990489
3771722,25672,2571,4.5,1176990884
3771723,25672,2628,4.5,1176991018
3771724,25672,2641,2.5,1176990485
3771725,25672,2710,2.0,1176991944
3771726,25672,2716,3.0,1176991068
3771727,25672,2717,2.5,1176990505
3771728,25672,2761,4.0,1176992302
3771729,25672,2762,4.0,1176990947
3771730,25672,2858,3.0,1176990871
3771731,25672,2916,3.5,1176991931
3771732,25672,2918,4.0,1176991934
3771733,25672,2959,4.5,1176991611
3771734,25672,2987,3.0,1176991725
3771735,25672,2997,3.5,1176991668
3771736,25672,3107,3.0,1176990495
3771737,25672,3578,4.5,1176991614
3771738,25672,3698,2.5,1176990566
3771739,25672,3703,4.0,1176992232
3771740,25672,3793,3.0,1176991715
3771741,25672,4306,3.0,1176991661
3771742,25672,4993,5.0,1176991616
3771743,25672,5903,4.0,1176992229
3771744,25672,5952,5.0,1176991708
3771745,25672,6350,4.0,1176992150
3771746,25672,7153,5.0,1176991984
3771747,25672,33493,4.5,1176992235
3771748,25672,34405,4.5,1176992212
3771749,25672,44191,4.5,1176992215
3771750,25672,48043,3.5,1176992309
3771751,25672,48394,4.0,1176992128
3771752,25672,48774,4.0,1176992247
3771753,25672,48780,4.0,1176992262
3771754,25673,296,4.5,1296672746
3771755,25673,520,3.0,1296672044
3771756,25673,552,3.5,1296672086
3771757,25673,778,5.0,1296672805
3771758,25673,933,2.0,1296672304
3771759,25673,1411,3.5,1296672191
3771760,25673,1639,2.0,1296672066
3771761,25673,1792,0.5,1296672300
3771762,25673,1892,2.5,1296672292
3771763,25673,2427,4.0,1296672132
3771764,25673,2664,3.0,1296672309
3771765,25673,2841,2.0,1296672307
3771766,25673,2993,0.5,1296672321
3771767,25673,3178,3.0,1296672288
3771768,25673,3986,3.5,1296672290
3771769,25673,4718,2.5,1296672157
3771770,25673,4878,0.5,1296672060
3771771,25673,34162,5.0,1296672831
3771772,25673,69122,4.5,1296673055
3771773,25673,72424,5.0,1296672389
3771774,25673,80463,4.5,1296672905
3771775,25674,6,5.0,945053495
3771776,25674,10,3.0,945054174
3771777,25674,21,4.0,945053097
3771778,25674,47,5.0,945123126
3771779,25674,50,5.0,945122991
3771780,25674,58,5.0,945102166
3771781,25674,110,5.0,945053029
3771782,25674,153,3.0,945123367
3771783,25674,163,4.0,945053495
3771784,25674,165,3.0,945054070
3771785,25674,208,3.0,945054174
3771786,25674,246,5.0,945122222
3771787,25674,260,5.0,945121742
3771788,25674,296,4.0,945122991
3771789,25674,303,3.0,945052746
3771790,25674,317,4.0,945121929
3771791,25674,318,5.0,945052384
3771792,25674,319,5.0,945123437
3771793,25674,329,4.0,945054039
3771794,25674,353,5.0,945053463
3771795,25674,367,4.0,945121854
3771796,25674,376,4.0,945054039
3771797,25674,377,5.0,945053097
3771798,25674,380,5.0,945053632
3771799,25674,431,4.0,945123126
3771800,25674,432,3.0,945052868
3771801,25674,434,3.0,945053992
3771802,25674,442,4.0,945053897
3771803,25674,457,5.0,945053029
3771804,25674,474,5.0,945053097
3771805,25674,480,3.0,945053632
3771806,25674,485,5.0,945054039
3771807,25674,507,4.0,945053548
3771808,25674,589,5.0,945053029
3771809,25674,590,5.0,945052649
3771810,25674,592,4.0,945052458
3771811,25674,593,5.0,944973363
3771812,25674,596,5.0,944973944
3771813,25674,608,5.0,945122991
3771814,25674,648,4.0,945054070
3771815,25674,707,3.0,945123279
3771816,25674,719,4.0,945575911
3771817,25674,780,4.0,945053632
3771818,25674,788,4.0,945121929
3771819,25674,848,4.0,944973865
3771820,25674,902,5.0,944973891
3771821,25674,919,5.0,944973513
3771822,25674,1009,4.0,945121929
3771823,25674,1019,4.0,945121854
3771824,25674,1047,5.0,945053632
3771825,25674,1073,5.0,945102101
3771826,25674,1089,4.0,945123044
3771827,25674,1097,5.0,945121742
3771828,25674,1125,5.0,945102101
3771829,25674,1127,5.0,945062180
3771830,25674,1136,5.0,945051800
3771831,25674,1147,5.0,945122222
3771832,25674,1148,5.0,944973837
3771833,25674,1173,1.0,945052178
3771834,25674,1179,4.0,945123044
3771835,25674,1196,5.0,945062090
3771836,25674,1197,5.0,945062091
3771837,25674,1198,5.0,945062091
3771838,25674,1201,5.0,945052611
3771839,25674,1209,5.0,945052556
3771840,25674,1210,5.0,944973275
3771841,25674,1233,4.0,945053029
3771842,25674,1252,5.0,944973837
3771843,25674,1259,5.0,945062091
3771844,25674,1266,4.0,945052611
3771845,25674,1275,5.0,945062180
3771846,25674,1278,5.0,945101483
3771847,25674,1285,3.0,944973363
3771848,25674,1291,4.0,945062091
3771849,25674,1292,5.0,945102101
3771850,25674,1304,5.0,945052611
3771851,25674,1356,4.0,945053495
3771852,25674,1370,4.0,945053897
3771853,25674,1372,5.0,945053632
3771854,25674,1373,4.0,945122851
3771855,25674,1374,5.0,945062091
3771856,25674,1375,4.0,945062302
3771857,25674,1376,4.0,945062180
3771858,25674,1377,3.0,945123279
3771859,25674,1380,5.0,945102126
3771860,25674,1385,3.0,945053495
3771861,25674,1394,5.0,944973944
3771862,25674,1408,3.0,945053097
3771863,25674,1442,4.0,945185096
3771864,25674,1466,5.0,945123044
3771865,25674,1480,4.0,945053897
3771866,25674,1500,5.0,945123068
3771867,25674,1527,4.0,945053463
3771868,25674,1562,3.0,945123413
3771869,25674,1573,5.0,945053548
3771870,25674,1580,5.0,945053097
3771871,25674,1586,4.0,945053992
3771872,25674,1587,4.0,945062366
3771873,25674,1589,4.0,945123201
3771874,25674,1597,4.0,945053867
3771875,25674,1608,1.0,945051654
3771876,25674,1610,5.0,945053097
3771877,25674,1617,5.0,945122992
3771878,25674,1620,4.0,945123235
3771879,25674,1625,4.0,944973275
3771880,25674,1645,4.0,945123160
3771881,25674,1673,5.0,945122467
3771882,25674,1711,3.0,945123319
3771883,25674,1805,4.0,945123235
3771884,25674,1867,3.0,945053812
3771885,25674,1895,4.0,945121643
3771886,25674,1912,5.0,945053029
3771887,25674,2000,5.0,945052458
3771888,25674,2001,4.0,945052458
3771889,25674,2002,4.0,945123279
3771890,25674,2003,4.0,944973363
3771891,25674,2005,4.0,945062366
3771892,25674,2012,4.0,945052716
3771893,25674,2023,4.0,945053548
3771894,25674,2028,5.0,944973470
3771895,25674,2041,3.0,945122851
3771896,25674,2043,4.0,945121854
3771897,25674,2054,4.0,945121929
3771898,25674,2058,4.0,945053867
3771899,25674,2076,2.0,945122552
3771900,25674,2080,5.0,944973944
3771901,25674,2085,5.0,944973944
3771902,25674,2088,4.0,945122784
3771903,25674,2094,4.0,945053867
3771904,25674,2100,5.0,945121742
3771905,25674,2109,5.0,945102126
3771906,25674,2115,3.0,945062302
3771907,25674,2126,3.0,945123279
3771908,25674,2133,3.0,945122739
3771909,25674,2143,4.0,945122784
3771910,25674,2161,4.0,945062302
3771911,25674,2174,3.0,945121742
3771912,25674,2193,4.0,945062180
3771913,25674,2194,5.0,945052458
3771914,25674,2231,5.0,945123126
3771915,25674,2249,2.0,945575780
3771916,25674,2268,4.0,945123160
3771917,25674,2278,4.0,945054039
3771918,25674,2313,5.0,944973363
3771919,25674,2324,4.0,944973470
3771920,25674,2335,1.0,975638943
3771921,25674,2359,5.0,981585235
3771922,25674,2370,4.0,945062366
3771923,25674,2373,2.0,945122938
3771924,25674,2396,5.0,944973837
3771925,25674,2401,5.0,945052649
3771926,25674,2405,5.0,945062366
3771927,25674,2406,5.0,945062091
3771928,25674,2413,4.0,945122552
3771929,25674,2414,4.0,945062366
3771930,25674,2422,4.0,945122938
3771931,25674,2458,4.0,945052506
3771932,25674,2467,4.0,945122552
3771933,25674,2470,5.0,945062302
3771934,25674,2471,4.0,945122784
3771935,25674,2527,5.0,945052649
3771936,25674,2599,4.0,945051940
3771937,25674,2605,3.0,945123319
3771938,25674,2615,3.0,945122851
3771939,25674,2616,3.0,945123201
3771940,25674,2628,5.0,945052242
3771941,25674,2641,4.0,945062302
3771942,25674,2642,3.0,945122851
3771943,25674,2643,2.0,945122938
3771944,25674,2694,3.0,975638864
3771945,25674,2712,3.0,945052004
3771946,25674,2720,2.0,945052343
3771947,25674,2735,4.0,945062366
3771948,25674,2748,2.0,945122851
3771949,25674,2762,5.0,955867351
3771950,25674,2797,5.0,944973865
3771951,25674,2858,5.0,945051940
3771952,25674,2871,5.0,944973865
3771953,25674,2872,5.0,945121742
3771954,25674,2881,4.0,945052313
3771955,25674,2906,2.0,970878091
3771956,25674,2916,5.0,945053097
3771957,25674,2918,5.0,944973944
3771958,25674,2950,3.0,945122938
3771959,25674,2959,4.0,961216980
3771960,25674,2966,3.0,976928819
3771961,25674,2968,4.0,945062091
3771962,25674,2987,5.0,945062180
3771963,25674,3019,3.0,944973837
3771964,25674,3040,4.0,945102126
3771965,25674,3060,5.0,944973944
3771966,25674,3082,4.0,945054135
3771967,25674,3104,5.0,945052458
3771968,25674,3114,5.0,945051940
3771969,25674,3160,5.0,969160503
3771970,25674,3174,4.0,975638906
3771971,25674,3175,4.0,959782343
3771972,25674,3408,5.0,970878238
3771973,25674,3409,4.0,955867103
3771974,25674,3481,4.0,955867217
3771975,25674,3510,4.0,955867394
3771976,25674,3537,4.0,955867327
3771977,25674,3578,5.0,959782222
3771978,25674,3717,1.0,979533096
3771979,25674,3751,4.0,975638830
3771980,25674,3752,4.0,969135613
3771981,25674,3793,3.0,975638830
3771982,25674,3844,4.0,969160503
3771983,25674,3893,2.0,970878017
3771984,25674,3897,4.0,970878017
3771985,25674,3996,5.0,979533047
3771986,25674,4016,3.0,980991301
3771987,25674,4022,4.0,980991335
3771988,25674,4034,5.0,980991301
3771989,25674,4056,4.0,980991372
3771990,25675,1,4.0,1238537026
3771991,25675,11,4.0,1238538359
3771992,25675,16,3.5,1238538464
3771993,25675,32,4.5,1238536705
3771994,25675,47,4.5,1238536284
3771995,25675,50,4.5,1238536519
3771996,25675,111,3.0,1238536688
3771997,25675,150,4.0,1238536967
3771998,25675,153,3.0,1238537164
3771999,25675,160,3.5,1238538770
3772000,25675,223,4.5,1238537876
3772001,25675,260,4.5,1238537008
3772002,25675,293,3.0,1238536586
3772003,25675,296,5.0,1238536548
3772004,25675,318,5.0,1238536551
3772005,25675,377,3.0,1238537018
3772006,25675,457,4.0,1238537063
3772007,25675,520,3.5,1238538842
3772008,25675,541,4.0,1238536721
3772009,25675,555,3.0,1238538871
3772010,25675,593,4.5,1238536815
3772011,25675,608,4.5,1238536943
3772012,25675,648,4.0,1238537005
3772013,25675,733,4.5,1238537268
3772014,25675,745,4.5,1238536710
3772015,25675,750,4.0,1238538022
3772016,25675,778,4.0,1238537994
3772017,25675,785,3.5,1238539566
3772018,25675,802,2.5,1238538891
3772019,25675,858,4.0,1238536530
3772020,25675,913,4.5,1238536807
3772021,25675,922,3.0,1238535213
3772022,25675,1089,4.0,1238536625
3772023,25675,1136,5.0,1238536574
3772024,25675,1196,4.5,1238536646
3772025,25675,1197,5.0,1238536477
3772026,25675,1198,4.5,1238536638
3772027,25675,1206,4.0,1238536780
3772028,25675,1208,4.5,1238536655
3772029,25675,1210,4.5,1238536895
3772030,25675,1213,4.0,1238536572
3772031,25675,1220,4.0,1238537768
3772032,25675,1222,4.0,1238536568
3772033,25675,1225,4.0,1238537921
3772034,25675,1234,5.0,1238536449
3772035,25675,1246,5.0,1238536422
3772036,25675,1252,4.5,1238536609
3772037,25675,1266,3.5,1238536751
3772038,25675,1275,3.5,1238539335
3772039,25675,1276,3.5,1238536778
3772040,25675,1278,3.5,1238538640
3772041,25675,1288,4.5,1238536821
3772042,25675,1291,4.5,1238537266
3772043,25675,1304,4.0,1238538251
3772044,25675,1307,4.0,1238537679
3772045,25675,1396,3.5,1238538590
3772046,25675,1466,4.0,1238539146
3772047,25675,1586,3.5,1238535148
3772048,25675,1617,5.0,1238536364
3772049,25675,1644,2.0,1238540084
3772050,25675,1645,4.0,1238538716
3772051,25675,1653,3.5,1238537726
3772052,25675,1704,5.0,1238537217
3772053,25675,1721,3.0,1238537011
3772054,25675,1732,5.0,1238536303
3772055,25675,1748,3.0,1238538857
3772056,25675,1882,2.0,1238540055
3772057,25675,1884,4.5,1238536273
3772058,25675,1912,3.5,1238539423
3772059,25675,1917,3.0,1238537341
3772060,25675,1947,4.0,1238535099
3772061,25675,2000,3.5,1238537971
3772062,25675,2003,2.5,1238538825
3772063,25675,2023,2.0,1238538727
3772064,25675,2028,4.5,1238537196
3772065,25675,2109,3.5,1238540149
3772066,25675,2167,3.5,1238538735
3772067,25675,2194,4.0,1238537879
3772068,25675,2268,4.0,1238537886
3772069,25675,2300,4.0,1238540301
3772070,25675,2301,4.0,1238535283
3772071,25675,2329,5.0,1238536592
3772072,25675,2353,4.0,1238538162
3772073,25675,2395,4.0,1238538125
3772074,25675,2502,4.5,1238537836
3772075,25675,2529,2.5,1238538235
3772076,25675,2542,5.0,1238538426
3772077,25675,2571,5.0,1238536798
3772078,25675,2605,3.5,1238535090
3772079,25675,2701,3.0,1238538647
3772080,25675,2762,3.5,1238536919
3772081,25675,2763,3.5,1238538381
3772082,25675,2858,5.0,1238536714
3772083,25675,2949,4.0,1238535139
3772084,25675,2959,5.0,1238536527
3772085,25675,2997,4.0,1238537166
3772086,25675,3005,3.5,1238540220
3772087,25675,3033,3.5,1238538592
3772088,25675,3052,4.5,1238537702
3772089,25675,3273,2.0,1238540250
3772090,25675,3301,3.0,1238535186
3772091,25675,3481,5.0,1238537675
3772092,25675,3535,3.5,1238539396
3772093,25675,3555,3.5,1238535133
3772094,25675,3578,4.0,1238537169
3772095,25675,3671,4.0,1238538557
3772096,25675,3717,4.0,1238538964
3772097,25675,3785,2.0,1238539162
3772098,25675,3793,3.0,1238537056
3772099,25675,3826,2.0,1238539432
3772100,25675,3948,2.5,1238537616
3772101,25675,3949,4.0,1238536628
3772102,25675,3977,2.5,1238537362
3772103,25675,3996,4.5,1238537439
3772104,25675,4011,5.0,1238536818
3772105,25675,4014,4.0,1238538334
3772106,25675,4018,2.5,1238538773
3772107,25675,4022,3.0,1238537249
3772108,25675,4027,5.0,1238537199
3772109,25675,4034,3.5,1238537369
3772110,25675,4226,4.5,1238536214
3772111,25675,4239,4.0,1238539297
3772112,25675,4308,4.0,1238538034
3772113,25675,4321,3.5,1238538906
3772114,25675,4344,3.5,1238539538
3772115,25675,4370,2.5,1238538057
3772116,25675,4447,1.0,1238538614
3772117,25675,4448,4.0,1238535273
3772118,25675,4643,2.0,1238538576
3772119,25675,4776,3.5,1238538860
3772120,25675,4881,3.5,1238540372
3772121,25675,4963,4.5,1238537078
3772122,25675,4979,4.0,1238537662
3772123,25675,4993,5.0,1238536246
3772124,25675,4995,4.0,1238537042
3772125,25675,5060,4.5,1238536233
3772126,25675,5349,2.5,1238536904
3772127,25675,5388,3.5,1238538936
3772128,25675,5418,3.5,1238537271
3772129,25675,5445,4.5,1238536899
3772130,25675,5902,4.0,1238537997
3772131,25675,5903,4.0,1238539736
3772132,25675,5952,5.0,1238536251
3772133,25675,5954,2.5,1238540002
3772134,25675,5956,1.0,1238538624
3772135,25675,5989,4.0,1238537136
3772136,25675,5995,4.0,1238536738
3772137,25675,6365,3.5,1238537110
3772138,25675,6373,2.5,1238538238
3772139,25675,6378,4.0,1238537916
3772140,25675,6502,3.0,1238537747
3772141,25675,6539,4.0,1238536984
3772142,25675,6541,2.5,1238539621
3772143,25675,6620,4.0,1238540255
3772144,25675,6708,4.0,1238539208
3772145,25675,6754,3.0,1238540107
3772146,25675,6863,3.5,1238537949
3772147,25675,6934,3.5,1238537457
3772148,25675,7022,1.5,1238540037
3772149,25675,7147,3.5,1238537596
3772150,25675,7153,5.0,1238536248
3772151,25675,7361,5.0,1238536351
3772152,25675,7371,4.0,1238535490
3772153,25675,7373,3.0,1238539013
3772154,25675,7438,3.5,1238536992
3772155,25675,7445,3.5,1238539641
3772156,25675,7454,2.5,1238540326
3772157,25675,7458,2.5,1238538688
3772158,25675,8376,3.5,1238538616
3772159,25675,8636,2.5,1238537240
3772160,25675,8644,4.5,1238537825
3772161,25675,8665,3.5,1238537359
3772162,25675,8784,4.0,1238537792
3772163,25675,8865,3.0,1238540235
3772164,25675,8949,4.0,1238537900
3772165,25675,8961,4.5,1238536917
3772166,25675,8981,3.0,1238539949
3772167,25675,8984,3.0,1238538839
3772168,25675,27904,4.5,1238540140
3772169,25675,30825,2.5,1238539659
3772170,25675,31696,3.5,1238539843
3772171,25675,32587,3.5,1238537333
3772172,25675,33166,1.5,1238537648
3772173,25675,33794,4.5,1238536759
3772174,25675,34319,3.5,1238539405
3772175,25675,35836,3.5,1238537622
3772176,25675,38061,4.0,1238535367
3772177,25675,41569,4.0,1238537940
3772178,25675,44191,5.0,1238537053
3772179,25675,44195,4.0,1238538181
3772180,25675,44199,4.0,1238538480
3772181,25675,44665,4.0,1238538801
3772182,25675,45447,3.5,1238538440
3772183,25675,45728,4.0,1238539983
3772184,25675,46578,4.5,1238537293
3772185,25675,46970,4.0,1238540294
3772186,25675,48516,3.0,1238536559
3772187,25675,48774,4.0,1238536773
3772188,25675,48780,3.5,1238536677
3772189,25675,49272,3.5,1238537115
3772190,25675,49530,4.5,1238538212
3772191,25675,51255,4.0,1238537568
3772192,25675,51540,3.0,1238535465
3772193,25675,51662,4.5,1238537263
3772194,25675,52722,2.5,1238538527
3772195,25675,53125,3.5,1238538085
3772196,25675,53322,3.5,1238538675
3772197,25675,53996,3.0,1238538272
3772198,25675,54503,3.5,1238537758
3772199,25675,55276,4.0,1238539449
3772200,25675,55765,3.5,1238537963
3772201,25675,55820,4.0,1238536578
3772202,25675,56367,5.0,1238536442
3772203,25675,56788,3.5,1238539623
3772204,25675,57669,4.0,1238535564
3772205,25675,58295,4.0,1238539759
3772206,25675,58559,5.0,1238536313
3772207,25675,58803,2.5,1238540197
3772208,25675,58998,3.5,1238538990
3772209,25675,59315,4.5,1238537140
3772210,25675,59369,3.0,1238539552
3772211,25675,59615,2.0,1238535456
3772212,25675,60040,4.0,1238538947
3772213,25675,60069,4.0,1238536599
3772214,25675,60141,4.0,1238537387
3772215,25675,61024,4.0,1238540094
3772216,25675,61132,3.5,1238538403
3772217,25675,61323,4.0,1238538459
3772218,25675,62511,4.5,1238536041
3772219,25675,63082,4.0,1238536697
3772220,25675,63853,2.0,1238536173
3772221,25675,64957,3.0,1238538067
3772222,25675,65982,3.5,1238537407
3772223,25675,66156,3.5,1238537084
3772224,25676,1,3.0,1144611309
3772225,25676,2,3.0,1144699202
3772226,25676,6,4.0,1144699098
3772227,25676,10,3.5,1144698928
3772228,25676,11,3.0,1144699181
3772229,25676,16,4.0,1144611126
3772230,25676,19,4.0,1144699212
3772231,25676,31,3.5,1144613001
3772232,25676,32,5.0,1144611408
3772233,25676,39,3.5,1144699039
3772234,25676,45,3.5,1144699770
3772235,25676,47,4.0,1144611420
3772236,25676,48,3.5,1144699537
3772237,25676,50,4.0,1144611540
3772238,25676,58,3.0,1144699478
3772239,25676,70,4.0,1195727438
3772240,25676,95,3.0,1144699072
3772241,25676,97,4.5,1145055029
3772242,25676,104,3.5,1144699319
3772243,25676,105,2.0,1144699729
3772244,25676,110,3.0,1144612242
3772245,25676,111,4.0,1199310636
3772246,25676,123,4.0,1199463000
3772247,25676,150,4.0,1144613120
3772248,25676,153,3.5,1144612757
3772249,25676,163,4.0,1144612997
3772250,25676,165,4.0,1144613193
3772251,25676,168,3.0,1144699569
3772252,25676,185,2.0,1144699000
3772253,25676,196,3.0,1144699523
3772254,25676,198,4.0,1144699804
3772255,25676,208,2.5,1144612754
3772256,25676,215,4.5,1144829949
3772257,25676,225,3.5,1144699401
3772258,25676,231,3.5,1144698916
3772259,25676,235,3.0,1144611129
3772260,25676,247,4.0,1144700040
3772261,25676,252,2.0,1144699682
3772262,25676,253,4.0,1144698972
3772263,25676,260,4.0,1144611407
3772264,25676,264,4.0,1144832351
3772265,25676,266,3.5,1144612948
3772266,25676,273,4.0,1144700041
3772267,25676,282,3.5,1144699579
3772268,25676,292,3.5,1144698931
3772269,25676,296,5.0,1144611549
3772270,25676,300,4.0,1144699145
3772271,25676,303,3.5,1144700172
3772272,25676,316,3.0,1144698839
3772273,25676,318,4.0,1203381820
3772274,25676,321,4.0,1199465405
3772275,25676,329,3.0,1199466208
3772276,25676,337,4.0,1144699303
3772277,25676,342,3.0,1144699566
3772278,25676,344,4.0,1144613233
3772279,25676,345,4.0,1256223100
3772280,25676,350,3.0,1144699277
3772281,25676,353,4.0,1144699361
3772282,25676,355,2.0,1144612990
3772283,25676,356,4.0,1144613103
3772284,25676,357,4.0,1144698943
3772285,25676,361,3.0,1145055761
3772286,25676,364,4.5,1144698881
3772287,25676,367,3.0,1144698925
3772288,25676,368,3.5,1144612860
3772289,25676,370,3.5,1144699432
3772290,25676,376,3.0,1144699475
3772291,25676,377,4.0,1144613143
3772292,25676,380,3.5,1144613129
3772293,25676,382,2.5,1199323733
3772294,25676,410,3.0,1144699197
3772295,25676,420,3.0,1144611151
3772296,25676,434,4.0,1144698945
3772297,25676,440,3.0,1144699159
3772298,25676,441,3.0,1199830598
3772299,25676,445,2.5,1144832590
3772300,25676,454,3.5,1144698966
3772301,25676,455,3.0,1144700117
3772302,25676,457,4.0,1144613111
3772303,25676,459,2.5,1144833057
3772304,25676,466,3.5,1144699461
3772305,25676,471,4.5,1144699661
3772306,25676,474,4.0,1144612846
3772307,25676,480,4.0,1144612748
3772308,25676,485,2.0,1199831424
3772309,25676,490,3.0,1199456674
3772310,25676,494,2.0,1144611162
3772311,25676,497,4.5,1144611171
3772312,25676,500,3.0,1144698905
3772313,25676,507,3.5,1199457460
3772314,25676,520,4.0,1144699534
3772315,25676,527,3.5,1144611591
3772316,25676,541,4.5,1144612493
3772317,25676,548,3.0,1199457063
3772318,25676,551,4.0,1144699289
3772319,25676,552,3.0,1144699571
3772320,25676,555,4.5,1144611562
3772321,25676,586,3.5,1144699117
3772322,25676,588,4.5,1144613140
3772323,25676,589,4.0,1144613127
3772324,25676,590,4.5,1144613123
3772325,25676,592,4.5,1144613114
3772326,25676,593,4.0,1195727224
3772327,25676,594,3.5,1144612839
3772328,25676,595,4.0,1144613202
3772329,25676,596,4.0,1256223223
3772330,25676,597,3.5,1144698901
3772331,25676,608,5.0,1144611552
3772332,25676,617,3.0,1199830938
3772333,25676,628,3.5,1144612836
3772334,25676,648,4.0,1144613230
3772335,25676,653,2.5,1144611159
3772336,25676,673,2.5,1144699914
3772337,25676,708,3.5,1144699269
3772338,25676,720,4.0,1256223476
3772339,25676,724,2.0,1199831526
3772340,25676,733,4.0,1144698893
3772341,25676,736,3.5,1144698875
3772342,25676,737,2.0,1144829824
3772343,25676,743,3.0,1195725017
3772344,25676,745,4.5,1144611615
3772345,25676,757,4.0,1287273975
3772346,25676,765,1.5,1199447805
3772347,25676,778,4.5,1144612386
3772348,25676,780,3.5,1144613134
3772349,25676,784,3.0,1144699419
3772350,25676,785,3.5,1144699753
3772351,25676,788,2.5,1144699200
3772352,25676,800,4.5,1144612707
3772353,25676,802,2.5,1144699496
3772354,25676,805,3.5,1144699609
3772355,25676,832,3.0,1144699387
3772356,25676,852,3.5,1144699653
3772357,25676,858,4.5,1144611597
3772358,25676,894,3.0,1205440361
3772359,25676,899,4.0,1199310875
3772360,25676,903,4.5,1425843263
3772361,25676,904,3.5,1425834408
3772362,25676,908,4.5,1144611196
3772363,25676,912,5.0,1144612479
3772364,25676,919,4.0,1144699172
3772365,25676,920,3.5,1144611166
3772366,25676,923,4.0,1144611156
3772367,25676,924,4.0,1144612388
3772368,25676,931,4.5,1199458429
3772369,25676,952,3.5,1144797303
3772370,25676,969,4.5,1144699800
3772371,25676,986,2.5,1199457329
3772372,25676,1006,3.0,1199830778
3772373,25676,1011,3.5,1145055122
3772374,25676,1020,3.5,1144831502
3772375,25676,1025,3.5,1199324040
3772376,25676,1029,4.0,1144700085
3772377,25676,1032,3.5,1144829429
3772378,25676,1036,3.5,1144699141
3772379,25676,1047,3.5,1144699952
3772380,25676,1049,2.0,1144833093
3772381,25676,1059,5.0,1144699904
3772382,25676,1069,3.5,1199465955
3772383,25676,1079,4.0,1144611635
3772384,25676,1080,5.0,1144611133
3772385,25676,1089,4.0,1204281174
3772386,25676,1092,3.5,1144699795
3772387,25676,1097,4.5,1144612744
3772388,25676,1100,3.0,1144831771
3772389,25676,1101,3.5,1144699284
3772390,25676,1117,4.0,1144832271
3772391,25676,1136,4.5,1144611557
3772392,25676,1148,4.5,1144612321
3772393,25676,1172,4.0,1144831340
3772394,25676,1183,3.5,1144699327
3772395,25676,1188,4.0,1204281157
3772396,25676,1193,4.5,1144612377
3772397,25676,1196,4.5,1144613188
3772398,25676,1197,3.5,1203549692
3772399,25676,1198,4.0,1144611399
3772400,25676,1199,4.5,1144612575
3772401,25676,1200,3.5,1343740499
3772402,25676,1201,4.5,1199311210
3772403,25676,1204,4.0,1144699643
3772404,25676,1206,4.0,1144612286
3772405,25676,1208,4.0,1144612447
3772406,25676,1209,5.0,1144700617
3772407,25676,1210,4.5,1204281163
3772408,25676,1212,4.0,1195725705
3772409,25676,1213,4.0,1144611466
3772410,25676,1214,4.5,1144611485
3772411,25676,1215,3.5,1144611661
3772412,25676,1216,4.0,1144797562
3772413,25676,1220,3.5,1144612401
3772414,25676,1221,4.5,1144611675
3772415,25676,1223,4.0,1144612435
3772416,25676,1225,4.5,1144612330
3772417,25676,1227,4.5,1199447707
3772418,25676,1230,3.5,1199830998
3772419,25676,1233,4.0,1152615312
3772420,25676,1237,4.5,1425834955
3772421,25676,1240,3.5,1144611483
3772422,25676,1244,4.0,1266846468
3772423,25676,1245,5.0,1144612449
3772424,25676,1246,4.0,1195727454
3772425,25676,1248,4.0,1208284369
3772426,25676,1249,4.0,1195689013
3772427,25676,1250,4.0,1144612459
3772428,25676,1258,4.5,1204281169
3772429,25676,1261,3.0,1256223426
3772430,25676,1265,5.0,1144611449
3772431,25676,1269,4.0,1195725027
3772432,25676,1270,4.5,1144612742
3772433,25676,1273,5.0,1144832075
3772434,25676,1277,4.0,1144612717
3772435,25676,1281,4.5,1343741567
3772436,25676,1283,4.0,1199323637
3772437,25676,1287,3.5,1144612823
3772438,25676,1289,5.0,1199457443
3772439,25676,1291,4.5,1144612738
3772440,25676,1296,3.0,1199832468
3772441,25676,1298,3.0,1144798636
3772442,25676,1302,3.5,1144612819
3772443,25676,1305,5.0,1199458248
3772444,25676,1320,4.5,1144699595
3772445,25676,1321,4.0,1144700330
3772446,25676,1333,4.0,1144611509
3772447,25676,1339,4.0,1144699944
3772448,25676,1348,4.5,1199457207
3772449,25676,1355,2.5,1199465717
3772450,25676,1357,4.0,1144612702
3772451,25676,1367,3.5,1144829237
3772452,25676,1370,3.5,1144699452
3772453,25676,1377,4.0,1144699694
3772454,25676,1385,3.0,1256223417
3772455,25676,1387,4.0,1144699219
3772456,25676,1388,2.5,1199447593
3772457,25676,1391,4.0,1144699371
3772458,25676,1393,3.5,1144699170
3772459,25676,1394,4.0,1144611619
3772460,25676,1396,3.5,1144699555
3772461,25676,1407,4.0,1144611175
3772462,25676,1408,3.5,1144612581
3772463,25676,1411,3.5,1144797969
3772464,25676,1416,3.5,1195724940
3772465,25676,1432,2.0,1199462549
3772466,25676,1441,3.0,1144829999
3772467,25676,1457,2.0,1199456549
3772468,25676,1464,4.5,1199324363
3772469,25676,1466,4.0,1256222929
3772470,25676,1479,4.0,1144612816
3772471,25676,1485,3.0,1144611193
3772472,25676,1517,4.0,1195727491
3772473,25676,1527,3.5,1256222967
3772474,25676,1544,3.5,1144699544
3772475,25676,1552,3.5,1144699613
3772476,25676,1562,2.0,1144700079
3772477,25676,1566,3.5,1145055126
3772478,25676,1573,3.5,1144699347
3772479,25676,1580,3.5,1144699006
3772480,25676,1584,0.5,1144699238
3772481,25676,1597,3.0,1144699834
3772482,25676,1608,2.5,1144699532
3772483,25676,1610,3.5,1144612364
3772484,25676,1617,4.5,1144611475
3772485,25676,1625,4.0,1144611638
3772486,25676,1635,4.5,1144612391
3772487,25676,1645,3.5,1144699835
3772488,25676,1653,4.0,1144611186
3772489,25676,1674,3.5,1152615302
3772490,25676,1676,4.0,1144699515
3772491,25676,1680,3.0,1144700465
3772492,25676,1682,4.5,1204281148
3772493,25676,1686,2.5,1199463216
3772494,25676,1688,3.0,1144829557
3772495,25676,1690,4.0,1144699868
3772496,25676,1693,4.0,1144829544
3772497,25676,1701,4.0,1144797065
3772498,25676,1702,2.5,1144798624
3772499,25676,1704,4.0,1144612407
3772500,25676,1717,3.5,1144700375
3772501,25676,1721,4.0,1195727178
3772502,25676,1722,3.5,1144699708
3772503,25676,1729,4.5,1144699897
3772504,25676,1732,5.0,1144612292
3772505,25676,1747,4.5,1144699829
3772506,25676,1748,4.5,1144699854
3772507,25676,1784,4.0,1144699205
3772508,25676,1797,2.5,1199832083
3772509,25676,1805,3.5,1144700275
3772510,25676,1876,3.5,1144699711
3772511,25676,1884,4.0,1195725678
3772512,25676,1907,4.0,1144700325
3772513,25676,1909,3.5,1144699719
3772514,25676,1912,4.0,1144699976
3772515,25676,1913,4.5,1199458419
3772516,25676,1917,3.5,1144699297
3772517,25676,1920,3.0,1199324203
3772518,25676,1921,4.5,1144700199
3772519,25676,1923,3.5,1144699186
3772520,25676,1952,4.0,1195690061
3772521,25676,1954,3.5,1144699631
3772522,25676,1955,4.0,1144797510
3772523,25676,1960,3.0,1144700311
3772524,25676,1961,3.5,1144612430
3772525,25676,1968,4.0,1301994027
3772526,25676,1997,4.0,1144699697
3772527,25676,2000,3.5,1201123477
3772528,25676,2006,3.5,1144699634
3772529,25676,2010,4.0,1199832145
3772530,25676,2011,3.0,1144611149
3772531,25676,2012,3.5,1144611116
3772532,25676,2018,4.0,1144700454
3772533,25676,2020,4.0,1144700136
3772534,25676,2023,4.5,1156544921
3772535,25676,2028,1.0,1144611652
3772536,25676,2048,4.0,1199458761
3772537,25676,2050,3.5,1145055117
3772538,25676,2051,3.5,1145055118
3772539,25676,2052,3.0,1199458535
3772540,25676,2053,2.5,1145055271
3772541,25676,2054,3.0,1144611190
3772542,25676,2058,4.0,1144700022
3772543,25676,2064,4.0,1144612511
3772544,25676,2067,4.0,1144832010
3772545,25676,2078,4.5,1144611686
3772546,25676,2080,4.0,1144612809
3772547,25676,2081,3.5,1144699550
3772548,25676,2082,3.5,1199323731
3772549,25676,2090,3.5,1343742156
3772550,25676,2100,3.0,1195689719
3772551,25676,2102,3.0,1199462310
3772552,25676,2105,3.5,1301994491
3772553,25676,2115,3.5,1144699344
3772554,25676,2116,3.5,1195690228
3772555,25676,2123,2.5,1144829451
3772556,25676,2124,3.5,1144700218
3772557,25676,2136,2.0,1199447608
3772558,25676,2138,4.0,1204281146
3772559,25676,2150,3.0,1144612688
3772560,25676,2151,2.5,1144833209
3772561,25676,2161,3.5,1144699999
3772562,25676,2162,2.5,1199457281
3772563,25676,2167,4.0,1144612804
3772564,25676,2194,4.5,1144612803
3772565,25676,2208,3.0,1199457558
3772566,25676,2232,4.0,1144831645
3772567,25676,2252,4.0,1145055131
3772568,25676,2268,3.5,1144699481
3772569,25676,2269,3.0,1145055622
3772570,25676,2289,5.0,1144699933
3772571,25676,2291,4.0,1144699368
3772572,25676,2294,4.0,1144699957
3772573,25676,2300,3.5,1256223154
3772574,25676,2301,3.5,1144798019
3772575,25676,2316,2.0,1199457404
3772576,25676,2321,3.5,1144699592
3772577,25676,2324,4.0,1144612699
3772578,25676,2335,3.0,1195690023
3772579,25676,2336,4.0,1199311013
3772580,25676,2346,3.0,1199457163
3772581,25676,2351,3.0,1199463854
3772582,25676,2353,3.5,1195689896
3772583,25676,2355,3.5,1144699257
3772584,25676,2376,3.5,1199447695
3772585,25676,2378,3.5,1144798600
3772586,25676,2379,3.0,1144798602
3772587,25676,2380,2.5,1199456764
3772588,25676,2381,2.5,1199456743
3772589,25676,2382,2.5,1199457876
3772590,25676,2383,2.5,1199457645
3772591,25676,2391,4.5,1144700239
3772592,25676,2396,4.0,1144612499
3772593,25676,2402,2.0,1195724907
3772594,25676,2403,2.5,1195690271
3772595,25676,2404,2.5,1199447676
3772596,25676,2410,3.0,1199310976
3772597,25676,2420,3.0,1144700296
3772598,25676,2421,3.0,1195689966
3772599,25676,2424,3.0,1144699873
3772600,25676,2427,4.5,1144700188
3772601,25676,2428,3.0,1195724847
3772602,25676,2431,2.5,1199310774
3772603,25676,2432,2.0,1199457882
3772604,25676,2433,1.0,1144831370
3772605,25676,2443,3.5,1144798294
3772606,25676,2455,3.5,1144699924
3772607,25676,2456,2.0,1144832782
3772608,25676,2467,4.5,1144797346
3772609,25676,2470,2.5,1144699765
3772610,25676,2471,2.5,1144831599
3772611,25676,2483,4.0,1199640059
3772612,25676,2525,2.5,1144829481
3772613,25676,2539,3.5,1144700019
3772614,25676,2541,3.5,1144700190
3772615,25676,2542,4.5,1144612523
3772616,25676,2551,4.0,1144831805
3772617,25676,2567,4.0,1144832248
3772618,25676,2571,4.5,1144612222
3772619,25676,2572,2.5,1144699941
3772620,25676,2579,4.5,1144711769
3772621,25676,2594,4.5,1144612600
3772622,25676,2598,3.0,1195724825
3772623,25676,2599,3.5,1406672959
3772624,25676,2605,3.5,1144700155
3772625,25676,2617,3.5,1144699455
3772626,25676,2628,3.5,1144699091
3772627,25676,2640,3.5,1144611200
3772628,25676,2641,3.0,1144700166
3772629,25676,2642,2.5,1195690256
3772630,25676,2643,2.5,1199323932
3772631,25676,2657,3.5,1256223334
3772632,25676,2671,3.5,1144699726
3772633,25676,2683,4.0,1144699189
3772634,25676,2687,4.0,1195724830
3772635,25676,2690,4.0,1201868470
3772636,25676,2692,4.0,1204281172
3772637,25676,2699,3.5,1144699527
3772638,25676,2700,4.0,1144611198
3772639,25676,2701,2.5,1144699876
3772640,25676,2706,3.0,1144699254
3772641,25676,2710,3.0,1144611123
3772642,25676,2712,3.5,1144699503
3772643,25676,2716,3.5,1144699152
3772644,25676,2717,3.0,1144700318
3772645,25676,2722,4.0,1144700342
3772646,25676,2728,3.5,1144711788
3772647,25676,2730,3.5,1199457795
3772648,25676,2734,3.5,1287273758
3772649,25676,2745,4.0,1205440397
3772650,25676,2762,2.5,1144611503
3772651,25676,2770,1.5,1195689705
3772652,25676,2793,3.5,1144829143
3772653,25676,2797,3.5,1144699326
3772654,25676,2803,2.5,1199830662
3772655,25676,2819,4.0,1144612585
3772656,25676,2822,2.5,1199457946
3772657,25676,2858,3.5,1144611709
3772658,25676,2875,3.0,1144797282
3772659,25676,2881,3.5,1144700209
3772660,25676,2890,3.5,1144699784
3772661,25676,2916,3.5,1144699287
3772662,25676,2924,3.0,1202728809
3772663,25676,2947,4.0,1144699891
3772664,25676,2948,4.0,1144700429
3772665,25676,2949,4.0,1144700437
3772666,25676,2951,4.0,1301994360
3772667,25676,2953,3.0,1145055221
3772668,25676,2959,4.5,1144611664
3772669,25676,2966,4.5,1144612491
3772670,25676,2968,3.5,1144612419
3772671,25676,2976,4.0,1144798572
3772672,25676,2985,2.5,1144699641
3772673,25676,2987,4.0,1144699208
3772674,25676,2989,3.5,1144798574
3772675,25676,2990,3.0,1199323582
3772676,25676,2991,3.5,1195690242
3772677,25676,2993,3.5,1195725023
3772678,25676,2997,4.5,1144611506
3772679,25676,3006,4.0,1144700053
3772680,25676,3022,3.5,1202729718
3772681,25676,3033,4.0,1144612796
3772682,25676,3036,3.5,1144797366
3772683,25676,3062,3.5,1199324245
3772684,25676,3067,4.0,1144797163
3772685,25676,3081,4.0,1144699745
3772686,25676,3082,3.5,1144700123
3772687,25676,3083,4.5,1144797157
3772688,25676,3089,3.5,1195689114
3772689,25676,3095,3.0,1205440370
3772690,25676,3101,3.0,1144699678
3772691,25676,3108,4.5,1144612530
3772692,25676,3113,3.0,1195690208
3772693,25676,3114,2.5,1144612790
3772694,25676,3129,4.5,1199462425
3772695,25676,3153,3.5,1144829297
3772696,25676,3175,5.0,1195689500
3772697,25676,3186,4.0,1144833163
3772698,25676,3247,2.5,1144700473
3772699,25676,3248,1.5,1199447788
3772700,25676,3253,4.0,1144699713
3772701,25676,3254,3.5,1195690274
3772702,25676,3257,3.5,1144830257
3772703,25676,3258,3.0,1144831820
3772704,25676,3259,4.0,1144798561
3772705,25676,3263,3.0,1144798558
3772706,25676,3267,4.0,1144612337
3772707,25676,3269,2.5,1144832841
3772708,25676,3273,3.5,1144798548
3772709,25676,3285,4.0,1144797942
3772710,25676,3298,4.0,1144830261
3772711,25676,3301,3.0,1256223193
3772712,25676,3307,4.0,1195689131
3772713,25676,3328,4.5,1144833096
3772714,25676,3354,2.0,1199310855
3772715,25676,3355,4.0,1144798796
3772716,25676,3357,4.0,1144832218
3772717,25676,3386,4.0,1144700321
3772718,25676,3408,3.5,1144699469
3772719,25676,3409,3.5,1144832657
3772720,25676,3412,4.0,1144797345
3772721,25676,3418,4.0,1195727183
3772722,25676,3448,3.5,1144612642
3772723,25676,3452,3.5,1199311040
3772724,25676,3462,4.0,1195689161
3772725,25676,3476,3.5,1199323850
3772726,25676,3477,3.0,1204280843
3772727,25676,3479,3.0,1195724900
3772728,25676,3481,4.0,1144611569
3772729,25676,3489,3.0,1144700313
3772730,25676,3510,2.5,1144700266
3772731,25676,3521,4.5,1199458690
3772732,25676,3524,3.5,1343740693
3772733,25676,3527,3.0,1406656563
3772734,25676,3535,3.5,1144700416
3772735,25676,3556,4.0,1144612589
3772736,25676,3559,4.0,1205440781
3772737,25676,3578,4.0,1144612650
3772738,25676,3617,2.5,1144700463
3772739,25676,3618,4.0,1199447703
3772740,25676,3623,4.0,1144699490
3772741,25676,3624,2.5,1144700384
3772742,25676,3633,3.0,1199324042
3772743,25676,3635,3.5,1144798538
3772744,25676,3638,3.5,1195690111
3772745,25676,3639,3.5,1145054819
3772746,25676,3646,2.5,1144830075
3772747,25676,3683,4.5,1144611606
3772748,25676,3684,3.5,1144832480
3772749,25676,3698,3.5,1145054810
3772750,25676,3707,3.0,1144798788
3772751,25676,3741,4.5,1199457436
3772752,25676,3742,3.5,1199457653
3772753,25676,3751,3.5,1144612202
3772754,25676,3753,1.0,1144699688
3772755,25676,3755,2.0,1195689448
3772756,25676,3785,3.0,1144700269
3772757,25676,3793,4.0,1144699227
3772758,25676,3798,3.5,1195724834
3772759,25676,3809,3.5,1195690119
3772760,25676,3821,0.5,1199447829
3772761,25676,3825,3.0,1144831542
3772762,25676,3826,3.0,1144700413
3772763,25676,3863,3.0,1144700228
3772764,25676,3868,3.5,1144700430
3772765,25676,3869,2.5,1199324182
3772766,25676,3882,3.5,1144830451
3772767,25676,3892,3.0,1199832744
3772768,25676,3893,2.0,1195689864
3772769,25676,3897,4.0,1144611180
3772770,25676,3909,2.5,1199464623
3772771,25676,3911,3.5,1209512559
3772772,25676,3916,2.5,1144700470
3772773,25676,3944,3.0,1144830283
3772774,25676,3948,4.0,1144612785
3772775,25676,3949,4.5,1204281178
3772776,25676,3953,2.5,1144797202
3772777,25676,3959,3.5,1199323908
3772778,25676,3968,3.5,1144829937
3772779,25676,3969,1.5,1195690283
3772780,25676,3977,3.5,1144699547
3772781,25676,3979,2.0,1199324005
3772782,25676,3981,3.0,1195725013
3772783,25676,3984,3.5,1144831931
3772784,25676,3986,3.0,1144798525
3772785,25676,3987,3.5,1144830315
3772786,25676,3993,3.5,1195689098
3772787,25676,3994,3.5,1144699806
3772788,25676,3996,5.0,1144611529
3772789,25676,3999,3.5,1144798244
3772790,25676,4005,3.5,1199447690
3772791,25676,4007,3.5,1145054801
3772792,25676,4011,4.5,1144612380
3772793,25676,4014,3.0,1144700061
3772794,25676,4016,3.0,1202728330
3772795,25676,4018,3.0,1144700304
3772796,25676,4020,4.0,1144798773
3772797,25676,4022,4.0,1144612783
3772798,25676,4027,4.5,1199311182
3772799,25676,4033,4.0,1145054799
3772800,25676,4034,4.0,1144611447
3772801,25676,4036,3.5,1199324191
3772802,25676,4041,3.0,1195725039
3772803,25676,4054,3.0,1199323801
3772804,25676,4056,3.5,1144798771
3772805,25676,4084,3.0,1144830032
3772806,25676,4085,3.5,1144612778
3772807,25676,4095,3.5,1144831639
3772808,25676,4103,3.0,1195725058
3772809,25676,4122,3.0,1287273749
3772810,25676,4144,4.0,1199457627
3772811,25676,4148,4.0,1145054985
3772812,25676,4167,4.0,1144829250
3772813,25676,4223,3.5,1144797354
3772814,25676,4226,5.0,1144611402
3772815,25676,4235,4.5,1144612630
3772816,25676,4239,4.0,1144830215
3772817,25676,4246,2.0,1267241452
3772818,25676,4254,2.0,1199457182
3772819,25676,4262,4.0,1406654862
3772820,25676,4270,3.0,1195690056
3772821,25676,4306,4.5,1144612496
3772822,25676,4308,4.5,1144699978
3772823,25676,4317,2.5,1199458728
3772824,25676,4321,2.5,1144831367
3772825,25676,4333,3.0,1199323806
3772826,25676,4351,3.5,1144797595
3772827,25676,4361,4.0,1144700236
3772828,25676,4367,3.5,1195689698
3772829,25676,4369,2.0,1195689532
3772830,25676,4447,3.0,1144700363
3772831,25676,4470,4.5,1156544814
3772832,25676,4487,3.5,1144831411
3772833,25676,4499,4.0,1256223315
3772834,25676,4519,3.5,1199447672
3772835,25676,4523,3.0,1199465193
3772836,25676,4571,3.5,1144700289
3772837,25676,4628,4.0,1144797086
3772838,25676,4638,3.0,1195689636
3772839,25676,4641,4.0,1144833107
3772840,25676,4643,4.0,1144700301
3772841,25676,4679,2.5,1199323985
3772842,25676,4718,2.5,1144829135
3772843,25676,4720,4.0,1144611460
3772844,25676,4745,2.5,1199458389
3772845,25676,4787,3.0,1199456545
3772846,25676,4816,3.5,1195689939
3772847,25676,4848,4.5,1144700419
3772848,25676,4855,4.0,1343741994
3772849,25676,4865,4.0,1144832953
3772850,25676,4874,2.5,1199310836
3772851,25676,4878,4.5,1144611514
3772852,25676,4881,4.5,1199311197
3772853,25676,4886,4.0,1144611610
3772854,25676,4888,4.0,1199464124
3772855,25676,4896,3.0,1144699791
3772856,25676,4919,4.0,1144797565
3772857,25676,4941,3.0,1144832728
3772858,25676,4963,3.5,1144699628
3772859,25676,4973,5.0,1144612655
3772860,25676,4976,3.5,1145055731
3772861,25676,4978,3.5,1199458504
3772862,25676,4979,4.0,1144699970
3772863,25676,4980,3.0,1199310917
3772864,25676,4993,5.0,1144611692
3772865,25676,4995,3.5,1144612680
3772866,25676,5013,4.0,1144797205
3772867,25676,5015,4.0,1195689782
3772868,25676,5064,3.5,1144831521
3772869,25676,5105,3.5,1202729640
3772870,25676,5119,4.0,1202730212
3772871,25676,5120,4.0,1199310408
3772872,25676,5134,3.0,1199830289
3772873,25676,5147,4.0,1199457659
3772874,25676,5159,2.5,1144832632
3772875,25676,5171,3.0,1199323787
3772876,25676,5218,3.5,1144700338
3772877,25676,5225,4.5,1406654823
3772878,25676,5254,3.5,1144830181
3772879,25676,5288,4.0,1199464641
3772880,25676,5291,4.5,1144700599
3772881,25676,5293,4.0,1144798736
3772882,25676,5296,0.5,1199456823
3772883,25676,5298,4.0,1145055385
3772884,25676,5319,3.5,1199458490
3772885,25676,5349,3.5,1199830857
3772886,25676,5361,2.5,1199465366
3772887,25676,5377,3.0,1144700263
3772888,25676,5378,3.5,1144612774
3772889,25676,5380,3.5,1145055548
3772890,25676,5388,3.5,1145055662
3772891,25676,5418,4.0,1144612647
3772892,25676,5444,3.0,1266846124
3772893,25676,5445,3.5,1144699427
3772894,25676,5459,2.0,1144700400
3772895,25676,5463,3.5,1144797914
3772896,25676,5479,3.5,1144797597
3772897,25676,5481,3.5,1144798520
3772898,25676,5496,4.0,1343742121
3772899,25676,5507,2.5,1199323817
3772900,25676,5528,4.5,1144613029
3772901,25676,5529,2.0,1199464729
3772902,25676,5530,2.5,1199457167
3772903,25676,5541,4.0,1144797020
3772904,25676,5574,3.5,1264785946
3772905,25676,5608,3.0,1144612660
3772906,25676,5613,3.5,1144829055
3772907,25676,5617,4.0,1195689056
3772908,25676,5630,2.5,1195689512
3772909,25676,5646,3.0,1199463986
3772910,25676,5669,4.0,1144611595
3772911,25676,5670,3.5,1144798341
3772912,25676,5679,4.0,1144700390
3772913,25676,5686,3.0,1209512529
3772914,25676,5712,4.5,1343740355
3772915,25676,5720,3.5,1202729050
3772916,25676,5784,3.5,1144833103
3772917,25676,5808,4.0,1144797599
3772918,25676,5809,4.0,1144832619
3772919,25676,5810,4.0,1144613026
3772920,25676,5816,2.5,1144699996
3772921,25676,5872,3.5,1144831943
3772922,25676,5876,3.5,1199323978
3772923,25676,5878,4.0,1144797153
3772924,25676,5890,4.0,1144832288
3772925,25676,5900,2.0,1144829153
3772926,25676,5902,5.0,1144611397
3772927,25676,5945,3.5,1144712115
3772928,25676,5952,5.0,1144612212
3772929,25676,5956,4.5,1144613019
3772930,25676,5959,3.0,1199323955
3772931,25676,5961,3.5,1144797602
3772932,25676,5962,3.0,1144830251
3772933,25676,5989,3.5,1144699919
3772934,25676,6003,3.5,1195689085
3772935,25676,6035,4.0,1156544868
3772936,25676,6060,2.0,1144833395
3772937,25676,6093,4.0,1144797454
3772938,25676,6104,3.5,1199651366
3772939,25676,6157,3.0,1152615255
3772940,25676,6166,2.5,1144831878
3772941,25676,6169,3.5,1144830166
3772942,25676,6170,3.0,1199457583
3772943,25676,6187,3.5,1199324054
3772944,25676,6188,3.5,1145054790
3772945,25676,6196,3.0,1144831553
3772946,25676,6218,3.5,1144829987
3772947,25676,6242,3.5,1264785983
3772948,25676,6263,4.0,1144829841
3772949,25676,6281,3.5,1195690199
3772950,25676,6286,4.0,1343742436
3772951,25676,6319,2.5,1199649586
3772952,25676,6323,2.5,1145055521
3772953,25676,6333,4.0,1144699921
3772954,25676,6344,4.5,1144829022
3772955,25676,6365,3.0,1144612764
3772956,25676,6373,2.5,1144613016
3772957,25676,6377,4.0,1144611631
3772958,25676,6378,4.0,1145055830
3772959,25676,6383,1.5,1195724844
3772960,25676,6424,3.0,1199465276
3772961,25676,6433,3.5,1199465881
3772962,25676,6440,4.0,1144829838
3772963,25676,6502,3.5,1195689075
3772964,25676,6503,3.0,1144712109
3772965,25676,6509,4.0,1156544880
3772966,25676,6534,3.5,1145055381
3772967,25676,6537,3.0,1195689946
3772968,25676,6539,3.5,1144612341
3772969,25676,6550,3.0,1145055971
3772970,25676,6552,4.0,1195727451
3772971,25676,6558,2.0,1199462582
3772972,25676,6564,3.0,1195725074
3772973,25676,6617,4.0,1199447821
3772974,25676,6618,3.5,1195689094
3772975,25676,6643,4.0,1156544895
3772976,25676,6660,3.0,1199649579
3772977,25676,6662,3.0,1199832090
3772978,25676,6671,4.0,1202729412
3772979,25676,6709,4.0,1195690178
3772980,25676,6711,4.5,1144612442
3772981,25676,6734,3.5,1199464201
3772982,25676,6743,4.0,1145056019
3772983,25676,6750,3.5,1199464740
3772984,25676,6754,3.5,1195690185
3772985,25676,6776,3.5,1199462896
3772986,25676,6793,2.5,1199456841
3772987,25676,6801,4.0,1199660993
3772988,25676,6807,4.0,1144612396
3772989,25676,6858,4.0,1199465174
3772990,25676,6862,2.5,1199830566
3772991,25676,6863,3.5,1144613013
3772992,25676,6870,4.0,1144612228
3772993,25676,6873,3.5,1145055699
3772994,25676,6874,4.5,1144612199
3772995,25676,6879,3.5,1199310806
3772996,25676,6883,2.0,1199649894
3772997,25676,6885,4.0,1144798267
3772998,25676,6888,2.5,1144798724
3772999,25676,6889,2.5,1144830474
3773000,25676,6893,3.5,1145055828
3773001,25676,6909,3.5,1264786067
3773002,25676,6934,2.5,1144798509
3773003,25676,6936,3.0,1144832281
3773004,25676,6942,4.0,1144712100
3773005,25676,6950,3.0,1199458404
3773006,25676,6952,3.5,1144798720
3773007,25676,6953,4.0,1144712097
3773008,25676,6957,4.0,1144829763
3773009,25676,7046,3.5,1199323402
3773010,25676,7063,3.0,1199462342
3773011,25676,7065,4.0,1144796934
3773012,25676,7088,5.0,1144830146
3773013,25676,7090,5.0,1144612205
3773014,25676,7101,3.0,1199457418
3773015,25676,7117,2.5,1199464895
3773016,25676,7137,3.5,1144798716
3773017,25676,7139,4.0,1145055561
3773018,25676,7143,4.0,1144613011
3773019,25676,7147,4.5,1144611721
3773020,25676,7151,2.5,1199323996
3773021,25676,7153,5.0,1144612357
3773022,25676,7178,3.5,1144833310
3773023,25676,7208,3.5,1144832115
3773024,25676,7254,3.0,1195689496
3773025,25676,7285,3.5,1195725049
3773026,25676,7323,3.5,1144797492
3773027,25676,7324,3.5,1145055143
3773028,25676,7352,4.0,1199465181
3773029,25676,7361,5.0,1144611523
3773030,25676,7362,3.5,1199463084
3773031,25676,7366,3.5,1145055911
3773032,25676,7367,3.0,1195725055
3773033,25676,7373,4.0,1145055095
3773034,25676,7374,3.5,1145055232
3773035,25676,7438,5.0,1144611588
3773036,25676,7444,3.0,1144829028
3773037,25676,7445,2.5,1195689883
3773038,25676,7451,3.0,1256222975
3773039,25676,7454,3.5,1195689996
3773040,25676,7458,2.5,1195690092
3773041,25676,7486,4.5,1199649762
3773042,25676,7569,4.0,1199457090
3773043,25676,7570,3.5,1199456330
3773044,25676,7573,3.0,1199831300
3773045,25676,7626,2.0,1199833097
3773046,25676,7700,4.0,1195725710
3773047,25676,7781,3.5,1199464123
3773048,25676,7914,3.0,1199464081
3773049,25676,7982,4.0,1264786037
3773050,25676,8019,3.5,1264786112
3773051,25676,8125,4.0,1199465572
3773052,25676,8132,4.0,1195725044
3773053,25676,8197,4.0,1199649639
3773054,25676,8360,4.0,1144612556
3773055,25676,8361,3.5,1144798712
3773056,25676,8368,4.0,1145055018
3773057,25676,8373,3.0,1199447625
3773058,25676,8376,3.5,1256223440
3773059,25676,8464,3.0,1199832079
3773060,25676,8512,4.0,1144798025
3773061,25676,8521,3.5,1199649821
3773062,25676,8526,4.0,1144829188
3773063,25676,8528,3.5,1144832015
3773064,25676,8529,2.0,1195724840
3773065,25676,8533,2.5,1195725069
3773066,25676,8535,2.0,1144831783
3773067,25676,8604,3.5,1199458739
3773068,25676,8605,2.0,1199830435
3773069,25676,8622,4.0,1144612539
3773070,25676,8636,3.5,1199830859
3773071,25676,8638,3.5,1144829952
3773072,25676,8640,2.0,1195725066
3773073,25676,8641,4.0,1144798708
3773074,25676,8644,4.0,1145055502
3773075,25676,8645,3.5,1195724919
3773076,25676,8665,4.0,1144612547
3773077,25676,8781,3.5,1199830653
3773078,25676,8798,4.0,1144711757
3773079,25676,8807,2.0,1199310925
3773080,25676,8810,2.5,1144829435
3773081,25676,8833,2.0,1199458682
3773082,25676,8865,3.0,1199310740
3773083,25676,8870,2.5,1144832852
3773084,25676,8874,3.5,1343741795
3773085,25676,8905,4.0,1144829246
3773086,25676,8907,2.5,1199323751
3773087,25676,8908,1.0,1199458238
3773088,25676,8916,3.0,1199458345
3773089,25676,8917,3.0,1199310499
3773090,25676,8943,4.0,1144829964
3773091,25676,8947,3.0,1144833350
3773092,25676,8949,4.0,1195688988
3773093,25676,8951,3.5,1199458133
3773094,25676,8958,4.0,1144612684
3773095,25676,8959,3.5,1144830119
3773096,25676,8961,4.0,1195727421
3773097,25676,8965,2.5,1199457012
3773098,25676,8966,4.0,1195724858
3773099,25676,8968,3.5,1144829086
3773100,25676,8970,4.0,1144832666
3773101,25676,8972,3.5,1195689798
3773102,25676,8977,2.5,1144829409
3773103,25676,8978,3.5,1144831321
3773104,25676,8983,4.0,1144612470
3773105,25676,8984,3.0,1195689648
3773106,25676,8985,2.5,1144830183
3773107,25676,25788,4.0,1199456754
3773108,25676,25940,4.0,1202729885
3773109,25676,26083,4.5,1301994219
3773110,25676,26152,3.5,1144829859
3773111,25676,26158,4.0,1229476439
3773112,25676,26249,3.0,1202729024
3773113,25676,26606,3.5,1199651317
3773114,25676,26788,4.0,1195725753
3773115,25676,26796,3.5,1204138123
3773116,25676,26939,4.5,1156544766
3773117,25676,27193,3.0,1152615119
3773118,25676,27266,3.5,1144799062
3773119,25676,27416,4.0,1145055855
3773120,25676,27491,4.0,1264785993
3773121,25676,27611,4.0,1343742204
3773122,25676,27636,3.5,1195689028
3773123,25676,27706,3.0,1195690154
3773124,25676,27721,4.0,1199324063
3773125,25676,27772,3.5,1264785969
3773126,25676,27784,3.0,1264786096
3773127,25676,27788,4.0,1199457983
3773128,25676,27803,4.0,1195727230
3773129,25676,27808,3.5,1144798000
3773130,25676,27821,4.0,1144799136
3773131,25676,27831,4.0,1195688993
3773132,25676,27839,2.5,1287274192
3773133,25676,30707,4.5,1145054773
3773134,25676,30749,2.5,1195688874
3773135,25676,30793,4.0,1144612305
3773136,25676,30810,3.5,1195689073
3773137,25676,30812,4.0,1144829708
3773138,25676,30816,2.0,1199447870
3773139,25676,30822,3.0,1145055578
3773140,25676,30825,3.5,1144798705
3773141,25676,30850,1.5,1199458395
3773142,25676,31193,3.0,1199651309
3773143,25676,31221,2.5,1144797918
3773144,25676,31225,2.0,1144799043
3773145,25676,31410,3.5,1195688835
3773146,25676,31427,1.0,1145055148
3773147,25676,31437,4.0,1199464613
3773148,25676,31685,3.0,1144799039
3773149,25676,31694,3.0,1218107158
3773150,25676,31696,4.0,1144799155
3773151,25676,31804,2.5,1199324359
3773152,25676,31878,3.5,1256223030
3773153,25676,32031,2.5,1144799142
3773154,25676,32179,3.5,1202729665
3773155,25676,32291,4.5,1144797081
3773156,25676,32587,4.5,1144700579
3773157,25676,32596,3.0,1199324346
3773158,25676,32892,4.0,1199649948
3773159,25676,33004,4.0,1144799023
3773160,25676,33162,3.5,1144799120
3773161,25676,33164,2.0,1145055328
3773162,25676,33493,4.0,1195727199
3773163,25676,33615,4.0,1144799164
3773164,25676,33660,3.0,1144799091
3773165,25676,33679,4.0,1144798702
3773166,25676,33794,4.5,1144613303
3773167,25676,33836,3.5,1144830035
3773168,25676,33838,3.5,1144799059
3773169,25676,33880,4.5,1199311192
3773170,25676,33903,3.5,1144832260
3773171,25676,34018,3.5,1199830272
3773172,25676,34048,2.5,1144799126
3773173,25676,34143,3.0,1264786110
3773174,25676,34150,3.5,1144832538
3773175,25676,34153,4.0,1144613315
3773176,25676,34155,4.5,1199831059
3773177,25676,34162,3.0,1195689805
3773178,25676,34319,4.0,1144797472
3773179,25676,34405,3.0,1256222999
3773180,25676,34437,4.0,1144798969
3773181,25676,35836,3.5,1266845922
3773182,25676,36401,3.5,1144830485
3773183,25676,36517,4.5,1144611512
3773184,25676,36519,3.0,1264785944
3773185,25676,36525,3.5,1144799118
3773186,25676,36529,3.0,1195689018
3773187,25676,36535,3.0,1144613313
3773188,25676,37386,3.0,1218048865
3773189,25676,37727,3.5,1144832764
3773190,25676,37729,4.0,1144798137
3773191,25676,37733,4.0,1144711800
3773192,25676,37736,3.0,1144799093
3773193,25676,37853,2.5,1156544715
3773194,25676,38038,4.0,1144700553
3773195,25676,38061,3.0,1256223278
3773196,25676,38701,4.0,1199830398
3773197,25676,38798,4.0,1144799019
3773198,25676,39183,4.0,1144700566
3773199,25676,39234,4.0,1144799100
3773200,25676,39292,4.5,1144613309
3773201,25676,39419,3.5,1199464993
3773202,25676,39435,3.0,1144798240
3773203,25676,40148,3.5,1152615142
3773204,25676,40278,3.0,1195690029
3773205,25676,40339,3.0,1218048569
3773206,25676,40491,4.5,1343741384
3773207,25676,40815,3.5,1144700635
3773208,25676,40819,3.0,1144611411
3773209,25676,41285,4.5,1144700591
3773210,25676,41566,3.0,1218048684
3773211,25676,41569,4.0,1144711744
3773212,25676,41571,2.5,1144799130
3773213,25676,41997,3.5,1144700526
3773214,25676,42018,4.0,1144799103
3773215,25676,42418,3.0,1144798965
3773216,25676,42718,3.5,1287273960
3773217,25676,43376,4.0,1199457974
3773218,25676,43932,3.0,1264785991
3773219,25676,44022,3.0,1152615162
3773220,25676,44191,4.0,1144613086
3773221,25676,44195,4.0,1195727189
3773222,25676,44197,3.5,1144798866
3773223,25676,44199,4.0,1195727267
3773224,25676,44204,4.0,1152615178
3773225,25676,44301,4.0,1204138182
3773226,25676,44555,3.0,1195689155
3773227,25676,44568,4.0,1301994158
3773228,25676,44587,3.5,1229476832
3773229,25676,44665,4.0,1195688996
3773230,25676,44694,4.0,1195690246
3773231,25676,44759,2.0,1199462587
3773232,25676,44929,3.5,1199464310
3773233,25676,44972,2.0,1199831477
3773234,25676,45003,3.5,1264786120
3773235,25676,45028,3.5,1152614991
3773236,25676,45186,3.5,1152615113
3773237,25676,45210,2.0,1152615123
3773238,25676,45221,1.0,1199310347
3773239,25676,45431,4.0,1152615095
3773240,25676,45447,3.5,1152615098
3773241,25676,45499,3.5,1152615102
3773242,25676,45658,3.0,1199832960
3773243,25676,45720,3.0,1203459452
3773244,25676,45722,3.0,1195689789
3773245,25676,45732,2.5,1199324257
3773246,25676,45950,3.0,1195689701
3773247,25676,46530,3.5,1199310789
3773248,25676,46559,4.0,1204281116
3773249,25676,46578,3.5,1195688927
3773250,25676,46723,4.5,1195689740
3773251,25676,46965,3.5,1156544622
3773252,25676,46976,3.5,1195688911
3773253,25676,47044,4.0,1195690127
3773254,25676,47200,3.0,1264785956
3773255,25676,47202,4.0,1202729345
3773256,25676,47382,2.5,1205440206
3773257,25676,47423,4.0,1199447601
3773258,25676,47465,3.0,1199464278
3773259,25676,48043,4.0,1195690123
3773260,25676,48082,4.0,1195690174
3773261,25676,48142,4.0,1199324213
3773262,25676,48385,2.5,1199310815
3773263,25676,48394,4.0,1195688902
3773264,25676,48414,3.5,1218048562
3773265,25676,48516,4.0,1195688845
3773266,25676,48738,4.0,1195689591
3773267,25676,48774,4.0,1195688963
3773268,25676,48780,4.0,1195688938
3773269,25676,48872,3.5,1406656799
3773270,25676,48997,3.0,1199324367
3773271,25676,49130,1.5,1199458753
3773272,25676,49272,4.0,1195690165
3773273,25676,49274,3.0,1195724801
3773274,25676,49278,4.0,1195689994
3773275,25676,49280,2.5,1199457855
3773276,25676,49286,3.0,1199323398
3773277,25676,49355,3.0,1202728431
3773278,25676,49961,4.0,1195690100
3773279,25676,50005,3.5,1199457548
3773280,25676,50158,2.5,1229476373
3773281,25676,50619,3.5,1343742075
3773282,25676,50685,2.5,1199310089
3773283,25676,50798,0.5,1199831434
3773284,25676,50872,4.0,1195689724
3773285,25676,50912,3.0,1195689891
3773286,25676,51007,3.0,1204138148
3773287,25676,51080,4.0,1200413220
3773288,25676,51084,3.0,1202728302
3773289,25676,51246,3.5,1256222823
3773290,25676,51662,1.5,1195689748
3773291,25676,52016,2.5,1195774827
3773292,25676,52245,3.0,1195689824
3773293,25676,52281,3.5,1256223093
3773294,25676,52328,4.0,1195724946
3773295,25676,52458,3.5,1199310391
3773296,25676,52604,2.0,1199323756
3773297,25676,52722,2.5,1199830867
3773298,25676,52973,1.5,1199310518
3773299,25676,53000,3.0,1195689785
3773300,25676,53121,3.0,1199310662
3773301,25676,53123,3.5,1202730104
3773302,25676,53125,3.5,1195689461
3773303,25676,53464,3.0,1199310359
3773304,25676,53519,3.5,1256223171
3773305,25676,53894,3.0,1208284389
3773306,25676,53953,3.5,1195724902
3773307,25676,53956,4.0,1199457791
3773308,25676,53972,3.5,1195689729
3773309,25676,53993,1.5,1208284399
3773310,25676,53996,3.0,1267241460
3773311,25676,54001,4.0,1195689467
3773312,25676,54190,3.0,1199456656
3773313,25676,54259,4.0,1195688884
3773314,25676,54272,3.5,1256223471
3773315,25676,54286,4.0,1195689578
3773316,25676,54686,1.0,1199457778
3773317,25676,54732,2.0,1199458720
3773318,25676,54736,2.5,1199310045
3773319,25676,54995,3.0,1202728615
3773320,25676,54997,4.5,1201868458
3773321,25676,54999,3.5,1199324099
3773322,25676,55052,3.0,1195689570
3773323,25676,55080,3.0,1199462464
3773324,25676,55094,3.0,1205440222
3773325,25676,55100,3.5,1218049498
3773326,25676,55118,4.5,1199310419
3773327,25676,55205,3.0,1218048705
3773328,25676,55247,3.5,1204280824
3773329,25676,55250,2.5,1209512545
3773330,25676,55269,3.0,1199925661
3773331,25676,55274,4.0,1199310138
3773332,25676,55276,3.5,1204137738
3773333,25676,55284,3.5,1199310167
3773334,25676,55290,3.5,1199310128
3773335,25676,55363,4.5,1201123512
3773336,25676,55765,4.0,1195689376
3773337,25676,55768,3.5,1195690190
3773338,25676,55805,3.5,1343741342
3773339,25676,55820,4.5,1204280878
3773340,25676,55830,4.0,1205440194
3773341,25676,55872,3.0,1218049483
3773342,25676,55946,3.5,1195689777
3773343,25676,55995,3.5,1195690235
3773344,25676,56152,2.5,1199310133
3773345,25676,56171,3.5,1199310154
3773346,25676,56174,2.5,1201868482
3773347,25676,56176,2.0,1208284409
3773348,25676,56339,4.0,1301994650
3773349,25676,56367,3.5,1204137693
3773350,25676,56389,4.0,1208284585
3773351,25676,56587,2.5,1201123461
3773352,25676,56607,3.5,1202728596
3773353,25676,56757,4.0,1203381803
3773354,25676,56775,3.0,1266846181
3773355,25676,56782,4.0,1204137678
3773356,25676,56788,3.5,1201266691
3773357,25676,56941,2.5,1218049471
3773358,25676,57368,2.5,1202741613
3773359,25676,57520,2.0,1264786093
3773360,25676,57534,2.5,1264786064
3773361,25676,57640,3.5,1256222990
3773362,25676,57669,4.5,1218048445
3773363,25676,58025,2.5,1204137717
3773364,25676,58103,3.5,1204280787
3773365,25676,58107,3.5,1218048600
3773366,25676,58156,3.0,1218048586
3773367,25676,58293,3.0,1205440249
3773368,25676,58295,2.5,1229476529
3773369,25676,58418,3.0,1229476298
3773370,25676,58559,4.5,1343740339
3773371,25676,59103,3.5,1218048538
3773372,25676,59315,3.5,1256223526
3773373,25676,59369,3.0,1256222920
3773374,25676,59615,2.5,1256223189
3773375,25676,59715,3.0,1264786123
3773376,25676,59784,4.0,1218048430
3773377,25676,60040,3.0,1256223081
3773378,25676,60069,3.0,1229476353
3773379,25676,60072,3.0,1218048484
3773380,25676,60074,3.0,1218048528
3773381,25676,60126,3.0,1256223292
3773382,25676,60141,4.0,1287273996
3773383,25676,60397,2.0,1301994071
3773384,25676,60684,2.5,1256222986
3773385,25676,60950,4.0,1266846301
3773386,25676,61132,4.0,1229476510
3773387,25676,61262,3.0,1264786022
3773388,25676,61323,3.5,1229476577
3773389,25676,61724,4.0,1301994206
3773390,25676,62374,3.0,1264786370
3773391,25676,62394,0.5,1229476284
3773392,25676,62511,4.0,1264786348
3773393,25676,62849,3.5,1266845866
3773394,25676,62999,3.0,1229476862
3773395,25676,63062,3.0,1256223363
3773396,25676,63082,4.5,1256223514
3773397,25676,63113,4.0,1229476546
3773398,25676,63853,4.0,1229476249
3773399,25676,63859,4.0,1256223203
3773400,25676,63876,3.5,1256223022
3773401,25676,63992,3.0,1256223520
3773402,25676,64197,4.5,1343741082
3773403,25676,64614,3.0,1256223231
3773404,25676,64620,4.0,1256222993
3773405,25676,64839,4.0,1256223143
3773406,25676,64957,3.0,1256223084
3773407,25676,64969,3.5,1256223405
3773408,25676,65882,3.0,1264786053
3773409,25676,66097,4.5,1256223217
3773410,25676,66198,3.5,1287273737
3773411,25676,66934,4.0,1266846219
3773412,25676,67197,3.0,1264785932
3773413,25676,67255,4.0,1343741629
3773414,25676,67997,4.0,1406654812
3773415,25676,68157,4.0,1264786285
3773416,25676,68237,4.0,1264785878
3773417,25676,68319,3.0,1256223013
3773418,25676,68358,4.0,1256223201
3773419,25676,68486,4.0,1301994325
3773420,25676,68554,2.5,1256223135
3773421,25676,68791,3.5,1256222914
3773422,25676,68952,3.5,1266846271
3773423,25676,68954,3.5,1256222938
3773424,25676,69481,2.5,1256222714
3773425,25676,69526,3.0,1256222908
3773426,25676,69640,3.5,1256223483
3773427,25676,69644,3.0,1343740567
3773428,25676,69784,3.0,1301994038
3773429,25676,69844,3.5,1256223147
3773430,25676,69951,3.5,1264785926
3773431,25676,70286,4.0,1264785871
3773432,25676,71108,4.0,1264785894
3773433,25676,71460,3.0,1256223388
3773434,25676,71464,4.0,1287274076
3773435,25676,71535,3.5,1343739595
3773436,25676,71745,4.0,1266846314
3773437,25676,71838,3.5,1264786311
3773438,25676,72011,3.5,1266845558
3773439,25676,72378,2.5,1266846056
3773440,25676,72733,3.0,1267240699
3773441,25676,72737,3.5,1343740462
3773442,25676,72998,4.5,1264785711
3773443,25676,73017,3.5,1264785913
3773444,25676,73023,3.5,1267240709
3773445,25676,73268,3.5,1301994123
3773446,25676,73323,4.0,1343741656
3773447,25676,73488,2.5,1266845840
3773448,25676,74458,4.5,1267240685
3773449,25676,74510,4.0,1301994008
3773450,25676,74530,2.5,1267240736
3773451,25676,74789,3.0,1343739558
3773452,25676,76093,4.0,1343739589
3773453,25676,76251,3.5,1301994103
3773454,25676,77561,3.5,1343740540
3773455,25676,77667,2.0,1301994051
3773456,25676,77841,2.0,1287274010
3773457,25676,77866,3.0,1406655287
3773458,25676,78209,3.5,1343740680
3773459,25676,78467,2.0,1406655698
3773460,25676,78574,4.0,1301993933
3773461,25676,78772,2.5,1406655312
3773462,25676,79091,3.5,1287273770
3773463,25676,79132,4.5,1287264190
3773464,25676,79185,3.5,1406655316
3773465,25676,79592,3.5,1406655296
3773466,25676,79702,3.5,1343740383
3773467,25676,80463,4.0,1287264175
3773468,25676,80489,4.0,1406655179
3773469,25676,81229,3.0,1406655217
3773470,25676,81562,4.0,1301993902
3773471,25676,81591,5.0,1301993912
3773472,25676,81639,3.5,1301994461
3773473,25676,81788,3.0,1301994430
3773474,25676,81834,3.0,1343740800
3773475,25676,81845,4.0,1301994214
3773476,25676,81932,4.0,1301993893
3773477,25676,82459,3.5,1343741167
3773478,25676,82461,3.0,1301994486
3773479,25676,83086,3.0,1406655668
3773480,25676,83134,3.0,1301994448
3773481,25676,83613,1.5,1406655326
3773482,25676,84601,3.5,1343740669
3773483,25676,84772,3.0,1406655279
3773484,25676,84944,3.5,1301993873
3773485,25676,84954,4.0,1406655197
3773486,25676,85022,3.0,1406655519
3773487,25676,85412,4.0,1343740894
3773488,25676,85414,3.0,1343741147
3773489,25676,86028,2.5,1343740720
3773490,25676,86142,4.0,1343741122
3773491,25676,86190,3.0,1343740745
3773492,25676,86332,3.0,1343740704
3773493,25676,86833,3.5,1343741059
3773494,25676,86880,3.5,1343741108
3773495,25676,86882,4.0,1343740756
3773496,25676,86898,3.5,1343740831
3773497,25676,86911,2.5,1406655260
3773498,25676,87192,3.0,1343741129
3773499,25676,87222,4.0,1343741043
3773500,25676,87232,4.0,1343741067
3773501,25676,87306,3.5,1343740781
3773502,25676,87430,2.5,1343740869
3773503,25676,87520,2.5,1343740851
3773504,25676,87869,3.0,1406655248
3773505,25676,88125,3.5,1343740804
3773506,25676,88129,3.5,1343741433
3773507,25676,88140,3.0,1343740824
3773508,25676,88163,3.5,1343740633
3773509,25676,88179,2.5,1343740608
3773510,25676,88235,4.0,1343741032
3773511,25676,88744,3.0,1343740770
3773512,25676,89118,4.0,1406655452
3773513,25676,89260,3.5,1343740990
3773514,25676,89302,3.5,1343740975
3773515,25676,89470,3.5,1343740642
3773516,25676,89535,4.0,1343740592
3773517,25676,89745,3.5,1343739499
3773518,25676,89753,3.0,1343740491
3773519,25676,89761,3.0,1343740617
3773520,25676,89846,3.5,1343741012
3773521,25676,90430,3.5,1343740585
3773522,25676,90647,3.0,1343740440
3773523,25676,91104,2.0,1406655445
3773524,25676,91500,3.5,1343739572
3773525,25676,91529,4.5,1343739456
3773526,25676,91535,3.0,1406655352
3773527,25676,91542,3.5,1343739581
3773528,25676,91548,3.0,1343741096
3773529,25676,91630,3.5,1343740518
3773530,25676,92694,2.5,1343741000
3773531,25676,93242,3.5,1406655983
3773532,25676,93422,4.0,1406656068
3773533,25676,93510,3.5,1406655255
3773534,25676,94864,3.0,1343740426
3773535,25676,94959,3.5,1406655189
3773536,25676,95058,2.5,1406655843
3773537,25676,95167,3.5,1406655268
3773538,25676,95441,3.0,1406655299
3773539,25676,95510,3.5,1343740407
3773540,25676,95558,3.5,1406655422
3773541,25676,95720,2.0,1406655710
3773542,25676,96079,4.0,1406655168
3773543,25676,96588,3.5,1406655467
3773544,25676,96829,4.0,1406654996
3773545,25676,97304,4.0,1406655183
3773546,25676,97306,4.0,1406655335
3773547,25676,97752,3.0,1406655222
3773548,25676,97923,3.0,1406655348
3773549,25676,97938,3.5,1406654873
3773550,25676,98203,2.0,1406655618
3773551,25676,98809,3.5,1406655174
3773552,25676,99007,3.5,1406655515
3773553,25676,99114,4.5,1406655170
3773554,25676,99149,3.0,1406655393
3773555,25676,99728,2.0,1406655601
3773556,25676,100487,3.0,1406655876
3773557,25676,100498,2.5,1406655587
3773558,25676,100714,3.0,1406655018
3773559,25676,101088,3.5,1425834649
3773560,25676,101283,3.0,1406655869
3773561,25676,101864,3.5,1406655321
3773562,25676,102123,3.0,1406655416
3773563,25676,102125,3.5,1406655205
3773564,25676,102407,3.5,1406655428
3773565,25676,102445,3.5,1406655047
3773566,25676,102903,3.5,1406655356
3773567,25676,102993,4.0,1406655541
3773568,25676,103027,4.0,1406655976
3773569,25676,103042,3.5,1406655293
3773570,25676,103228,3.0,1406655339
3773571,25676,103249,3.0,1406655359
3773572,25676,103253,3.5,1425834635
3773573,25676,103335,3.0,1425834802
3773574,25676,103372,3.5,1406655592
3773575,25676,103755,2.5,1406656020
3773576,25676,103772,3.5,1406655438
3773577,25676,103980,3.0,1406655116
3773578,25676,104272,3.5,1406655033
3773579,25676,104841,4.0,1406654989
3773580,25676,104879,3.0,1406655002
3773581,25676,105213,3.0,1406655606
3773582,25676,105844,3.5,1406655011
3773583,25676,106072,3.0,1406655381
3773584,25676,106102,3.0,1406754478
3773585,25676,106487,3.5,1406655231
3773586,25676,106489,3.5,1406655027
3773587,25676,106782,3.0,1406655005
3773588,25676,106920,4.0,1406655007
3773589,25676,108932,3.5,1425834786
3773590,25676,109374,4.5,1406654992
3773591,25676,109487,2.5,1425843853
3773592,25676,110102,3.5,1425843923
3773593,25676,110127,3.5,1406655859
3773594,25676,111360,3.0,1425843887
3773595,25676,111362,4.0,1406654712
3773596,25676,111622,3.0,1425834726
3773597,25676,111759,4.0,1425834838
3773598,25676,112183,3.5,1425834881
3773599,25676,112290,4.0,1425834743
3773600,25676,112370,2.5,1406656107
3773601,25676,112552,4.0,1425834578
3773602,25676,112623,3.5,1425843898
3773603,25676,112788,2.0,1425834762
3773604,25676,112852,3.5,1425834937
3773605,25676,114662,2.5,1425834681
3773606,25676,114847,2.5,1425843859
3773607,25676,114935,4.0,1425843872
3773608,25676,116797,3.5,1425834615
3773609,25676,116799,3.5,1425834860
3773610,25676,116823,3.5,1425843846
3773611,25676,119145,2.5,1425834518
3773612,25677,1,4.0,1249927939
3773613,25677,107,4.0,1249926713
3773614,25677,110,0.5,1250171327
3773615,25677,171,5.0,1249928246
3773616,25677,181,5.0,1249928683
3773617,25677,260,4.5,1249929559
3773618,25677,344,0.5,1250171305
3773619,25677,364,5.0,1249927995
3773620,25677,367,0.5,1250171268
3773621,25677,480,5.0,1249929372
3773622,25677,520,3.5,1250171826
3773623,25677,546,1.0,1249929292
3773624,25677,551,4.0,1249928133
3773625,25677,558,4.0,1249928284
3773626,25677,586,2.5,1250171257
3773627,25677,616,4.0,1249929100
3773628,25677,671,5.0,1249926741
3773629,25677,780,4.0,1249928530
3773630,25677,783,4.0,1250171814
3773631,25677,912,3.5,1250171238
3773632,25677,924,3.5,1250171227
3773633,25677,953,3.0,1250171795
3773634,25677,1025,4.5,1249926862
3773635,25677,1029,3.0,1250171747
3773636,25677,1198,5.0,1249929505
3773637,25677,1200,4.5,1250171212
3773638,25677,1253,4.5,1249929251
3773639,25677,1356,5.0,1249928211
3773640,25677,1387,5.0,1250171196
3773641,25677,1411,3.0,1249926768
3773642,25677,1580,4.5,1249928724
3773643,25677,1587,0.5,1249926781
3773644,25677,1591,0.5,1249926851
3773645,25677,1597,4.0,1249928373
3773646,25677,1911,1.5,1249926731
3773647,25677,1967,5.0,1249927776
3773648,25677,1994,4.0,1250171621
3773649,25677,2013,3.5,1250172255
3773650,25677,2021,3.0,1249928465
3773651,25677,2080,4.0,1250171602
3773652,25677,2085,3.5,1250171584
3773653,25677,2094,4.0,1249926674
3773654,25677,2108,3.0,1250171575
3773655,25677,2134,2.5,1249926831
3773656,25677,2145,2.0,1249926664
3773657,25677,2174,3.0,1250171563
3773658,25677,2313,3.5,1249926791
3773659,25677,2384,3.5,1250172221
3773660,25677,2394,2.5,1250172208
3773661,25677,2398,3.5,1250172194
3773662,25677,2424,0.5,1250171545
3773663,25677,2572,0.5,1250171525
3773664,25677,2642,0.5,1250172150
3773665,25677,2657,4.0,1249929985
3773666,25677,2662,4.5,1249926888
3773667,25677,2683,2.5,1250171187
3773668,25677,2761,5.0,1249928565
3773669,25677,2762,2.5,1250171181
3773670,25677,2857,3.5,1249926936
3773671,25677,2863,3.5,1249926950
3773672,25677,2872,3.0,1250172129
3773673,25677,2947,3.0,1250171483
3773674,25677,2987,3.5,1250171167
3773675,25677,3000,3.0,1250171446
3773676,25677,3034,2.5,1250172084
3773677,25677,3438,3.5,1249926911
3773678,25677,3593,0.5,1249929932
3773679,25677,3793,5.0,1249928917
3773680,25677,4006,3.5,1249928875
3773681,25677,4025,0.5,1250171426
3773682,25677,4990,3.0,1249929046
3773683,25677,4992,3.5,1250171972
3773684,25677,5042,5.0,1249927637
3773685,25677,5218,0.5,1250171375
3773686,25677,5618,4.0,1249928084
3773687,25677,5882,3.0,1249928809
3773688,25677,6201,0.5,1249928627
3773689,25677,6333,4.0,1249928936
3773690,25677,6541,3.0,1250171945
3773691,25677,6754,0.5,1250171933
3773692,25677,6874,0.5,1250171364
3773693,25677,7143,0.5,1250171354
3773694,25677,7482,4.5,1249929406
3773695,25677,8531,0.5,1249929198
3773696,25677,8666,0.5,1250172474
3773697,25677,8861,0.5,1250172465
3773698,25677,26662,5.0,1249928044
3773699,25677,26996,5.0,1249927223
3773700,25677,33004,3.5,1249929611
3773701,25677,45499,2.5,1249928947
3773702,25677,50798,0.5,1249929155
3773703,25677,53996,2.0,1249928855
3773704,25677,54259,3.5,1250172452
3773705,25677,56367,0.5,1250171892
3773706,25677,59315,3.0,1250171873
3773707,25677,59615,0.5,1249929495
3773708,25677,60069,5.0,1249928981
3773709,25677,60684,5.0,1249929840
3773710,25677,63992,0.5,1249929653
3773711,25677,66097,5.0,1249927047
3773712,25677,68319,2.5,1249928927
3773713,25677,68358,5.0,1249928188
3773714,25677,69526,0.5,1249928864
3773715,25678,32,5.0,1083704348
3773716,25678,34,1.0,1083704390
3773717,25678,47,5.0,1083704402
3773718,25678,110,5.0,1083704295
3773719,25678,163,5.0,1083704944
3773720,25678,208,4.5,1083704486
3773721,25678,231,0.5,1083704431
3773722,25678,256,3.0,1083705938
3773723,25678,282,4.0,1083704835
3773724,25678,288,5.0,1083704507
3773725,25678,293,5.0,1083704601
3773726,25678,296,5.0,1083704270
3773727,25678,316,3.5,1083704371
3773728,25678,318,4.0,1083704305
3773729,25678,329,2.0,1083704397
3773730,25678,356,5.0,1083704277
3773731,25678,370,1.5,1083704938
3773732,25678,485,3.5,1083704919
3773733,25678,500,4.5,1083704436
3773734,25678,520,5.0,1083705032
3773735,25678,532,2.0,1083706125
3773736,25678,541,5.0,1083704543
3773737,25678,552,1.0,1083704974
3773738,25678,589,4.5,1083704312
3773739,25678,592,5.0,1083704289
3773740,25678,593,5.0,1083788420
3773741,25678,648,4.5,1083704366
3773742,25678,733,4.5,1083704415
3773743,25678,778,5.0,1083704677
3773744,25678,786,3.0,1083704610
3773745,25678,849,3.0,1083706069
3773746,25678,910,4.0,1083704092
3773747,25678,920,4.5,1083704725
3773748,25678,1079,4.0,1083704635
3773749,25678,1089,5.0,1083704692
3773750,25678,1092,4.0,1083705971
3773751,25678,1097,5.0,1083704450
3773752,25678,1127,3.5,1083704718
3773753,25678,1198,5.0,1083704410
3773754,25678,1206,2.0,1083704707
3773755,25678,1208,5.0,1083704744
3773756,25678,1213,5.0,1083704617
3773757,25678,1234,5.0,1083704840
3773758,25678,1240,5.0,1083704517
3773759,25678,1258,5.0,1083704795
3773760,25678,1265,5.0,1083704523
3773761,25678,1270,5.0,1083704420
3773762,25678,1275,5.0,1083704073
3773763,25678,1291,5.0,1083704584
3773764,25678,1320,5.0,1083705091
3773765,25678,1333,5.0,1083705978
3773766,25678,1339,4.5,1083704164
3773767,25678,1343,4.0,1083704123
3773768,25678,1391,1.0,1083704755
3773769,25678,1396,5.0,1083704015
3773770,25678,1517,1.0,1083704780
3773771,25678,1527,5.0,1083704657
3773772,25678,1573,3.0,1083704763
3773773,25678,1580,4.5,1083704512
3773774,25678,1584,5.0,1083704682
3773775,25678,1608,3.0,1083704879
3773776,25678,1610,2.5,1083704687
3773777,25678,1617,5.0,1083704501
3773778,25678,1645,4.0,1083704103
3773779,25678,1682,4.0,1083704836
3773780,25678,1690,4.0,1083704119
3773781,25678,1732,4.5,1083705004
3773782,25678,1917,5.0,1083704822
3773783,25678,1918,4.5,1083706120
3773784,25678,1954,4.5,1083705011
3773785,25678,1961,5.0,1083704623
3773786,25678,1968,5.0,1083704630
3773787,25678,2000,4.5,1083704802
3773788,25678,2001,4.0,1083704063
3773789,25678,2002,4.5,1083706099
3773790,25678,2003,4.0,1083704146
3773791,25678,2011,4.5,1083704855
3773792,25678,2012,5.0,1083704897
3773793,25678,2028,4.5,1083704460
3773794,25678,2108,1.0,1083704171
3773795,25678,2115,4.5,1083704924
3773796,25678,2161,4.5,1083706154
3773797,25678,2174,3.5,1083704790
3773798,25678,2291,4.0,1083704826
3773799,25678,2302,4.0,1083704038
3773800,25678,2324,3.5,1083704860
3773801,25678,2353,4.5,1083705076
3773802,25678,2455,3.0,1083706000
3773803,25678,2502,3.0,1083705108
3773804,25678,2542,5.0,1083706082
3773805,25678,2571,5.0,1083704495
3773806,25678,2617,4.5,1083704993
3773807,25678,2683,1.0,1083704661
3773808,25678,2692,5.0,1083705038
3773809,25678,2699,4.5,1083704990
3773810,25678,2700,0.5,1083704917
3773811,25678,2706,1.5,1083704737
3773812,25678,2762,5.0,1083704521
3773813,25678,2791,0.5,1083704808
3773814,25678,2915,5.0,1083706182
3773815,25678,2916,4.0,1083704666
3773816,25678,2959,5.0,1083704732
3773817,25678,2985,5.0,1083705025
3773818,25678,2987,5.0,1083704699
3773819,25678,3033,4.5,1083706039
3773820,25678,3198,5.0,1083788428
3773821,25678,3418,4.0,1083704088
3773822,25678,3448,3.0,1083704177
3773823,25678,3471,5.0,1083704027
3773824,25678,3527,4.0,1083705932
3773825,25678,3948,2.0,1083705986
3773826,25678,3994,4.0,1083706010
3773827,25678,4022,3.0,1083704023
3773828,25678,4034,4.0,1083705100
3773829,25678,4103,5.0,1083788434
3773830,25678,4226,4.5,1083705080
3773831,25678,4262,5.0,1083788415
3773832,25678,4306,5.0,1083704956
3773833,25678,4963,2.0,1083706066
3773834,25678,4993,5.0,1083704968
3773835,25678,4995,5.0,1083706161
3773836,25678,7361,4.5,1083788356
3773837,25679,47,3.5,1174561749
3773838,25679,107,3.0,1174561096
3773839,25679,355,0.5,1174560809
3773840,25679,915,0.5,1174561251
3773841,25679,1200,3.0,1174561724
3773842,25679,1214,4.0,1174561709
3773843,25679,1219,3.0,1174561741
3773844,25679,1249,4.0,1174560853
3773845,25679,1258,4.0,1174561754
3773846,25679,1333,2.5,1174560799
3773847,25679,1345,3.5,1174560961
3773848,25679,1347,4.0,1174561057
3773849,25679,1644,1.0,1174561048
3773850,25679,2160,4.5,1174561065
3773851,25679,2278,4.0,1174560875
3773852,25679,2313,3.0,1174561112
3773853,25679,2393,2.5,1174560986
3773854,25679,2394,1.0,1174561125
3773855,25679,2424,0.5,1174560764
3773856,25679,2701,2.5,1174560836
3773857,25679,2986,2.0,1174561238
3773858,25679,3917,3.0,1174561780
3773859,25679,7116,3.5,1174561730
3773860,25679,27772,3.5,1174561789
3773861,25679,47952,1.0,1174561612
3773862,25679,48518,1.0,1174561600
3773863,25679,48780,3.5,1174561560
3773864,25679,48877,2.5,1174561583
3773865,25680,1,4.5,1331098760
3773866,25680,2,4.0,1331145165
3773867,25680,19,3.5,1331145183
3773868,25680,47,4.0,1331098243
3773869,25680,48,4.0,1332533898
3773870,25680,50,4.0,1331144267
3773871,25680,58,4.0,1331098989
3773872,25680,70,2.5,1331097643
3773873,25680,111,2.0,1331145298
3773874,25680,153,3.0,1331144403
3773875,25680,173,3.0,1331262392
3773876,25680,223,3.0,1331145186
3773877,25680,231,4.0,1331144657
3773878,25680,235,3.0,1331183503
3773879,25680,256,2.5,1331097772
3773880,25680,260,4.0,1331098921
3773881,25680,296,4.0,1331099051
3773882,25680,318,4.5,1331144453
3773883,25680,337,4.0,1331179424
3773884,25680,344,3.5,1331144428
3773885,25680,353,3.0,1331183510
3773886,25680,356,4.0,1331144357
3773887,25680,364,4.5,1331144411
3773888,25680,367,3.0,1331144585
3773889,25680,377,3.0,1331144580
3773890,25680,466,3.5,1331262465
3773891,25680,480,4.0,1331144815
3773892,25680,485,3.0,1331097567
3773893,25680,500,3.0,1331144564
3773894,25680,508,3.5,1331145311
3773895,25680,520,3.5,1331262354
3773896,25680,529,3.0,1331097670
3773897,25680,541,4.0,1331145135
3773898,25680,543,2.5,1331097597
3773899,25680,551,4.5,1331183336
3773900,25680,588,4.0,1331144675
3773901,25680,589,4.0,1331144292
3773902,25680,593,4.0,1331144526
3773903,25680,594,4.0,1331183456
3773904,25680,595,4.0,1331145241
3773905,25680,596,4.0,1332533885
3773906,25680,608,4.0,1331098895
3773907,25680,648,2.5,1331144274
3773908,25680,653,3.0,1332533719
3773909,25680,720,4.0,1331097940
3773910,25680,745,3.0,1331098450
3773911,25680,750,4.5,1331099068
3773912,25680,778,3.0,1331145074
3773913,25680,780,3.5,1331144367
3773914,25680,784,3.5,1331248787
3773915,25680,788,3.0,1331145222
3773916,25680,919,4.0,1331099227
3773917,25680,924,3.0,1331144863
3773918,25680,954,3.5,1331098912
3773919,25680,968,3.0,1331097985
3773920,25680,1035,2.5,1332533800
3773921,25680,1061,4.5,1331097815
3773922,25680,1073,4.0,1331144462
3773923,25680,1080,3.5,1331145079
3773924,25680,1089,4.0,1331099111
3773925,25680,1097,3.5,1331144346
3773926,25680,1136,5.0,1331098959
3773927,25680,1147,3.0,1331098547
3773928,25680,1148,3.5,1331248763
3773929,25680,1193,4.5,1331099105
3773930,25680,1196,4.5,1331098924
3773931,25680,1197,5.0,1331144484
3773932,25680,1198,4.5,1331098993
3773933,25680,1200,4.0,1331144951
3773934,25680,1206,3.5,1331145051
3773935,25680,1208,3.5,1331145190
3773936,25680,1210,4.0,1331098754
3773937,25680,1214,3.5,1331144470
3773938,25680,1215,4.0,1331144690
3773939,25680,1220,3.5,1331183331
3773940,25680,1222,3.5,1331099073
3773941,25680,1234,4.0,1331262446
3773942,25680,1240,3.5,1331144361
3773943,25680,1242,4.0,1331097640
3773944,25680,1246,3.0,1331098701
3773945,25680,1258,4.0,1331145313
3773946,25680,1265,4.0,1331144504
3773947,25680,1266,3.5,1331097610
3773948,25680,1270,4.0,1331099064
3773949,25680,1278,4.5,1332533700
3773950,25680,1282,4.0,1331262524
3773951,25680,1288,4.5,1331183386
3773952,25680,1291,4.0,1331099080
3773953,25680,1304,4.5,1331183373
3773954,25680,1320,3.0,1331097571
3773955,25680,1358,4.0,1331097557
3773956,25680,1387,4.0,1331099196
3773957,25680,1391,4.0,1331145329
3773958,25680,1393,3.0,1331145320
3773959,25680,1407,3.0,1332533572
3773960,25680,1485,3.5,1331145145
3773961,25680,1517,3.5,1331144801
3773962,25680,1527,3.0,1331144634
3773963,25680,1544,3.0,1331183500
3773964,25680,1552,3.0,1331248802
3773965,25680,1580,3.5,1331144588
3773966,25680,1625,4.0,1331145395
3773967,25680,1676,4.0,1331145234
3773968,25680,1704,4.0,1331144476
3773969,25680,1721,3.0,1331144375
3773970,25680,1732,4.5,1331144963
3773971,25680,1876,3.0,1331262311
3773972,25680,1917,3.5,1331144560
3773973,25680,1968,3.5,1331145043
3773974,25680,2003,4.0,1331262603
3773975,25680,2005,4.0,1332533918
3773976,25680,2028,4.5,1331099006
3773977,25680,2054,2.5,1331145066
3773978,25680,2081,3.5,1332533562
3773979,25680,2109,5.0,1331248709
3773980,25680,2115,4.0,1331144955
3773981,25680,2167,3.0,1331262454
3773982,25680,2174,3.5,1331144838
3773983,25680,2291,4.0,1331144845
3773984,25680,2329,4.0,1331144852
3773985,25680,2355,3.5,1331144661
3773986,25680,2420,3.0,1331097963
3773987,25680,2455,3.0,1331262562
3773988,25680,2502,4.0,1331099102
3773989,25680,2571,4.5,1331099093
3773990,25680,2617,3.5,1331145148
3773991,25680,2628,3.0,1331144300
3773992,25680,2657,4.5,1331145316
3773993,25680,2691,4.0,1331183552
3773994,25680,2700,3.5,1331144723
3773995,25680,2701,3.0,1331262375
3773996,25680,2706,1.5,1331144618
3773997,25680,2710,3.5,1331144960
3773998,25680,2716,3.5,1331144280
3773999,25680,2762,3.5,1331144355
3774000,25680,2791,4.5,1331144940
3774001,25680,2797,3.0,1331144832
3774002,25680,2804,3.5,1331099182
3774003,25680,2918,3.5,1331098629
3774004,25680,2959,5.0,1331099188
3774005,25680,2985,3.5,1331183357
3774006,25680,2987,3.5,1331144507
3774007,25680,2997,4.0,1331099159
3774008,25680,3033,4.0,1332533858
3774009,25680,3104,3.0,1332533345
3774010,25680,3114,3.5,1331144499
3774011,25680,3147,3.5,1331098632
3774012,25680,3175,2.0,1331145272
3774013,25680,3253,3.5,1331145324
3774014,25680,3275,4.5,1331099164
3774015,25680,3471,3.5,1331145160
3774016,25680,3510,3.0,1331098016
3774017,25680,3527,4.0,1331145286
3774018,25680,3671,4.5,1332533938
3774019,25680,3717,3.0,1331262572
3774020,25680,3751,3.5,1332533441
3774021,25680,3755,3.0,1331097766
3774022,25680,3863,4.0,1332533958
3774023,25680,3996,2.5,1332533398
3774024,25680,4018,3.0,1331262567
3774025,25680,4022,4.0,1331144860
3774026,25680,4027,3.5,1331144828
3774027,25680,4226,4.0,1331099096
3774028,25680,4306,3.5,1331144310
3774029,25680,4308,3.0,1331183320
3774030,25680,4370,3.5,1331145290
3774031,25680,4571,3.5,1331262594
3774032,25680,4643,3.5,1332533810
3774033,25680,4718,1.0,1331262497
3774034,25680,4720,3.5,1331183516
3774035,25680,4878,4.0,1331144792
3774036,25680,4886,4.0,1331144973
3774037,25680,4963,3.0,1331144271
3774038,25680,4993,4.0,1332533534
3774039,25680,4995,3.5,1331144670
3774040,25680,5218,3.5,1331183483
3774041,25680,5349,3.5,1331098358
3774042,25680,5378,3.5,1331144449
3774043,25680,5418,3.5,1331144443
3774044,25680,5502,3.5,1331145387
3774045,25680,5618,4.0,1331098476
3774046,25680,5669,3.5,1331145011
3774047,25680,5679,3.5,1331183407
3774048,25680,5690,4.0,1331098789
3774049,25680,5952,4.0,1331144284
3774050,25680,5956,4.5,1331262611
3774051,25680,5971,3.5,1331098521
3774052,25680,5989,3.5,1331144440
3774053,25680,6297,3.0,1331183590
3774054,25680,6365,3.0,1331144492
3774055,25680,6373,3.5,1331183353
3774056,25680,6377,3.5,1331144304
3774057,25680,6378,3.0,1331145380
3774058,25680,6502,4.0,1331145032
3774059,25680,6537,2.5,1331248808
3774060,25680,6539,3.5,1331144339
3774061,25680,6773,5.0,1331179406
3774062,25680,6874,3.0,1331144381
3774063,25680,6890,3.0,1331183616
3774064,25680,6934,3.0,1331144981
3774065,25680,7099,4.0,1331098768
3774066,25680,7147,3.5,1331145024
3774067,25680,7153,4.0,1331144342
3774068,25680,7254,3.0,1331183410
3774069,25680,7360,3.5,1331179292
3774070,25680,7361,5.0,1331098623
3774071,25680,7438,3.0,1331144609
3774072,25680,8360,3.0,1331144510
3774073,25680,8464,3.5,1331183326
3774074,25680,8622,3.0,1331145305
3774075,25680,8636,3.5,1331098361
3774076,25680,8644,3.5,1331145220
3774077,25680,8874,5.0,1331145340
3774078,25680,8949,3.5,1331144714
3774079,25680,8961,3.5,1331144488
3774080,25680,30749,4.0,1331183402
3774081,25680,30793,3.5,1331145373
3774082,25680,30810,4.0,1331179284
3774083,25680,31878,3.0,1331179385
3774084,25680,32587,4.0,1331144517
3774085,25680,33004,4.0,1331262426
3774086,25680,33166,3.0,1331145354
3774087,25680,33493,3.5,1331144910
3774088,25680,33794,3.5,1331144842
3774089,25680,34048,3.5,1331248794
3774090,25680,34405,3.5,1331099132
3774091,25680,40819,3.5,1331248777
3774092,25680,41566,3.0,1332533715
3774093,25680,41569,4.0,1331262321
3774094,25680,44191,4.0,1331144446
3774095,25680,44195,3.5,1331183347
3774096,25680,44665,3.5,1331262471
3774097,25680,44761,5.0,1331179300
3774098,25680,45447,3.5,1331262508
3774099,25680,46578,4.0,1331144664
3774100,25680,46976,3.0,1331262283
3774101,25680,47610,4.0,1331262409
3774102,25680,48385,3.5,1331145142
3774103,25680,48394,4.0,1331144638
3774104,25680,48516,3.5,1332533419
3774105,25680,48774,4.0,1331145208
3774106,25680,48780,3.5,1331144900
3774107,25680,50872,4.0,1331145058
3774108,25680,51255,4.0,1331145230
3774109,25680,51662,3.5,1331144795
3774110,25680,52722,2.5,1331098363
3774111,25680,53996,3.5,1331262278
3774112,25680,54272,2.5,1331183415
3774113,25680,54286,3.0,1331099177
3774114,25680,54503,2.5,1331145402
3774115,25680,55269,3.5,1331179289
3774116,25680,55442,3.5,1331099209
3774117,25680,55820,5.0,1331145040
3774118,25680,56174,3.5,1331145358
3774119,25680,56367,3.5,1331144467
3774120,25680,56782,3.5,1331262488
3774121,25680,58559,4.5,1331098425
3774122,25680,59315,4.0,1331144871
3774123,25680,59615,2.5,1332533851
3774124,25680,60069,4.0,1331144409
3774125,25680,60684,3.0,1332533722
3774126,25680,61323,3.0,1332533930
3774127,25680,63082,4.0,1331144644
3774128,25680,64614,3.5,1331183391
3774129,25680,64839,3.5,1332533914
3774130,25680,64957,3.5,1331262422
3774131,25680,66934,3.5,1331098490
3774132,25680,68157,4.0,1331144923
3774133,25680,68237,4.0,1331098963
3774134,25680,68358,3.5,1331099136
3774135,25680,68954,4.0,1331144570
3774136,25680,69122,4.0,1331145122
3774137,25680,69481,4.5,1331262614
3774138,25680,70286,4.0,1331144957
3774139,25680,71535,3.5,1331145275
3774140,25680,72171,4.5,1331262646
3774141,25680,72998,4.0,1331144330
3774142,25680,73017,3.0,1331145177
3774143,25680,74458,3.5,1331145131
3774144,25680,74789,3.0,1331248838
3774145,25680,74948,3.0,1331183643
3774146,25680,76093,4.0,1331248830
3774147,25680,76251,2.5,1331145259
3774148,25680,77561,2.5,1331183431
3774149,25680,78349,3.0,1331183629
3774150,25680,78499,4.0,1331144928
3774151,25680,78746,3.0,1331098284
3774152,25680,79132,3.5,1331098445
3774153,25680,79684,3.5,1331098262
3774154,25680,79702,3.5,1331248835
3774155,25680,81845,3.5,1331098828
3774156,25680,82459,3.5,1331145127
3774157,25680,85259,4.0,1332533921
3774158,25680,85401,4.5,1331179575
3774159,25680,87232,3.0,1331145007
3774160,25680,87287,3.0,1332533774
3774161,25680,87306,4.0,1331179588
3774162,25680,90746,3.5,1331179500
3774163,25680,91500,3.5,1333126426
3774164,25680,91542,3.0,1331179489
3774165,25680,91630,3.0,1331179510
3774166,25681,6,4.0,836087672
3774167,25681,10,3.0,836087157
3774168,25681,16,4.0,836087732
3774169,25681,21,4.0,836087212
3774170,25681,23,3.0,836088077
3774171,25681,25,3.0,867123212
3774172,25681,32,5.0,836089606
3774173,25681,36,3.0,858822113
3774174,25681,45,3.0,837085252
3774175,25681,47,5.0,851792095
3774176,25681,50,5.0,836087243
3774177,25681,81,3.0,852697134
3774178,25681,100,3.0,851685749
3774179,25681,122,3.0,836088113
3774180,25681,145,3.0,836087814
3774181,25681,150,4.0,836086995
3774182,25681,153,3.0,836175620
3774183,25681,160,3.0,836087271
3774184,25681,161,3.0,836087126
3774185,25681,165,4.0,836087069
3774186,25681,185,3.0,836087157
3774187,25681,194,4.0,852105066
3774188,25681,198,4.0,836090951
3774189,25681,208,3.0,836087157
3774190,25681,225,4.0,866459799
3774191,25681,227,3.0,836087703
3774192,25681,231,4.0,851792424
3774193,25681,246,4.0,852131165
3774194,25681,248,3.0,836088002
3774195,25681,259,3.0,836088433
3774196,25681,260,4.0,851687570
3774197,25681,292,3.0,851792095
3774198,25681,296,5.0,836086995
3774199,25681,300,4.0,851687513
3774200,25681,307,3.0,859783392
3774201,25681,315,3.0,836087325
3774202,25681,316,3.0,836087096
3774203,25681,318,5.0,836087096
3774204,25681,319,3.0,844304698
3774205,25681,329,3.0,836087096
3774206,25681,339,4.0,852697154
3774207,25681,344,3.0,836175722
3774208,25681,349,3.0,836087069
3774209,25681,350,3.0,836087425
3774210,25681,356,3.0,836087271
3774211,25681,357,3.0,836087552
3774212,25681,370,3.0,836088002
3774213,25681,372,4.0,836088316
3774214,25681,376,3.0,836088001
3774215,25681,377,5.0,851792095
3774216,25681,380,3.0,836086996
3774217,25681,420,3.0,836087243
3774218,25681,423,3.0,851790943
3774219,25681,424,3.0,866459811
3774220,25681,427,3.0,851792559
3774221,25681,434,3.0,836087126
3774222,25681,440,3.0,836087396
3774223,25681,442,3.0,836087509
3774224,25681,448,3.0,836088887
3774225,25681,449,3.0,867123329
3774226,25681,454,4.0,836087243
3774227,25681,457,4.0,836175578
3774228,25681,463,3.0,853377807
3774229,25681,466,3.0,836088030
3774230,25681,474,3.0,836087703
3774231,25681,480,3.0,836087325
3774232,25681,485,3.0,836087949
3774233,25681,491,3.0,851788653
3774234,25681,492,3.0,851789941
3774235,25681,520,3.0,836088077
3774236,25681,540,3.0,836175685
3774237,25681,541,3.0,851688494
3774238,25681,544,3.0,836088816
3774239,25681,550,3.0,837333794
3774240,25681,552,2.0,836087851
3774241,25681,555,3.0,836087552
3774242,25681,586,2.0,836087586
3774243,25681,587,4.0,836087552
3774244,25681,589,4.0,836087367
3774245,25681,590,4.0,851792343
3774246,25681,592,3.0,836091005
3774247,25681,593,4.0,842488533
3774248,25681,597,3.0,836087586
3774249,25681,608,4.0,851685749
3774250,25681,616,2.0,836088077
3774251,25681,628,4.0,855377883
3774252,25681,648,4.0,851792506
3774253,25681,733,4.0,842488464
3774254,25681,736,3.0,851792506
3774255,25681,750,5.0,851793485
3774256,25681,778,3.0,839685218
3774257,25681,780,3.0,848742507
3774258,25681,784,3.0,867647811
3774259,25681,786,3.0,846812829
3774260,25681,798,3.0,851686707
3774261,25681,805,3.0,848742491
3774262,25681,832,3.0,853377776
3774263,25681,924,3.0,851792263
3774264,25681,1010,3.0,851791554
3774265,25681,1011,2.0,851791612
3774266,25681,1036,4.0,851687246
3774267,25681,1047,4.0,851686171
3774268,25681,1079,4.0,851687970
3774269,25681,1080,3.0,851687970
3774270,25681,1089,5.0,851687970
3774271,25681,1091,3.0,851790138
3774272,25681,1092,4.0,851688657
3774273,25681,1101,3.0,851792861
3774274,25681,1136,4.0,851789764
3774275,25681,1186,3.0,851788562
3774276,25681,1193,4.0,851788305
3774277,25681,1196,4.0,851790789
3774278,25681,1198,4.0,851790788
3774279,25681,1206,3.0,851788363
3774280,25681,1210,4.0,851790788
3774281,25681,1225,4.0,851788592
3774282,25681,1240,4.0,851790788
3774283,25681,1246,4.0,851788441
3774284,25681,1247,3.0,851792343
3774285,25681,1250,3.0,851788441
3774286,25681,1265,4.0,851789723
3774287,25681,1270,5.0,851789724
3774288,25681,1275,3.0,851790837
3774289,25681,1279,3.0,851788704
3774290,25681,1287,3.0,851788562
3774291,25681,1291,4.0,851789723
3774292,25681,1302,3.0,851788441
3774293,25681,1343,3.0,851791236
3774294,25681,1356,3.0,855991589
3774295,25681,1370,4.0,851792697
3774296,25681,1371,3.0,851788138
3774297,25681,1372,3.0,851788138
3774298,25681,1373,3.0,851788138
3774299,25681,1374,4.0,851788138
3774300,25681,1375,3.0,851792861
3774301,25681,1376,4.0,851788138
3774302,25681,1377,3.0,851791022
3774303,25681,1391,3.0,857347983
3774304,25681,1393,4.0,864310289
3774305,25681,1396,4.0,851788801
3774306,25681,1464,4.0,864985183
3774307,25681,1476,4.0,867123155
3774308,25681,1479,3.0,864985571
3774309,25681,1527,4.0,866032238
3774310,25681,1552,3.0,867467223
3774311,25681,1580,4.0,868619846
3774312,25682,6,5.0,939148728
3774313,25682,62,1.0,939148729
3774314,25682,160,1.0,939148865
3774315,25682,300,2.0,939148101
3774316,25682,373,1.0,939147979
3774317,25682,477,3.0,939148101
3774318,25682,500,2.0,939148728
3774319,25682,506,4.0,939148191
3774320,25682,532,4.0,939148806
3774321,25682,539,2.0,939148191
3774322,25682,562,3.0,939147979
3774323,25682,586,3.0,939148806
3774324,25682,762,1.0,939148865
3774325,25682,764,4.0,939148728
3774326,25682,902,5.0,939147979
3774327,25682,926,5.0,939147979
3774328,25682,928,3.0,939147979
3774329,25682,968,3.0,939148729
3774330,25682,1103,3.0,939147979
3774331,25682,1148,3.0,939147979
3774332,25682,1295,2.0,939147979
3774333,25682,1394,2.0,939147979
3774334,25682,1513,3.0,939148101
3774335,25682,1633,2.0,939147979
3774336,25682,1721,1.0,939148101
3774337,25682,1923,3.0,939148101
3774338,25682,1982,5.0,939148728
3774339,25682,2243,5.0,939147979
3774340,25682,2367,3.0,939148101
3774341,25682,2396,3.0,939148191
3774342,25682,2433,1.0,939148729
3774343,25682,2439,2.0,939148101
3774344,25682,2448,3.0,939148736
3774345,25682,2567,3.0,939148191
3774346,25682,2648,4.0,939148101
3774347,25682,2710,5.0,939142535
3774348,25682,2712,4.0,939142567
3774349,25682,2731,3.0,939147979
3774350,25682,2762,3.0,939142480
3774351,25682,2829,2.0,939147325
3774352,25682,2852,3.0,939147979
3774353,25682,2866,4.0,939148101
3774354,25682,2871,5.0,939147979
3774355,25682,2875,2.0,939148729
3774356,25682,2877,3.0,939148729
3774357,25682,2900,4.0,939148807
3774358,25682,2950,2.0,939148806
3774359,25683,1,5.0,1339935685
3774360,25683,10,3.0,1339935885
3774361,25683,32,3.5,1339810115
3774362,25683,34,4.5,1339935856
3774363,25683,36,4.0,1360530055
3774364,25683,47,3.5,1339935761
3774365,25683,50,5.0,1339935733
3774366,25683,62,2.0,1360530050
3774367,25683,65,1.0,1339809722
3774368,25683,101,4.0,1360886360
3774369,25683,104,3.0,1360530046
3774370,25683,110,4.0,1339935676
3774371,25683,111,4.0,1339935612
3774372,25683,150,4.5,1339935683
3774373,25683,153,2.0,1360546661
3774374,25683,165,3.0,1339935788
3774375,25683,208,1.0,1339935925
3774376,25683,231,3.0,1339935828
3774377,25683,253,3.0,1339935933
3774378,25683,260,4.5,1339935298
3774379,25683,296,4.0,1339935661
3774380,25683,300,4.0,1360530042
3774381,25683,318,5.0,1339935670
3774382,25683,329,4.0,1360545689
3774383,25683,344,3.5,1339935754
3774384,25683,349,4.0,1339935850
3774385,25683,356,4.0,1339935663
3774386,25683,357,3.5,1339935936
3774387,25683,364,4.0,1339935774
3774388,25683,367,2.0,1339935825
3774389,25683,377,3.0,1339935757
3774390,25683,380,3.0,1339935717
3774391,25683,457,5.0,1339935679
3774392,25683,474,3.5,1360886180
3774393,25683,480,4.0,1339935667
3774394,25683,500,3.5,1339935816
3774395,25683,527,4.5,1339935714
3774396,25683,539,4.0,1339935909
3774397,25683,541,4.0,1339935919
3774398,25683,562,3.0,1339809643
3774399,25683,586,3.0,1339935940
3774400,25683,587,3.0,1339935897
3774401,25683,588,4.0,1339935728
3774402,25683,589,4.0,1339935688
3774403,25683,590,3.5,1339935704
3774404,25683,592,3.5,1339935692
3774405,25683,593,4.0,1339935291
3774406,25683,595,4.0,1339935777
3774407,25683,597,3.5,1339935836
3774408,25683,608,4.5,1339935746
3774409,25683,648,2.5,1339935765
3774410,25683,678,5.0,1339935437
3774411,25683,733,3.0,1339935846
3774412,25683,736,3.0,1339935799
3774413,25683,780,3.0,1339935698
3774414,25683,858,4.5,1339935222
3774415,25683,903,5.0,1339935371
3774416,25683,904,4.5,1339935153
3774417,25683,908,4.5,1339935207
3774418,25683,913,4.5,1339935332
3774419,25683,919,4.5,1360886368
3774420,25683,923,4.5,1339935376
3774421,25683,924,4.5,1360509772
3774422,25683,1036,4.0,1339935398
3774423,25683,1089,4.0,1339935481
3774424,25683,1090,4.0,1339935475
3774425,25683,1097,4.5,1339935839
3774426,25683,1104,4.5,1339809626
3774427,25683,1136,5.0,1339935453
3774428,25683,1175,4.0,1339810054
3774429,25683,1179,4.5,1339809628
3774430,25683,1193,5.0,1339935518
3774431,25683,1196,5.0,1339935366
3774432,25683,1197,4.5,1339935571
3774433,25683,1198,5.0,1339935282
3774434,25683,1200,4.0,1360530032
3774435,25683,1201,4.0,1339935275
3774436,25683,1203,4.5,1339935214
3774437,25683,1204,4.5,1339935386
3774438,25683,1206,4.5,1339935415
3774439,25683,1207,5.0,1339935238
3774440,25683,1210,5.0,1339935701
3774441,25683,1214,4.5,1339935904
3774442,25683,1215,4.0,1360885926
3774443,25683,1219,4.0,1339935307
3774444,25683,1220,3.0,1360885989
3774445,25683,1221,4.5,1339935178
3774446,25683,1222,4.5,1339935173
3774447,25683,1234,4.5,1339935310
3774448,25683,1240,4.0,1339935576
3774449,25683,1246,3.5,1360530028
3774450,25683,1247,4.5,1339935492
3774451,25683,1252,5.0,1339935038
3774452,25683,1254,4.5,1339935317
3774453,25683,1261,4.5,1360886070
3774454,25683,1265,4.0,1339935881
3774455,25683,1266,4.0,1339935546
3774456,25683,1270,4.0,1339935749
3774457,25683,1274,4.0,1360886012
3774458,25683,1276,5.0,1339935046
3774459,25683,1291,4.5,1339935901
3774460,25683,1304,5.0,1360885931
3774461,25683,1356,4.0,1360530224
3774462,25683,1374,3.5,1360886055
3774463,25683,1375,3.0,1360886269
3774464,25683,1385,2.5,1339809670
3774465,25683,1408,4.0,1360886186
3774466,25683,1527,3.0,1339810139
3774467,25683,1580,3.5,1339935811
3774468,25683,1587,2.0,1339809631
3774469,25683,1610,3.5,1360886026
3774470,25683,1617,4.0,1339935930
3774471,25683,1680,2.5,1339809601
3774472,25683,1682,4.0,1339810130
3774473,25683,1704,3.5,1360530023
3774474,25683,1721,4.0,1339935813
3774475,25683,1732,5.0,1339935271
3774476,25683,1921,4.5,1362189682
3774477,25683,1953,4.0,1339935050
3774478,25683,2000,3.5,1360886097
3774479,25683,2005,3.5,1360885960
3774480,25683,2011,3.5,1360530017
3774481,25683,2019,5.0,1339935116
3774482,25683,2028,4.5,1339935140
3774483,25683,2046,4.0,1339809702
3774484,25683,2064,4.0,1360886624
3774485,25683,2067,5.0,1360886491
3774486,25683,2108,2.0,1339809593
3774487,25683,2115,5.0,1360885993
3774488,25683,2132,4.5,1360545560
3774489,25683,2194,4.0,1360886074
3774490,25683,2324,4.0,1339935262
3774491,25683,2329,4.0,1339935323
3774492,25683,2393,3.0,1360886277
3774493,25683,2405,4.0,1339809662
3774494,25683,2495,5.0,1356878974
3774495,25683,2529,4.5,1360886190
3774496,25683,2571,4.5,1339935723
3774497,25683,2628,2.5,1339935868
3774498,25683,2692,4.5,1360886032
3774499,25683,2716,4.5,1339935922
3774500,25683,2717,3.0,1362262097
3774501,25683,2762,4.0,1339935782
3774502,25683,2797,4.5,1360530015
3774503,25683,2858,4.0,1339935738
3774504,25683,2859,4.5,1360886609
3774505,25683,2916,2.5,1362262079
3774506,25683,2944,4.5,1339809597
3774507,25683,2947,4.5,1360886000
3774508,25683,2948,4.5,1360885953
3774509,25683,2949,4.5,1360885950
3774510,25683,2951,4.5,1360886043
3774511,25683,2959,3.5,1339935808
3774512,25683,2997,4.5,1360530701
3774513,25683,3000,4.5,1339935533
3774514,25683,3100,4.0,1339809683
3774515,25683,3114,4.5,1360530012
3774516,25683,3175,4.0,1362262116
3774517,25683,3255,3.0,1360530135
3774518,25683,3256,4.0,1360886038
3774519,25683,3467,4.5,1360886523
3774520,25683,3468,4.0,1339935055
3774521,25683,3471,4.0,1362189668
3774522,25683,3503,4.5,1360385285
3774523,25683,3578,4.0,1339935874
3774524,25683,3617,1.0,1339809613
3774525,25683,3671,4.5,1360886518
3774526,25683,3681,4.5,1360886059
3774527,25683,3703,4.0,1360886223
3774528,25683,3704,4.0,1339809708
3774529,25683,3793,3.5,1360530008
3774530,25683,3809,4.0,1339809685
3774531,25683,3949,4.5,1339935184
3774532,25683,3996,5.0,1360886020
3774533,25683,4085,3.0,1360886183
3774534,25683,4226,4.5,1339935235
3774535,25683,4306,3.5,1339935877
3774536,25683,4370,2.5,1360530119
3774537,25683,4553,2.5,1362262156
3774538,25683,4776,3.5,1360530113
3774539,25683,4878,4.0,1339935161
3774540,25683,4973,4.5,1339935348
3774541,25683,4979,4.5,1360530739
3774542,25683,4993,4.0,1339935507
3774543,25683,5349,3.5,1360529650
3774544,25683,5385,5.0,1360886656
3774545,25683,5418,4.0,1360886121
3774546,25683,5445,4.0,1360886201
3774547,25683,5464,4.5,1360530104
3774548,25683,5481,3.0,1360530107
3774549,25683,5618,4.5,1339935187
3774550,25683,5669,4.0,1360530097
3774551,25683,5902,4.5,1360530722
3774552,25683,5952,4.5,1339935862
3774553,25683,6333,4.0,1360886228
3774554,25683,6365,4.0,1360530094
3774555,25683,6380,4.5,1360886635
3774556,25683,6440,3.5,1360530715
3774557,25683,6502,4.0,1339935005
3774558,25683,6863,3.0,1360530089
3774559,25683,6874,4.0,1360886081
3774560,25683,7153,4.0,1339935138
3774561,25683,7156,4.5,1339935463
3774562,25683,7361,5.0,1339935217
3774563,25683,7438,4.5,1360530084
3774564,25683,7502,5.0,1339935125
3774565,25683,7669,4.5,1339935529
3774566,25683,8464,3.5,1360530080
3774567,25683,8636,3.0,1362262008
3774568,25683,8645,5.0,1360886467
3774569,25683,8690,4.0,1362262004
3774570,25683,8874,4.5,1339935103
3774571,25683,8914,4.0,1360530342
3774572,25683,8961,4.5,1339935167
3774573,25683,8983,3.5,1360885968
3774574,25683,26649,4.5,1360886548
3774575,25683,27311,3.0,1362261979
3774576,25683,27611,4.0,1360530574
3774577,25683,27660,3.0,1362262030
3774578,25683,27773,3.5,1339935516
3774579,25683,27846,4.0,1360886673
3774580,25683,30749,4.5,1339935599
3774581,25683,30810,4.0,1341196925
3774582,25683,33794,4.0,1339935096
3774583,25683,34405,4.5,1339810066
3774584,25683,35836,3.0,1360530069
3774585,25683,41997,4.0,1360886003
3774586,25683,44191,4.0,1339935024
3774587,25683,46578,4.5,1339935108
3774588,25683,48516,4.5,1339935084
3774589,25683,48774,5.0,1339809931
3774590,25683,48780,4.5,1339935100
3774591,25683,49272,3.5,1339935028
3774592,25683,49530,3.5,1360886169
3774593,25683,50872,4.0,1339935073
3774594,25683,51255,4.0,1339810110
3774595,25683,54286,3.5,1360886090
3774596,25683,54881,5.0,1341196920
3774597,25683,55269,3.0,1360530751
3774598,25683,55820,5.0,1339935001
3774599,25683,56174,3.5,1339810320
3774600,25683,58559,5.0,1339935098
3774601,25683,59315,3.5,1339935198
3774602,25683,59784,3.5,1360886094
3774603,25683,60069,4.5,1339935980
3774604,25683,60684,4.0,1345173960
3774605,25683,60766,5.0,1360886715
3774606,25683,61240,4.5,1339935014
3774607,25683,63082,4.0,1360530073
3774608,25683,63876,4.0,1356155145
3774609,25683,66934,4.0,1339935128
3774610,25683,67255,4.5,1360886473
3774611,25683,68157,4.0,1339935065
3774612,25683,68237,5.0,1339935019
3774613,25683,68319,3.0,1364732148
3774614,25683,68358,3.5,1339935157
3774615,25683,68954,5.0,1339935119
3774616,25683,70286,4.5,1339935008
3774617,25683,71535,4.0,1339935210
3774618,25683,72011,4.0,1360886573
3774619,25683,73017,2.5,1360886198
3774620,25683,77455,4.0,1360545492
3774621,25683,77561,3.5,1360529584
3774622,25683,78499,5.0,1339935581
3774623,25683,79132,5.0,1339935113
3774624,25683,79274,4.0,1360509593
3774625,25683,81562,4.0,1341196908
3774626,25683,81834,4.5,1341196914
3774627,25683,81845,5.0,1339935556
3774628,25683,82459,4.5,1360886529
3774629,25683,84414,3.5,1362261974
3774630,25683,86332,3.5,1360529554
3774631,25683,86377,4.5,1339935565
3774632,25683,87232,3.5,1362203159
3774633,25683,88125,4.5,1360885941
3774634,25683,88140,3.0,1360529622
3774635,25683,89745,4.0,1339809888
3774636,25683,89780,2.0,1362262065
3774637,25683,90603,4.0,1360509600
3774638,25683,90866,4.5,1341196916
3774639,25683,91529,4.5,1345173932
3774640,25683,92535,4.5,1339935249
3774641,25683,93040,4.5,1339935359
3774642,25683,93840,4.0,1341196862
3774643,25683,94864,2.0,1360885976
3774644,25683,95510,3.0,1345174016
3774645,25683,96079,4.0,1360886164
3774646,25683,96610,4.5,1360881722
3774647,25683,96728,3.5,1363501211
3774648,25683,98056,3.5,1361386698
3774649,25683,98124,4.0,1360509587
3774650,25683,98154,4.0,1360509688
3774651,25683,98961,4.0,1360509668
3774652,25683,99114,3.5,1360509645
3774653,25684,1,4.0,1119375460
3774654,25684,6,4.0,1119376216
3774655,25684,32,3.5,1119376109
3774656,25684,34,4.5,1119376140
3774657,25684,39,4.0,1119376205
3774658,25684,47,5.0,1119375575
3774659,25684,50,3.5,1119375566
3774660,25684,153,2.0,1119376122
3774661,25684,185,2.5,1119376182
3774662,25684,208,1.0,1119376186
3774663,25684,231,3.0,1119376153
3774664,25684,235,3.5,1119375418
3774665,25684,253,3.0,1119376181
3774666,25684,260,2.5,1119375491
3774667,25684,265,3.0,1119399186
3774668,25684,266,3.0,1119375218
3774669,25684,292,1.5,1119376163
3774670,25684,296,5.0,1119376070
3774671,25684,316,4.0,1119376128
3774672,25684,318,5.0,1119375508
3774673,25684,329,2.5,1119376144
3774674,25684,337,2.5,1119375427
3774675,25684,344,1.5,1119376116
3774676,25684,349,2.5,1119376120
3774677,25684,356,4.5,1119376075
3774678,25684,357,4.0,1119376173
3774679,25684,364,4.0,1119376136
3774680,25684,367,3.5,1119376155
3774681,25684,377,5.0,1119376114
3774682,25684,380,4.0,1119376093
3774683,25684,434,3.0,1119376171
3774684,25684,442,2.5,1119375213
3774685,25684,454,2.0,1119376175
3774686,25684,457,4.0,1119376081
3774687,25684,480,5.0,1119376077
3774688,25684,500,4.0,1119376152
3774689,25684,527,5.0,1119376107
3774690,25684,539,4.0,1119376169
3774691,25684,541,4.5,1119482217
3774692,25684,587,4.0,1119376168
3774693,25684,588,3.0,1119376105
3774694,25684,589,5.0,1119375541
3774695,25684,592,4.0,1119376084
3774696,25684,593,5.0,1119375605
3774697,25684,594,3.5,1119375227
3774698,25684,597,4.0,1119376150
3774699,25684,608,4.5,1119376110
3774700,25684,648,1.5,1119376117
3774701,25684,707,3.5,1119482304
3774702,25684,708,1.0,1119375230
3774703,25684,733,3.5,1119376146
3774704,25684,736,3.0,1119376133
3774705,25684,780,3.0,1119376097
3774706,25684,904,4.5,1119398948
3774707,25684,908,4.0,1119482116
3774708,25684,922,3.0,1119482222
3774709,25684,923,5.0,1119399067
3774710,25684,953,3.5,1119399025
3774711,25684,994,4.5,1119399118
3774712,25684,1036,4.5,1119375473
3774713,25684,1073,5.0,1119376179
3774714,25684,1079,3.5,1119482154
3774715,25684,1084,3.5,1119399089
3774716,25684,1089,4.5,1119375224
3774717,25684,1097,4.0,1119376164
3774718,25684,1101,3.0,1119375422
3774719,25684,1172,4.5,1119399104
3774720,25684,1179,4.5,1119482281
3774721,25684,1196,4.5,1119375499
3774722,25684,1197,5.0,1119375547
3774723,25684,1198,4.5,1119375483
3774724,25684,1200,5.0,1119375578
3774725,25684,1203,3.0,1119482097
3774726,25684,1207,4.0,1119398991
3774727,25684,1208,4.5,1119482142
3774728,25684,1210,4.5,1119375527
3774729,25684,1214,4.0,1119375757
3774730,25684,1215,4.0,1119375827
3774731,25684,1219,4.0,1119375788
3774732,25684,1220,4.0,1119375416
3774733,25684,1240,5.0,1119375601
3774734,25684,1244,4.0,1119399163
3774735,25684,1247,4.0,1119399076
3774736,25684,1248,4.0,1119482246
3774737,25684,1250,3.5,1119482114
3774738,25684,1257,3.5,1119375524
3774739,25684,1258,3.0,1119375762
3774740,25684,1259,4.0,1119482100
3774741,25684,1260,3.5,1119482254
3774742,25684,1261,4.5,1119375819
3774743,25684,1265,3.0,1119376215
3774744,25684,1267,4.5,1119399021
3774745,25684,1270,4.0,1119375495
3774746,25684,1278,4.0,1119375791
3774747,25684,1291,3.0,1119375468
3774748,25684,1307,4.5,1119399081
3774749,25684,1387,5.0,1119375786
3774750,25684,1484,2.5,1119399203
3774751,25684,1517,4.5,1119375413
3774752,25684,1580,3.5,1119376210
3774753,25684,1584,3.5,1119375208
3774754,25684,1610,3.5,1119375216
3774755,25684,1617,4.5,1119376207
3774756,25684,1641,4.0,1119399153
3774757,25684,1663,3.5,1119375613
3774758,25684,1674,3.5,1119399051
3774759,25684,1704,3.0,1119482125
3774760,25684,1721,5.0,1119376208
3774761,25684,1917,3.0,1119375408
3774762,25684,1968,4.5,1119399005
3774763,25684,1997,4.5,1119375767
3774764,25684,2020,3.5,1119399112
3774765,25684,2028,4.5,1119375539
3774766,25684,2194,3.5,1119375489
3774767,25684,2203,4.0,1119482230
3774768,25684,2248,4.0,1119398998
3774769,25684,2288,4.5,1119375813
3774770,25684,2329,4.0,1119375573
3774771,25684,2352,4.0,1119399158
3774772,25684,2396,4.5,1119399097
3774773,25684,2502,3.0,1119375641
3774774,25684,2542,4.0,1119399002
3774775,25684,2571,5.0,1119375550
3774776,25684,2677,4.0,1119399212
3774777,25684,2716,4.0,1119375481
3774778,25684,2762,5.0,1119375497
3774779,25684,2804,5.0,1119375610
3774780,25684,2858,5.0,1119376142
3774781,25684,2917,3.0,1119399106
3774782,25684,2918,4.5,1119375529
3774783,25684,2959,4.5,1119482118
3774784,25684,2987,5.0,1119375233
3774785,25684,3039,4.0,1119375598
3774786,25684,3083,4.5,1119399174
3774787,25684,3098,1.0,1119375544
3774788,25684,3114,4.0,1119375426
3774789,25684,3252,3.0,1119399109
3774790,25684,3273,2.0,1119483486
3774791,25684,3421,4.5,1119375603
3774792,25684,3471,4.0,1119398954
3774793,25684,3499,2.0,1119375564
3774794,25684,3535,3.0,1119483111
3774795,25684,3552,3.5,1119375560
3774796,25684,3578,4.0,1119375594
3774797,25684,3671,3.5,1119375646
3774798,25684,3683,4.5,1119399023
3774799,25684,3706,2.5,1119482285
3774800,25684,3727,4.0,1119375768
3774801,25684,3728,3.0,1119399095
3774802,25684,3785,3.0,1119483449
3774803,25684,3793,3.0,1119375430
3774804,25684,3826,3.0,1119483495
3774805,25684,3892,3.5,1119483209
3774806,25684,3897,4.5,1119375622
3774807,25684,3911,4.5,1119399060
3774808,25684,3989,4.0,1119399074
3774809,25684,4011,3.5,1119482150
3774810,25684,4027,3.5,1119482182
3774811,25684,4034,4.0,1119399020
3774812,25684,4036,3.0,1119483034
3774813,25684,4037,4.5,1119482244
3774814,25684,4085,3.5,1119375562
3774815,25684,4105,4.0,1119375840
3774816,25684,4148,2.0,1119483206
3774817,25684,4226,5.0,1119397508
3774818,25684,4270,4.0,1119483222
3774819,25684,4306,4.0,1119375571
3774820,25684,4388,2.0,1119483531
3774821,25684,4465,3.5,1119398994
3774822,25684,4616,4.0,1119399052
3774823,25684,4645,3.5,1119483087
3774824,25684,4661,3.0,1119399192
3774825,25684,4720,4.0,1119375764
3774826,25684,4725,3.5,1119483036
3774827,25684,4744,4.0,1119483464
3774828,25684,4794,2.5,1119375773
3774829,25684,4833,2.0,1119375821
3774830,25684,4876,3.5,1119483493
3774831,25684,4878,3.5,1119483729
3774832,25684,4886,3.5,1119375470
3774833,25684,4973,4.0,1119482114
3774834,25684,4993,3.5,1119375636
3774835,25684,4995,3.0,1119399037
3774836,25684,5013,3.0,1119483745
3774837,25684,5146,4.5,1119375832
3774838,25684,5219,4.5,1119483212
3774839,25684,5254,3.0,1119483150
3774840,25684,5294,2.5,1119375581
3774841,25684,5323,1.0,1119483537
3774842,25684,5445,3.0,1119399039
3774843,25684,5478,1.5,1119483458
3774844,25684,5618,3.0,1119482127
3774845,25684,5663,3.0,1119483144
3774846,25684,5782,5.0,1119482101
3774847,25684,5784,2.5,1119483498
3774848,25684,5787,0.5,1119483820
3774849,25684,5833,3.5,1119483113
3774850,25684,5878,3.5,1119399167
3774851,25684,5893,3.0,1119399030
3774852,25684,5952,4.5,1119375630
3774853,25684,5989,2.5,1119398986
3774854,25684,5991,3.5,1119399142
3774855,25684,6016,3.5,1119482095
3774856,25684,6058,3.0,1119483225
3774857,25684,6063,3.5,1119483030
3774858,25684,6218,3.0,1119399123
3774859,25684,6242,3.5,1119375799
3774860,25684,6290,3.0,1119483472
3774861,25684,6323,4.5,1119483019
3774862,25684,6331,3.0,1119399041
3774863,25684,6377,5.0,1119375521
3774864,25684,6502,4.0,1119375828
3774865,25684,6538,3.0,1119483757
3774866,25684,6615,3.5,1119483466
3774867,25684,6639,5.0,1119375782
3774868,25684,6695,3.5,1119483470
3774869,25684,6707,1.5,1119483453
3774870,25684,6724,3.5,1119399065
3774871,25684,6755,1.0,1119375830
3774872,25684,6820,4.0,1119483021
3774873,25684,6870,2.5,1119398989
3774874,25684,6872,0.5,1119483828
3774875,25684,6874,4.5,1119482148
3774876,25684,6880,2.0,1119483451
3774877,25684,6888,2.5,1119483489
3774878,25684,6987,2.5,1119375801
3774879,25684,7022,3.5,1119375760
3774880,25684,7147,3.0,1119482181
3774881,25684,7153,4.0,1119375643
3774882,25684,7235,4.0,1119483026
3774883,25684,7360,3.5,1119483017
3774884,25684,7373,4.0,1119483101
3774885,25684,7387,3.0,1119375809
3774886,25684,7454,3.5,1119483460
3774887,25684,8062,1.0,1119483521
3774888,25684,8464,3.0,1119398941
3774889,25684,8501,2.5,1119375770
3774890,25684,8507,4.5,1119375807
3774891,25684,8578,2.5,1119483138
3774892,25684,8610,4.0,1119399120
3774893,25684,8636,4.0,1119375518
3774894,25684,8665,4.0,1119483740
3774895,25684,8783,2.5,1119483140
3774896,25684,8798,3.0,1119398938
3774897,25684,8810,3.5,1119483462
3774898,25684,8861,1.5,1119483455
3774899,25684,8865,3.0,1119483768
3774900,25684,8874,3.5,1119375778
3774901,25684,8914,3.0,1119375511
3774902,25684,8957,3.5,1119483040
3774903,25684,8961,4.0,1119482085
3774904,25684,8985,2.0,1119483216
3774905,25684,27604,2.5,1119483104
3774906,25684,27773,4.0,1119483728
3774907,25684,30812,3.0,1119375592
3774908,25684,31032,2.0,1119483017
3774909,25684,32587,4.0,1119375479
3774910,25684,33085,1.0,1119483204
3774911,25684,33166,4.0,1119483733
3774912,25684,33493,4.0,1119375537
3774913,25684,33683,5.0,1119483025
3774914,25684,33794,5.0,1119375453
3774915,25685,110,3.5,1425994672
3774916,25685,260,4.0,1425994607
3774917,25685,589,4.5,1425994657
3774918,25685,1196,4.5,1425994612
3774919,25685,1210,4.0,1425994623
3774920,25685,1240,3.5,1425994666
3774921,25685,2571,5.0,1425994613
3774922,25685,3578,4.5,1425994684
3774923,25685,4993,5.0,1425994645
3774924,25685,5952,5.0,1425994644
3774925,25685,7153,5.0,1425994627
3774926,25685,7502,4.0,1425994642
3774927,25685,33794,3.5,1425994662
3774928,25685,44191,4.0,1425994682
3774929,25685,54286,4.0,1425994659
3774930,25685,58559,5.0,1425994625
3774931,25685,72998,3.0,1425994706
3774932,25685,79132,4.5,1425994655
3774933,25685,89745,3.5,1425994696
3774934,25685,109487,5.0,1425994519
3774935,25685,112552,3.5,1425994517
3774936,25685,116797,5.0,1425994521
3774937,25686,32,2.0,1334841832
3774938,25686,47,3.0,1334841865
3774939,25686,50,4.0,1334753930
3774940,25686,95,4.0,1334842147
3774941,25686,110,4.5,1334821532
3774942,25686,120,5.0,1334753783
3774943,25686,150,4.5,1334821546
3774944,25686,161,4.0,1334842137
3774945,25686,165,4.5,1334841893
3774946,25686,215,2.5,1334752672
3774947,25686,216,3.0,1334752517
3774948,25686,231,1.5,1334841965
3774949,25686,267,3.5,1334752762
3774950,25686,292,4.5,1334842081
3774951,25686,296,3.0,1334821424
3774952,25686,318,4.5,1334821506
3774953,25686,356,3.5,1334821444
3774954,25686,364,4.0,1334841886
3774955,25686,367,3.0,1334754496
3774956,25686,380,3.5,1334841807
3774957,25686,431,4.5,1334752491
3774958,25686,442,3.5,1334912364
3774959,25686,480,4.0,1334821382
3774960,25686,494,4.0,1334754042
3774961,25686,500,3.5,1334841948
3774962,25686,524,5.0,1334752537
3774963,25686,586,4.0,1334754312
3774964,25686,587,4.0,1334841677
3774965,25686,589,4.0,1334831378
3774966,25686,597,3.5,1334841699
3774967,25686,628,4.5,1334754648
3774968,25686,637,4.0,1334752588
3774969,25686,733,3.5,1334754555
3774970,25686,805,4.5,1334753946
3774971,25686,1036,4.0,1334842027
3774972,25686,1089,4.5,1334842115
3774973,25686,1270,4.0,1334841857
3774974,25686,1569,4.0,1334841511
3774975,25686,1617,4.0,1334842064
3774976,25686,1644,3.5,1334754508
3774977,25686,1707,3.0,1334754393
3774978,25686,1721,4.0,1334841935
3774979,25686,1754,5.0,1334754234
3774980,25686,1801,5.0,1334753807
3774981,25686,1895,3.5,1334752818
3774982,25686,1917,5.0,1334753036
3774983,25686,1918,3.5,1334821101
3774984,25686,1923,4.0,1334842132
3774985,25686,1954,4.5,1334754073
3774986,25686,1961,3.0,1334842108
3774987,25686,2002,3.5,1334821249
3774988,25686,2005,4.0,1334752417
3774989,25686,2268,4.5,1334855692
3774990,25686,2273,4.5,1334753978
3774991,25686,2302,4.5,1334753959
3774992,25686,2409,4.5,1334754080
3774993,25686,2410,4.5,1334752642
3774994,25686,2411,4.5,1334754084
3774995,25686,2412,3.5,1334754097
3774996,25686,2496,3.5,1334752771
3774997,25686,2571,4.5,1334841822
3774998,25686,2599,2.5,1334831305
3774999,25686,2706,4.5,1334753334
3775000,25686,2762,4.0,1334841911
3775001,25686,2953,4.5,1334754383
3775002,25686,3020,3.0,1334752613
3775003,25686,3173,1.5,1334752719
3775004,25686,3452,3.5,1334752730
3775005,25686,3578,1.0,1334841991
3775006,25686,4018,3.0,1334752532
3775007,25686,4226,2.0,1334753442
3775008,25686,4246,1.5,1334841540
3775009,25686,4447,4.0,1334753555
3775010,25686,4448,4.5,1334754634
3775011,25686,4616,5.0,1334753124
3775012,25686,4701,4.5,1334753984
3775013,25686,4718,4.5,1334752555
3775014,25686,4963,4.0,1334831696
3775015,25686,5066,4.0,1334841613
3775016,25686,5299,2.5,1334841484
3775017,25686,5507,4.0,1334754020
3775018,25686,5620,3.5,1334841412
3775019,25686,6155,3.5,1334841367
3775020,25686,6218,4.5,1334753517
3775021,25686,6378,4.5,1334754596
3775022,25686,6535,4.0,1334753561
3775023,25686,6539,4.5,1334753851
3775024,25686,6548,4.5,1334753097
3775025,25686,6586,4.0,1334912410
3775026,25686,6765,1.5,1334841573
3775027,25686,7154,0.5,1334753482
3775028,25686,7186,4.0,1334821173
3775029,25686,7254,5.0,1334753014
3775030,25686,7293,4.0,1334841312
3775031,25686,7317,5.0,1334752990
3775032,25686,8361,3.5,1334912435
3775033,25686,8376,0.5,1334753242
3775034,25686,8533,3.5,1334841634
3775035,25686,8807,4.5,1334753069
3775036,25686,8957,5.0,1334753688
3775037,25686,8972,4.5,1334753189
3775038,25686,31685,3.0,1334841347
3775039,25686,32596,4.5,1334753170
3775040,25686,33158,3.0,1334754025
3775041,25686,34534,4.5,1334754610
3775042,25686,36525,4.0,1334841283
3775043,25686,36529,5.0,1334753676
3775044,25686,39446,5.0,1334753701
3775045,25686,42723,4.0,1334754435
3775046,25686,45722,4.0,1334753882
3775047,25686,48877,5.0,1334753706
3775048,25686,49530,4.0,1334754362
3775049,25686,53125,3.0,1334753890
3775050,25686,54648,4.5,1334753989
3775051,25686,55577,3.0,1334754449
3775052,25686,56775,4.0,1334753205
3775053,25686,56949,2.5,1334841436
3775054,25686,69406,3.5,1334841329
3775055,25686,74426,5.0,1334754126
3775056,25686,74458,4.5,1334753401
3775057,25686,75341,2.0,1334753428
3775058,25686,76251,3.5,1334912453
3775059,25686,79132,4.5,1334753386
3775060,25686,81845,1.5,1334912465
3775061,25686,86880,4.0,1334753878
3775062,25686,90916,1.5,1334821054
3775063,25687,1,4.0,952375516
3775064,25687,7,4.0,952375781
3775065,25687,45,4.0,952375665
3775066,25687,104,4.0,952375902
3775067,25687,141,5.0,952375665
3775068,25687,218,4.0,952376087
3775069,25687,231,4.0,952376224
3775070,25687,236,4.0,952375944
3775071,25687,237,3.0,952376224
3775072,25687,252,3.0,952376200
3775073,25687,267,1.0,952376158
3775074,25687,289,3.0,952376129
3775075,25687,339,5.0,952375781
3775076,25687,344,3.0,952376054
3775077,25687,357,3.0,952375756
3775078,25687,367,3.0,952375811
3775079,25687,368,3.0,952375834
3775080,25687,371,4.0,952375639
3775081,25687,440,5.0,952375811
3775082,25687,480,3.0,951943226
3775083,25687,497,4.0,952375618
3775084,25687,500,5.0,952375857
3775085,25687,539,4.0,952375902
3775086,25687,543,3.0,952375756
3775087,25687,562,4.0,952375595
3775088,25687,586,4.0,952376129
3775089,25687,597,4.0,952375812
3775090,25687,708,4.0,952375756
3775091,25687,718,3.0,952375812
3775092,25687,830,3.0,952376108
3775093,25687,852,4.0,952375756
3775094,25687,902,4.0,951943251
3775095,25687,1234,3.0,951943308
3775096,25687,1265,4.0,952375533
3775097,25687,1377,5.0,952375902
3775098,25687,1390,3.0,952376158
3775099,25687,1441,4.0,952375902
3775100,25687,1457,3.0,952376003
3775101,25687,1485,2.0,952375902
3775102,25687,1500,4.0,952375708
3775103,25687,1513,3.0,951943671
3775104,25687,1517,4.0,952375639
3775105,25687,1541,4.0,952375857
3775106,25687,1584,5.0,951943308
3775107,25687,1593,3.0,952376158
3775108,25687,1614,4.0,952375902
3775109,25687,1641,5.0,952375665
3775110,25687,1747,4.0,952375665
3775111,25687,1777,4.0,952375781
3775112,25687,1784,5.0,952375561
3775113,25687,1794,4.0,952375756
3775114,25687,1883,5.0,952375561
3775115,25687,1888,2.0,952376003
3775116,25687,1914,3.0,952375595
3775117,25687,1923,3.0,952375834
3775118,25687,2052,2.0,952376034
3775119,25687,2108,4.0,952375618
3775120,25687,2302,3.0,952375497
3775121,25687,2324,5.0,952375436
3775122,25687,2359,4.0,952375689
3775123,25687,2395,3.0,951943671
3775124,25687,2396,5.0,951943671
3775125,25687,2433,4.0,951943505
3775126,25687,2436,4.0,952376054
3775127,25687,2539,3.0,952375920
3775128,25687,2581,4.0,951943616
3775129,25687,2599,5.0,951943544
3775130,25687,2605,2.0,951943544
3775131,25687,2683,3.0,951943468
3775132,25687,2690,4.0,951943579
3775133,25687,2700,1.0,951943691
3775134,25687,2706,4.0,951943468
3775135,25687,2716,4.0,951943561
3775136,25687,2724,4.0,951943671
3775137,25687,2763,4.0,951943714
3775138,25687,2948,3.0,951943276
3775139,25687,2987,4.0,951943714
3775140,25687,3219,1.0,951943616
3775141,25687,3253,2.0,952375944
3775142,25687,3255,4.0,952375920
3775143,25687,3261,4.0,952376180
3775144,25687,3273,1.0,951943671
3775145,25687,3342,2.0,951943398
3775146,25688,1,4.0,859173929
3775147,25688,17,3.0,859173930
3775148,25688,25,5.0,859173931
3775149,25688,26,5.0,859174318
3775150,25688,32,5.0,859173929
3775151,25688,41,5.0,859174175
3775152,25688,62,4.0,859173930
3775153,25688,66,3.0,859174175
3775154,25688,79,4.0,859174079
3775155,25688,92,3.0,859174318
3775156,25688,95,3.0,859173930
3775157,25688,260,4.0,859174036
3775158,25688,376,5.0,859174036
3775159,25688,494,3.0,859173993
3775160,25688,640,4.0,859174238
3775161,25688,648,4.0,859173929
3775162,25688,653,4.0,859174037
3775163,25688,711,3.0,859174175
3775164,25688,719,3.0,859174116
3775165,25688,733,4.0,859173993
3775166,25688,736,3.0,859173929
3775167,25688,737,3.0,859174116
3775168,25688,743,4.0,859174116
3775169,25688,761,3.0,859174238
3775170,25688,762,4.0,859174079
3775171,25688,778,5.0,859174116
3775172,25688,780,3.0,859173929
3775173,25688,784,3.0,859174036
3775174,25688,802,3.0,859174079
3775175,25688,839,3.0,859174272
3775176,25688,880,3.0,859174372
3775177,25688,1356,5.0,859174079
3775178,25689,11,5.0,987889307
3775179,25689,25,5.0,987888955
3775180,25689,32,5.0,987888482
3775181,25689,36,5.0,987887868
3775182,25689,39,4.0,987889431
3775183,25689,47,5.0,987888346
3775184,25689,62,5.0,987888854
3775185,25689,110,5.0,987888152
3775186,25689,150,5.0,987888403
3775187,25689,161,4.0,987889044
3775188,25689,182,4.0,987886923
3775189,25689,219,5.0,987889059
3775190,25689,246,4.0,987888152
3775191,25689,280,5.0,987889234
3775192,25689,300,3.0,987889003
3775193,25689,318,5.0,987887187
3775194,25689,337,5.0,987888609
3775195,25689,356,5.0,987889003
3775196,25689,364,5.0,987889234
3775197,25689,377,5.0,987889283
3775198,25689,381,5.0,987889234
3775199,25689,386,2.0,987886226
3775200,25689,425,4.0,987886634
3775201,25689,474,4.0,987886634
3775202,25689,475,5.0,987889003
3775203,25689,508,5.0,987888915
3775204,25689,524,5.0,987889079
3775205,25689,527,5.0,987886226
3775206,25689,529,5.0,987888131
3775207,25689,555,5.0,987889194
3775208,25689,589,5.0,987888805
3775209,25689,590,5.0,987888784
3775210,25689,592,4.0,987888725
3775211,25689,593,5.0,987888131
3775212,25689,595,5.0,987888820
3775213,25689,608,5.0,987888112
3775214,25689,628,5.0,987889025
3775215,25689,647,4.0,987886714
3775216,25689,733,4.0,987886714
3775217,25689,778,5.0,987888323
3775218,25689,806,4.0,987888589
3775219,25689,838,4.0,987889153
3775220,25689,858,5.0,987887102
3775221,25689,866,5.0,987888659
3775222,25689,919,5.0,987888235
3775223,25689,920,5.0,987889340
3775224,25689,957,4.0,987889445
3775225,25689,1027,1.0,987886226
3775226,25689,1036,5.0,987888235
3775227,25689,1050,3.0,987888976
3775228,25689,1089,5.0,987887890
3775229,25689,1090,5.0,987888758
3775230,25689,1093,5.0,987886714
3775231,25689,1094,4.0,987889124
3775232,25689,1095,5.0,987888009
3775233,25689,1097,5.0,987888659
3775234,25689,1103,4.0,987889260
3775235,25689,1150,4.0,987889177
3775236,25689,1172,5.0,987888609
3775237,25689,1193,5.0,987887967
3775238,25689,1196,3.0,987888009
3775239,25689,1200,4.0,987888046
3775240,25689,1210,3.0,987888915
3775241,25689,1213,4.0,987887242
3775242,25689,1214,4.0,987888009
3775243,25689,1219,5.0,987887914
3775244,25689,1221,5.0,987887102
3775245,25689,1230,3.0,987888346
3775246,25689,1240,4.0,987888609
3775247,25689,1246,5.0,987888482
3775248,25689,1258,5.0,987888271
3775249,25689,1263,4.0,987888482
3775250,25689,1265,3.0,987888323
3775251,25689,1266,3.0,987888095
3775252,25689,1270,5.0,987888915
3775253,25689,1271,5.0,987889360
3775254,25689,1344,5.0,987888893
3775255,25689,1358,5.0,987887967
3775256,25689,1393,5.0,987888178
3775257,25689,1394,4.0,987888854
3775258,25689,1408,5.0,987888448
3775259,25689,1410,4.0,987886907
3775260,25689,1449,4.0,987889025
3775261,25689,1465,4.0,987889194
3775262,25689,1466,4.0,987889044
3775263,25689,1498,4.0,987886770
3775264,25689,1500,4.0,987888482
3775265,25689,1625,4.0,987888323
3775266,25689,1633,4.0,987889307
3775267,25689,1635,5.0,987886656
3775268,25689,1639,5.0,987888214
3775269,25689,1641,5.0,987889079
3775270,25689,1680,4.0,987889260
3775271,25689,1682,3.0,987888520
3775272,25689,1704,5.0,987888418
3775273,25689,1784,4.0,987888434
3775274,25689,1905,4.0,987888300
3775275,25689,1912,5.0,987888046
3775276,25689,1921,5.0,987888784
3775277,25689,1923,5.0,987889211
3775278,25689,1949,4.0,987888009
3775279,25689,1961,5.0,987888955
3775280,25689,1962,5.0,987888955
3775281,25689,1997,5.0,987888365
3775282,25689,2000,4.0,987889153
3775283,25689,2028,5.0,987888072
3775284,25689,2067,5.0,987889360
3775285,25689,2112,5.0,987886656
3775286,25689,2126,3.0,987886226
3775287,25689,2166,5.0,987889003
3775288,25689,2194,5.0,987889124
3775289,25689,2236,5.0,987888784
3775290,25689,2267,4.0,987888376
3775291,25689,2268,5.0,987888893
3775292,25689,2272,5.0,987889124
3775293,25689,2291,4.0,987888625
3775294,25689,2321,5.0,987888659
3775295,25689,2329,5.0,987887914
3775296,25689,2333,4.0,987888214
3775297,25689,2336,5.0,987887890
3775298,25689,2352,4.0,987889025
3775299,25689,2355,5.0,987889260
3775300,25689,2357,5.0,987888235
3775301,25689,2406,4.0,987886226
3775302,25689,2443,5.0,987888403
3775303,25689,2501,4.0,987888024
3775304,25689,2571,5.0,987887967
3775305,25689,2580,5.0,987888482
3775306,25689,2599,5.0,987888095
3775307,25689,2686,5.0,987888252
3775308,25689,2706,5.0,987889079
3775309,25689,2714,4.0,987889283
3775310,25689,2716,4.0,987888609
3775311,25689,2739,5.0,987889431
3775312,25689,2762,4.0,987887228
3775313,25689,2769,5.0,987888742
3775314,25689,2812,4.0,987888659
3775315,25689,2842,5.0,987888503
3775316,25689,2883,5.0,987888365
3775317,25689,2890,5.0,987888625
3775318,25689,2908,5.0,987887286
3775319,25689,2912,5.0,987888112
3775320,25689,2978,2.0,987889153
3775321,25689,2997,5.0,987887228
3775322,25689,3008,5.0,987887286
3775323,25689,3052,5.0,987889003
3775324,25689,3098,5.0,987888178
3775325,25689,3100,5.0,987889283
3775326,25689,3108,4.0,987889283
3775327,25689,3125,4.0,987888095
3775328,25689,3128,2.0,987888689
3775329,25689,3160,5.0,987887914
3775330,25689,3178,5.0,987889044
3775331,25689,3185,4.0,987888659
3775332,25689,3186,5.0,987889431
3775333,25689,3198,4.0,987888955
3775334,25689,3217,4.0,987887914
3775335,25689,3250,5.0,987888541
3775336,25689,3252,5.0,987889125
3775337,25689,3255,5.0,987889307
3775338,25689,3317,5.0,987886502
3775339,25689,3363,5.0,987889003
3775340,25689,3386,5.0,987889283
3775341,25689,3408,4.0,987888709
3775342,25689,3481,5.0,987888589
3775343,25689,3526,5.0,987889360
3775344,25689,3535,2.0,987888784
3775345,25689,3536,5.0,987888893
3775346,25689,3554,4.0,987889079
3775347,25689,3578,4.0,987889177
3775348,25689,3688,3.0,987886854
3775349,25689,3716,4.0,987886959
3775350,25689,3752,1.0,987886770
3775351,25689,3798,4.0,987886536
3775352,25689,3893,2.0,987886502
3775353,25689,3896,4.0,987888956
3775354,25689,3897,5.0,987886502
3775355,25689,3909,4.0,987886552
3775356,25689,3915,5.0,987887169
3775357,25689,3916,5.0,987888046
3775358,25689,3936,4.0,987888893
3775359,25689,3948,4.0,987886656
3775360,25689,3953,1.0,987886536
3775361,25689,3967,5.0,987888625
3775362,25689,3982,5.0,987887890
3775363,25689,3994,4.0,987889431
3775364,25689,3996,5.0,987887205
3775365,25689,4011,5.0,987888689
3775366,25689,4014,4.0,987888854
3775367,25689,4022,5.0,987888709
3775368,25689,4029,5.0,987888095
3775369,25689,4031,4.0,987889211
3775370,25689,4034,5.0,987887169
3775371,25689,4080,4.0,987886747
3775372,25689,4103,5.0,987888503
3775373,25689,4148,4.0,987886381
3775374,25689,4161,4.0,987886381
3775375,25689,4203,3.0,987886977
3775376,25689,4205,4.0,987886731
3775377,25689,4207,3.0,987886854
3775378,25689,4221,3.0,987886854
3775379,25689,4231,3.0,987886414
3775380,25690,175,3.5,1372809184
3775381,25690,431,3.0,1372797963
3775382,25690,1061,3.0,1372797973
3775383,25690,1617,4.0,1372809222
3775384,25690,2318,4.0,1372799063
3775385,25690,2579,3.5,1372798411
3775386,25690,4372,2.0,1372798363
3775387,25690,6650,3.0,1372798540
3775388,25690,8781,3.5,1372798226
3775389,25690,8914,4.5,1372799203
3775390,25690,47610,3.5,1372798035
3775391,25690,48780,4.5,1372809262
3775392,25690,49272,3.5,1372809269
3775393,25690,54503,4.0,1372809257
3775394,25690,58162,1.5,1372798609
3775395,25690,60069,4.0,1372809253
3775396,25690,65130,3.0,1372809189
3775397,25690,68954,4.0,1372809251
3775398,25690,78266,3.0,1372798774
3775399,25690,81834,2.5,1372798172
3775400,25690,97913,3.0,1372798692
3775401,25690,99917,4.5,1372799359
3775402,25691,2,4.0,848621396
3775403,25691,10,3.0,848621236
3775404,25691,34,3.0,848621316
3775405,25691,47,2.0,848621292
3775406,25691,110,3.0,848621236
3775407,25691,150,4.0,848621148
3775408,25691,153,3.0,848621170
3775409,25691,165,3.0,848621170
3775410,25691,208,4.0,848621236
3775411,25691,225,3.0,848621357
3775412,25691,231,3.0,848621192
3775413,25691,253,3.0,848621259
3775414,25691,266,3.0,848621380
3775415,25691,296,4.0,848621149
3775416,25691,316,3.0,848621192
3775417,25691,317,3.0,848621380
3775418,25691,329,4.0,848621214
3775419,25691,339,4.0,848621259
3775420,25691,349,3.0,848621192
3775421,25691,350,4.0,848621380
3775422,25691,356,4.0,848621192
3775423,25691,357,4.0,848621357
3775424,25691,364,4.0,848621292
3775425,25691,367,3.0,848621292
3775426,25691,377,5.0,848621292
3775427,25691,420,3.0,848621357
3775428,25691,434,4.0,848621214
3775429,25691,440,4.0,848621380
3775430,25691,454,5.0,848621259
3775431,25691,457,5.0,848621170
3775432,25691,474,4.0,848621428
3775433,25691,480,4.0,848621214
3775434,25691,500,3.0,848621292
3775435,25691,509,2.0,848621428
3775436,25691,539,5.0,848621334
3775437,25691,587,3.0,848621316
3775438,25691,588,4.0,848621170
3775439,25691,589,4.0,848621259
3775440,25691,590,5.0,848621148
3775441,25691,592,3.0,848621148
3775442,25691,595,4.0,848621192
3775443,25691,597,4.0,848621316
3775444,25691,780,4.0,848622957
3775445,25692,1,5.0,859071679
3775446,25692,4,4.0,859075245
3775447,25692,5,2.0,859071733
3775448,25692,6,4.0,859071733
3775449,25692,11,3.0,859073697
3775450,25692,14,3.0,859071828
3775451,25692,17,5.0,859071680
3775452,25692,34,5.0,859073697
3775453,25692,36,5.0,859071733
3775454,25692,39,5.0,859073697
3775455,25692,45,4.0,859073697
3775456,25692,47,5.0,859074991
3775457,25692,50,4.0,859074563
3775458,25692,54,2.0,859074398
3775459,25692,62,4.0,859071680
3775460,25692,68,3.0,859072275
3775461,25692,83,4.0,859072414
3775462,25692,86,3.0,859072022
3775463,25692,95,1.0,859071679
3775464,25692,102,3.0,859072022
3775465,25692,107,3.0,859071882
3775466,25692,110,5.0,859074662
3775467,25692,112,4.0,859071779
3775468,25692,113,3.0,859072318
3775469,25692,122,4.0,859074193
3775470,25692,125,4.0,859073611
3775471,25692,140,1.0,859071882
3775472,25692,141,5.0,859071679
3775473,25692,148,2.0,859075245
3775474,25692,156,4.0,859072241
3775475,25692,163,3.0,859074076
3775476,25692,175,5.0,859074821
3775477,25692,180,3.0,859074137
3775478,25692,186,2.0,859074257
3775479,25692,194,4.0,859074592
3775480,25692,205,4.0,859074742
3775481,25692,206,4.0,859073611
3775482,25692,223,4.0,859073611
3775483,25692,234,3.0,859074456
3775484,25692,235,4.0,859073611
3775485,25692,247,5.0,859074630
3775486,25692,260,5.0,859071779
3775487,25692,261,5.0,859074910
3775488,25692,271,3.0,859075245
3775489,25692,292,1.0,859075245
3775490,25692,295,1.0,859074109
3775491,25692,305,3.0,859074109
3775492,25692,312,3.0,859074043
3775493,25692,318,5.0,859074563
3775494,25692,337,4.0,859074564
3775495,25692,339,3.0,859073943
3775496,25692,345,5.0,859073611
3775497,25692,352,4.0,859073855
3775498,25692,356,4.0,859074792
3775499,25692,357,4.0,859073560
3775500,25692,368,3.0,859074137
3775501,25692,372,3.0,859074013
3775502,25692,381,2.0,859075202
3775503,25692,410,4.0,859073979
3775504,25692,414,2.0,859074257
3775505,25692,486,1.0,859074222
3775506,25692,487,2.0,859074222
3775507,25692,497,5.0,859073697
3775508,25692,500,3.0,859073915
3775509,25692,509,4.0,859074563
3775510,25692,532,3.0,859074013
3775511,25692,534,4.0,859074860
3775512,25692,535,3.0,859074701
3775513,25692,539,4.0,859073856
3775514,25692,550,3.0,859074257
3775515,25692,555,1.0,859075090
3775516,25692,562,5.0,859072242
3775517,25692,568,4.0,859073815
3775518,25692,585,4.0,859073915
3775519,25692,587,3.0,859075176
3775520,25692,590,5.0,859074563
3775521,25692,592,3.0,859075045
3775522,25692,609,2.0,859071973
3775523,25692,618,1.0,859074284
3775524,25692,639,3.0,859072275
3775525,25692,647,5.0,859072069
3775526,25692,648,3.0,859071679
3775527,25692,673,3.0,859071973
3775528,25692,688,3.0,859074398
3775529,25692,708,4.0,859071779
3775530,25692,736,1.0,859071679
3775531,25692,745,5.0,859072069
3775532,25692,778,5.0,859071882
3775533,25692,780,3.0,859071679
3775534,25692,783,3.0,859071882
3775535,25692,788,3.0,859071779
3775536,25692,800,5.0,859074592
3775537,25692,805,4.0,859071828
3775538,25692,830,3.0,859072175
3775539,25692,832,3.0,859071882
3775540,25692,852,4.0,859071882
3775541,25692,858,5.0,859072175
3775542,25692,924,3.0,859074702
3775543,25692,1000,2.0,859074343
3775544,25692,1038,3.0,859072921
3775545,25692,1041,4.0,859072318
3775546,25692,1055,3.0,859072830
3775547,25692,1059,4.0,859072069
3775548,25692,1073,3.0,859071733
3775549,25692,1080,4.0,859073737
3775550,25692,1090,3.0,859074742
3775551,25692,1093,3.0,859075176
3775552,25692,1094,5.0,859074742
3775553,25692,1097,3.0,859074742
3775554,25692,1111,3.0,859072559
3775555,25692,1124,5.0,859074949
3775556,25692,1136,5.0,859073611
3775557,25692,1185,4.0,859074742
3775558,25692,1186,4.0,859074910
3775559,25692,1188,5.0,859073815
3775560,25692,1189,3.0,859074949
3775561,25692,1197,5.0,859073737
3775562,25692,1199,3.0,859073737
3775563,25692,1206,5.0,859074949
3775564,25692,1210,3.0,859071931
3775565,25692,1213,5.0,859074765
3775566,25692,1221,5.0,859074630
3775567,25692,1225,5.0,859074630
3775568,25692,1230,3.0,859073611
3775569,25692,1237,3.0,859074860
3775570,25692,1242,5.0,859074702
3775571,25692,1246,4.0,859074821
3775572,25692,1259,5.0,859073765
3775573,25692,1268,4.0,859075176
3775574,25692,1270,4.0,859073815
3775575,25692,1271,5.0,859074949
3775576,25692,1285,5.0,859073856
3775577,25692,1286,5.0,859075176
3775578,25692,1288,4.0,859073765
3775579,25692,1291,4.0,859073885
3775580,25692,1295,3.0,859074860
3775581,25692,1297,4.0,859073943
3775582,25692,1298,3.0,859075090
3775583,25692,1302,4.0,859074910
3775584,25692,1307,5.0,859073737
3775585,25692,1356,5.0,859071828
3775586,25692,1358,5.0,859072637
3775587,25692,1363,3.0,859072353
3775588,25692,1365,5.0,859072723
3775589,25692,1367,2.0,859072022
3775590,25692,1369,3.0,859073049
3775591,25692,1378,3.0,859074076
3775592,25692,1380,3.0,859074013
3775593,25692,1391,2.0,859072110
3775594,25692,1393,5.0,859071973
3775595,25692,1394,5.0,859073697
3775596,25692,1429,4.0,859072491
3775597,25692,1475,3.0,859073049
3775598,25692,1477,4.0,859073139
3775599,25693,3,4.0,955100407
3775600,25693,21,3.0,955178534
3775601,25693,25,4.0,955099696
3775602,25693,34,4.0,955100613
3775603,25693,105,5.0,955099996
3775604,25693,110,5.0,955101434
3775605,25693,111,4.0,955483716
3775606,25693,150,5.0,955483604
3775607,25693,151,4.0,955100228
3775608,25693,196,4.0,955177428
3775609,25693,231,3.0,955179015
3775610,25693,234,5.0,955179297
3775611,25693,260,5.0,955101205
3775612,25693,296,1.0,955176822
3775613,25693,339,4.0,955100036
3775614,25693,344,3.0,955178966
3775615,25693,356,5.0,955099801
3775616,25693,367,3.0,955101720
3775617,25693,368,4.0,955102250
3775618,25693,370,4.0,955178886
3775619,25693,383,4.0,955102281
3775620,25693,435,4.0,955178534
3775621,25693,445,4.0,955179051
3775622,25693,480,3.0,955101323
3775623,25693,500,4.0,955178727
3775624,25693,509,4.0,955099780
3775625,25693,527,5.0,955101405
3775626,25693,541,3.0,955101205
3775627,25693,552,4.0,955178803
3775628,25693,553,3.0,955102222
3775629,25693,575,4.0,955178164
3775630,25693,587,5.0,955100112
3775631,25693,590,5.0,955101994
3775632,25693,592,4.0,955176822
3775633,25693,593,4.0,955101491
3775634,25693,594,5.0,955100927
3775635,25693,596,5.0,955176532
3775636,25693,597,4.0,955100036
3775637,25693,673,3.0,955178998
3775638,25693,750,2.0,955101205
3775639,25693,762,4.0,955177058
3775640,25693,780,4.0,955177251
3775641,25693,830,2.0,955178609
3775642,25693,840,4.0,955179051
3775643,25693,852,3.0,955099114
3775644,25693,858,5.0,955101903
3775645,25693,899,5.0,955099596
3775646,25693,900,5.0,955100951
3775647,25693,902,5.0,955099696
3775648,25693,909,5.0,955178000
3775649,25693,912,5.0,955099565
3775650,25693,913,4.0,955101559
3775651,25693,914,5.0,955099643
3775652,25693,916,5.0,955099643
3775653,25693,919,5.0,955100927
3775654,25693,920,5.0,955099596
3775655,25693,924,2.0,955101268
3775656,25693,938,4.0,955101049
3775657,25693,943,4.0,955099754
3775658,25693,949,4.0,955484471
3775659,25693,950,4.0,955101559
3775660,25693,969,5.0,955099565
3775661,25693,1005,4.0,955179316
3775662,25693,1007,4.0,955102305
3775663,25693,1008,5.0,955102281
3775664,25693,1009,4.0,955101758
3775665,25693,1014,4.0,955178465
3775666,25693,1019,5.0,955101352
3775667,25693,1022,5.0,955100985
3775668,25693,1028,5.0,955100985
3775669,25693,1029,5.0,955100951
3775670,25693,1030,5.0,955101106
3775671,25693,1032,5.0,955176532
3775672,25693,1035,5.0,955101008
3775673,25693,1036,4.0,955484221
3775674,25693,1042,4.0,955178317
3775675,25693,1073,4.0,955177697
3775676,25693,1082,3.0,955484397
3775677,25693,1084,4.0,955101922
3775678,25693,1085,3.0,955102030
3775679,25693,1088,5.0,955100228
3775680,25693,1091,3.0,955179251
3775681,25693,1097,5.0,955101246
3775682,25693,1103,4.0,955483862
3775683,25693,1135,5.0,955178654
3775684,25693,1136,4.0,955100704
3775685,25693,1183,4.0,955099878
3775686,25693,1193,5.0,955099114
3775687,25693,1196,5.0,955102030
3775688,25693,1198,5.0,955101994
3775689,25693,1201,5.0,955102250
3775690,25693,1204,4.0,955101994
3775691,25693,1207,5.0,955483675
3775692,25693,1208,5.0,955484171
3775693,25693,1210,5.0,955099754
3775694,25693,1219,5.0,955101491
3775695,25693,1220,4.0,955101049
3775696,25693,1221,5.0,955101903
3775697,25693,1234,5.0,955100570
3775698,25693,1240,3.0,955101205
3775699,25693,1247,5.0,955099616
3775700,25693,1250,5.0,955483501
3775701,25693,1252,2.0,955101491
3775702,25693,1254,4.0,955483501
3775703,25693,1258,3.0,955101615
3775704,25693,1259,4.0,955100704
3775705,25693,1265,5.0,955099826
3775706,25693,1270,4.0,955100613
3775707,25693,1272,5.0,955101434
3775708,25693,1276,5.0,955100570
3775709,25693,1278,5.0,955101615
3775710,25693,1282,5.0,955176532
3775711,25693,1287,5.0,955101994
3775712,25693,1291,4.0,955102030
3775713,25693,1299,4.0,955483053
3775714,25693,1304,5.0,955100644
3775715,25693,1307,4.0,955099668
3775716,25693,1333,4.0,955484014
3775717,25693,1334,5.0,955101246
3775718,25693,1378,4.0,955178654
3775719,25693,1380,5.0,955100084
3775720,25693,1381,5.0,955101150
3775721,25693,1387,5.0,955101667
3775722,25693,1390,4.0,955178906
3775723,25693,1391,3.0,955177474
3775724,25693,1393,5.0,955099780
3775725,25693,1394,4.0,955100570
3775726,25693,1461,3.0,955179165
3775727,25693,1485,4.0,955178225
3775728,25693,1487,4.0,955101080
3775729,25693,1569,4.0,955100251
3775730,25693,1573,3.0,955177351
3775731,25693,1663,4.0,955178124
3775732,25693,1721,5.0,955099878
3775733,25693,1777,4.0,955100192
3775734,25693,1784,4.0,955178000
3775735,25693,1923,4.0,955058915
3775736,25693,1931,4.0,955102030
3775737,25693,1947,5.0,955099114
3775738,25693,1948,5.0,955178207
3775739,25693,1952,4.0,955484194
3775740,25693,1954,5.0,955102076
3775741,25693,1955,3.0,955484150
3775742,25693,1961,4.0,955484314
3775743,25693,1964,5.0,955101534
3775744,25693,1967,5.0,955101804
3775745,25693,1968,3.0,955058915
3775746,25693,1994,5.0,955101643
3775747,25693,1997,5.0,955101615
3775748,25693,2000,3.0,955178074
3775749,25693,2003,4.0,955178727
3775750,25693,2005,4.0,955177721
3775751,25693,2006,4.0,955100299
3775752,25693,2009,4.0,955101323
3775753,25693,2011,4.0,955101352
3775754,25693,2013,5.0,955176386
3775755,25693,2015,5.0,955101758
3775756,25693,2018,5.0,955176532
3775757,25693,2023,5.0,955176856
3775758,25693,2028,5.0,955101405
3775759,25693,2052,4.0,955178422
3775760,25693,2054,4.0,955177398
3775761,25693,2067,3.0,955101434
3775762,25693,2080,5.0,955101049
3775763,25693,2082,4.0,955178727
3775764,25693,2087,5.0,955101720
3775765,25693,2088,4.0,955101131
3775766,25693,2099,5.0,955101049
3775767,25693,2100,5.0,955099907
3775768,25693,2102,3.0,955100985
3775769,25693,2122,2.0,955099114
3775770,25693,2124,4.0,955178503
3775771,25693,2135,3.0,955101106
3775772,25693,2136,4.0,955178340
3775773,25693,2147,4.0,955176165
3775774,25693,2161,5.0,955101783
3775775,25693,2163,3.0,955179431
3775776,25693,2174,5.0,955101758
3775777,25693,2194,4.0,955484120
3775778,25693,2247,3.0,955099047
3775779,25693,2266,3.0,955100407
3775780,25693,2268,4.0,955101939
3775781,25693,2296,3.0,955179496
3775782,25693,2302,4.0,955178000
3775783,25693,2335,3.0,955179251
3775784,25693,2363,2.0,955177305
3775785,25693,2366,5.0,955101667
3775786,25693,2369,3.0,955100228
3775787,25693,2371,3.0,955100838
3775788,25693,2378,4.0,955178906
3775789,25693,2389,4.0,955177016
3775790,25693,2396,5.0,955099596
3775791,25693,2398,4.0,955484252
3775792,25693,2399,4.0,955177697
3775793,25693,2406,4.0,955178249
3775794,25693,2407,4.0,955101323
3775795,25693,2424,5.0,955099934
3775796,25693,2430,5.0,955484284
3775797,25693,2450,3.0,955177592
3775798,25693,2463,4.0,955100817
3775799,25693,2469,4.0,955100154
3775800,25693,2470,4.0,955178276
3775801,25693,2471,4.0,955179071
3775802,25693,2478,4.0,955102328
3775803,25693,2518,4.0,955178503
3775804,25693,2527,4.0,955102281
3775805,25693,2528,4.0,955177305
3775806,25693,2539,3.0,955178821
3775807,25693,2565,4.0,955100927
3775808,25693,2571,4.0,955101246
3775809,25693,2628,5.0,955101352
3775810,25693,2640,4.0,955177151
3775811,25693,2656,3.0,955177592
3775812,25693,2657,4.0,955101080
3775813,25693,2662,5.0,955101294
3775814,25693,2664,4.0,955101246
3775815,25693,2671,5.0,955099907
3775816,25693,2683,3.0,955176101
3775817,25693,2699,2.0,955176101
3775818,25693,2710,4.0,955176142
3775819,25693,2712,4.0,955176256
3775820,25693,2716,5.0,955100817
3775821,25693,2717,4.0,955179108
3775822,25693,2724,4.0,955100061
3775823,25693,2728,5.0,955484039
3775824,25693,2729,3.0,955483991
3775825,25693,2746,5.0,955101049
3775826,25693,2747,4.0,955178534
3775827,25693,2762,4.0,957145627
3775828,25693,2791,5.0,955100788
3775829,25693,2792,4.0,955179139
3775830,25693,2794,4.0,955179139
3775831,25693,2804,4.0,955100670
3775832,25693,2805,3.0,955100192
3775833,25693,2827,4.0,955482893
3775834,25693,2829,3.0,955178422
3775835,25693,2857,3.0,955100985
3775836,25693,2858,4.0,955100539
3775837,25693,2863,3.0,955100788
3775838,25693,2870,4.0,955178864
3775839,25693,2881,4.0,955176195
3775840,25693,2899,4.0,955176555
3775841,25693,2908,1.0,957145591
3775842,25693,2915,4.0,955483923
3775843,25693,2918,4.0,955100749
3775844,25693,2926,4.0,955178534
3775845,25693,2941,5.0,955101049
3775846,25693,2942,4.0,955100452
3775847,25693,2944,5.0,955101434
3775848,25693,2948,4.0,955102110
3775849,25693,2949,3.0,955102110
3775850,25693,2951,4.0,955102250
3775851,25693,2985,3.0,955176880
3775852,25693,2987,4.0,955176458
3775853,25693,3005,4.0,955176142
3775854,25693,3033,4.0,955177351
3775855,25693,3035,4.0,955177857
3775856,25693,3039,5.0,955100817
3775857,25693,3074,4.0,955102222
3775858,25693,3076,3.0,955178297
3775859,25693,3086,5.0,955484471
3775860,25693,3095,4.0,955483377
3775861,25693,3096,4.0,959410910
3775862,25693,3099,4.0,955099996
3775863,25693,3100,3.0,955484517
3775864,25693,3101,4.0,955099075
3775865,25693,3152,4.0,955484440
3775866,25693,3153,5.0,955101758
3775867,25693,3199,4.0,955099934
3775868,25693,3210,4.0,955178124
3775869,25693,3247,5.0,955178843
3775870,25693,3251,4.0,959410718
3775871,25693,3253,4.0,955178390
3775872,25693,3254,4.0,955178843
3775873,25693,3255,5.0,955178249
3775874,25693,3257,3.0,955100329
3775875,25693,3326,4.0,955100730
3775876,25693,3330,5.0,955483812
3775877,25693,3360,4.0,955484089
3775878,25693,3361,5.0,955100704
3775879,25693,3363,5.0,955100863
3775880,25693,3391,3.0,955179518
3775881,25693,3396,5.0,955100613
3775882,25693,3398,4.0,955178446
3775883,25693,3421,5.0,955100788
3775884,25693,3461,4.0,955099387
3775885,25693,3467,5.0,955099365
3775886,25693,3468,5.0,955099365
3775887,25693,3471,4.0,955099283
3775888,25693,3478,4.0,955099258
3775889,25693,3494,5.0,955099495
3775890,25693,3501,4.0,955099996
3775891,25693,3504,3.0,955100644
3775892,25693,3507,4.0,955099414
3775893,25693,3508,4.0,955099414
3775894,25693,3519,4.0,955099312
3775895,25693,3524,5.0,955099258
3775896,25693,3525,4.0,955099258
3775897,25693,3528,4.0,955100299
3775898,25693,3529,4.0,955099449
3775899,25693,3545,5.0,955099283
3775900,25693,3546,4.0,955099495
3775901,25693,3552,5.0,955099283
3775902,25693,3578,5.0,959410674
3775903,25693,3729,4.0,963207101
3775904,25693,3733,4.0,963207038
3775905,25693,3760,3.0,963206971
3775906,25693,3773,4.0,963206971
3775907,25693,3780,3.0,963207071
3775908,25693,3789,4.0,963207071
3775909,25693,3791,4.0,963206942
3775910,25693,3807,3.0,963207101
3775911,25693,3809,4.0,963207130
3775912,25693,5060,5.0,955177940
3775913,25694,2,4.0,847405711
3775914,25694,10,3.0,847405547
3775915,25694,19,3.0,847405634
3775916,25694,110,5.0,847405547
3775917,25694,150,5.0,847405430
3775918,25694,153,3.0,847405471
3775919,25694,161,5.0,847405547
3775920,25694,165,5.0,847405470
3775921,25694,173,3.0,847405711
3775922,25694,231,5.0,847405491
3775923,25694,253,3.0,847405569
3775924,25694,266,4.0,847405687
3775925,25694,296,4.0,847405430
3775926,25694,315,4.0,847405737
3775927,25694,316,3.0,847405491
3775928,25694,317,4.0,847405687
3775929,25694,318,5.0,847405526
3775930,25694,329,4.0,847405526
3775931,25694,344,4.0,847405471
3775932,25694,349,5.0,847405491
3775933,25694,356,5.0,847405491
3775934,25694,357,3.0,847405659
3775935,25694,364,5.0,847405591
3775936,25694,367,3.0,847405591
3775937,25694,377,5.0,847405591
3775938,25694,380,4.0,847405431
3775939,25694,420,3.0,847405659
3775940,25694,432,3.0,847405711
3775941,25694,434,4.0,847405526
3775942,25694,442,3.0,847405737
3775943,25694,454,3.0,847405569
3775944,25694,457,5.0,847405471
3775945,25694,474,4.0,847405737
3775946,25694,480,5.0,847405526
3775947,25694,500,4.0,847405591
3775948,25694,527,5.0,847405634
3775949,25694,539,4.0,847405634
3775950,25694,587,4.0,847405614
3775951,25694,588,5.0,847405471
3775952,25694,589,5.0,847405569
3775953,25694,590,4.0,847405430
3775954,25694,592,5.0,847405430
3775955,25694,595,5.0,847405491
3775956,25694,597,5.0,847405614
3775957,25695,32,4.0,1265471919
3775958,25695,47,4.0,1243351623
3775959,25695,50,4.0,1243351729
3775960,25695,101,3.5,1265472683
3775961,25695,153,1.5,1273963157
3775962,25695,235,4.0,1274131839
3775963,25695,260,4.0,1311509059
3775964,25695,296,4.5,1243423933
3775965,25695,318,4.0,1243351835
3775966,25695,527,4.0,1266868731
3775967,25695,589,3.5,1265471773
3775968,25695,592,3.5,1270049235
3775969,25695,593,4.0,1265473217
3775970,25695,733,4.0,1265473287
3775971,25695,741,3.5,1243351602
3775972,25695,858,5.0,1243423897
3775973,25695,1036,4.5,1246049882
3775974,25695,1080,4.0,1278695799
3775975,25695,1089,4.0,1243351710
3775976,25695,1117,4.0,1304369591
3775977,25695,1136,4.0,1284065413
3775978,25695,1196,4.0,1311509061
3775979,25695,1198,4.5,1243424008
3775980,25695,1200,4.0,1300784557
3775981,25695,1201,5.0,1275261900
3775982,25695,1208,4.5,1313222110
3775983,25695,1210,3.5,1311509063
3775984,25695,1213,4.5,1273963042
3775985,25695,1221,5.0,1243351892
3775986,25695,1233,4.0,1243423936
3775987,25695,1240,4.0,1265471770
3775988,25695,1241,4.0,1243351767
3775989,25695,1263,4.5,1348415624
3775990,25695,1265,4.0,1246049862
3775991,25695,1270,4.0,1265473259
3775992,25695,1274,4.5,1284065046
3775993,25695,1291,4.5,1243424169
3775994,25695,1333,3.0,1276452954
3775995,25695,1517,4.0,1246049945
3775996,25695,1580,3.5,1265471983
3775997,25695,1625,4.5,1295998786
3775998,25695,1653,4.0,1246050079
3775999,25695,1729,3.0,1243350512
3776000,25695,1732,4.5,1297113570
3776001,25695,1809,4.0,1243351540
3776002,25695,1923,4.0,1272235790
3776003,25695,2028,4.0,1243351295
3776004,25695,2115,3.5,1246049994
3776005,25695,2288,3.5,1265471941
3776006,25695,2318,4.5,1284065120
3776007,25695,2329,4.0,1243351529
3776008,25695,2395,4.0,1265472615
3776009,25695,2459,3.5,1243350690
3776010,25695,2502,4.5,1265471729
3776011,25695,2571,4.5,1243351916
3776012,25695,2683,4.0,1246049916
3776013,25695,2692,4.0,1283985747
3776014,25695,2700,3.0,1284064953
3776015,25695,2726,4.0,1342994006
3776016,25695,2762,4.0,1243351298
3776017,25695,2788,3.5,1278695801
3776018,25695,2810,4.0,1309122923
3776019,25695,2916,4.0,1266868932
3776020,25695,2924,4.0,1286716571
3776021,25695,2952,3.0,1284065011
3776022,25695,2959,5.0,1324128542
3776023,25695,2997,3.0,1278717459
3776024,25695,3000,4.5,1243351472
3776025,25695,3030,4.0,1243351522
3776026,25695,3052,4.0,1330261356
3776027,25695,3113,3.0,1280256865
3776028,25695,3160,5.0,1275169696
3776029,25695,3175,3.5,1243350489
3776030,25695,3275,4.5,1265471736
3776031,25695,3300,3.5,1297464452
3776032,25695,3355,4.0,1321253908
3776033,25695,3476,4.0,1243350615
3776034,25695,3481,3.5,1273963037
3776035,25695,3527,3.5,1277674442
3776036,25695,3556,3.5,1284065323
3776037,25695,3793,3.5,1276008018
3776038,25695,3996,4.0,1246049923
3776039,25695,4011,4.0,1243351631
3776040,25695,4226,3.5,1246049617
3776041,25695,4306,4.0,1246049880
3776042,25695,4848,4.0,1278245444
3776043,25695,4878,4.5,1243351462
3776044,25695,4902,3.5,1270049263
3776045,25695,4963,3.0,1278716899
3776046,25695,4973,4.5,1284065511
3776047,25695,4993,5.0,1284065426
3776048,25695,5013,4.0,1243350575
3776049,25695,5445,3.5,1278716854
3776050,25695,5618,4.5,1265471717
3776051,25695,5690,4.5,1243351420
3776052,25695,5902,3.5,1265472370
3776053,25695,5952,5.0,1284065422
3776054,25695,5956,3.5,1269805488
3776055,25695,6016,4.5,1243351490
3776056,25695,6242,3.5,1265471968
3776057,25695,6281,3.5,1275081221
3776058,25695,6283,4.0,1243351874
3776059,25695,6502,4.0,1243351663
3776060,25695,6537,3.0,1288175614
3776061,25695,6539,3.0,1289588673
3776062,25695,6669,3.5,1295731892
3776063,25695,6713,3.5,1324139948
3776064,25695,6807,3.5,1278701750
3776065,25695,6867,4.0,1300880631
3776066,25695,6874,4.0,1243351910
3776067,25695,7000,3.5,1276884038
3776068,25695,7022,4.5,1273963074
3776069,25695,7099,4.0,1243351696
3776070,25695,7153,5.0,1284065424
3776071,25695,7460,4.5,1348401914
3776072,25695,7915,4.0,1243351510
3776073,25695,7981,4.5,1246049651
3776074,25695,8012,3.5,1273963019
3776075,25695,8014,4.0,1243350847
3776076,25695,8157,4.0,1284064933
3776077,25695,8253,3.0,1243351455
3776078,25695,8370,4.5,1306701241
3776079,25695,8376,3.5,1273963002
3776080,25695,8607,4.0,1326812958
3776081,25695,8784,4.5,1243351885
3776082,25695,8874,4.5,1265471723
3776083,25695,8949,5.0,1246049719
3776084,25695,8961,3.5,1291564219
3776085,25695,26270,3.5,1265471989
3776086,25695,26471,4.0,1275262896
3776087,25695,26736,4.5,1306600859
3776088,25695,26840,4.0,1288611858
3776089,25695,27317,3.5,1243351744
3776090,25695,27592,3.5,1265472588
3776091,25695,27611,4.5,1265471744
3776092,25695,27772,3.5,1276703822
3776093,25695,27773,4.5,1284065264
3776094,25695,30749,4.0,1265471860
3776095,25695,30803,4.0,1265472410
3776096,25695,31410,3.5,1243423973
3776097,25695,31437,4.0,1265472425
3776098,25695,31658,4.5,1284065110
3776099,25695,31785,4.0,1281913729
3776100,25695,32587,4.0,1243351629
3776101,25695,32979,4.0,1278245431
3776102,25695,33270,4.5,1265472386
3776103,25695,33340,4.0,1309293174
3776104,25695,33794,4.0,1278716813
3776105,25695,34405,4.5,1243351829
3776106,25695,37495,4.0,1266868901
3776107,25695,37741,3.0,1330261364
3776108,25695,41863,4.0,1243351950
3776109,25695,44191,4.0,1330261373
3776110,25695,44555,4.0,1243423755
3776111,25695,46578,4.5,1276007988
3776112,25695,47404,3.5,1273098493
3776113,25695,48231,3.5,1284074077
3776114,25695,48394,5.0,1243351562
3776115,25695,48516,4.0,1265471892
3776116,25695,48682,4.0,1298901131
3776117,25695,48774,4.5,1284065030
3776118,25695,48780,4.0,1243424142
3776119,25695,49917,4.5,1278065359
3776120,25695,51255,4.5,1284065100
3776121,25695,51277,4.0,1246049592
3776122,25695,52042,3.5,1301946648
3776123,25695,52885,4.5,1310898839
3776124,25695,52952,3.5,1243351476
3776125,25695,53788,3.0,1273788990
3776126,25695,54001,3.5,1265472014
3776127,25695,54259,3.5,1243350735
3776128,25695,54881,4.5,1366457646
3776129,25695,54995,4.0,1300784681
3776130,25695,54997,3.0,1243351974
3776131,25695,55269,4.5,1265472601
3776132,25695,55820,4.0,1246049689
3776133,25695,55908,4.0,1243351688
3776134,25695,56339,4.0,1330261344
3776135,25695,56367,4.5,1266868822
3776136,25695,56782,5.0,1265471765
3776137,25695,56805,2.0,1273963133
3776138,25695,56921,4.0,1265480027
3776139,25695,57274,4.5,1275990967
3776140,25695,57669,4.5,1284065113
3776141,25695,58559,4.5,1356294860
3776142,25695,59018,4.0,1300880650
3776143,25695,59118,2.0,1309117670
3776144,25695,59315,3.5,1243351789
3776145,25695,59387,4.5,1289141474
3776146,25695,59615,2.0,1280515753
3776147,25695,60069,5.0,1284231173
3776148,25695,60408,4.0,1353178601
3776149,25695,60684,4.0,1243350890
3776150,25695,61100,4.0,1289041761
3776151,25695,61236,4.0,1265472471
3776152,25695,61240,4.5,1243351225
3776153,25695,61319,4.5,1297882859
3776154,25695,63072,4.5,1264188437
3776155,25695,63082,3.5,1265471939
3776156,25695,64034,4.0,1243351123
3776157,25695,64614,3.5,1265472018
3776158,25695,64620,4.0,1265471868
3776159,25695,64839,4.0,1265471749
3776160,25695,64993,2.5,1305453156
3776161,25695,65261,4.0,1265482419
3776162,25695,66371,4.5,1289691615
3776163,25695,67255,4.0,1286142623
3776164,25695,67665,4.0,1275431944
3776165,25695,68157,5.0,1284065366
3776166,25695,68194,4.0,1270630073
3776167,25695,68205,4.0,1273788974
3776168,25695,68237,4.0,1265479906
3776169,25695,68358,4.5,1284065286
3776170,25695,68848,3.0,1273788971
3776171,25695,68954,4.0,1265472451
3776172,25695,69481,3.5,1274046852
3776173,25695,69604,3.0,1284065001
3776174,25695,69757,3.5,1265472069
3776175,25695,69995,4.5,1271716062
3776176,25695,70286,4.5,1264188362
3776177,25695,70728,3.5,1273788912
3776178,25695,71033,4.5,1273184478
3776179,25695,71108,4.0,1274740600
3776180,25695,71131,4.0,1298913991
3776181,25695,71135,3.5,1297464482
3776182,25695,71156,2.5,1269430975
3776183,25695,71438,4.5,1284065279
3776184,25695,71464,3.0,1284064962
3776185,25695,71535,3.5,1273962907
3776186,25695,71899,4.0,1266846727
3776187,25695,72011,4.0,1264188424
3776188,25695,72167,3.0,1275145487
3776189,25695,72176,3.5,1270049225
3776190,25695,72224,3.0,1275145498
3776191,25695,72226,4.0,1264188430
3776192,25695,72308,2.0,1278717440
3776193,25695,72380,4.0,1268779413
3776194,25695,72733,3.5,1281880368
3776195,25695,72998,3.5,1273963080
3776196,25695,73017,3.5,1273962967
3776197,25695,73023,4.0,1269805509
3776198,25695,73321,3.5,1278186529
3776199,25695,73323,4.0,1290902335
3776200,25695,73344,4.5,1284065254
3776201,25695,74458,4.5,1268591561
3776202,25695,74510,3.5,1289776888
3776203,25695,74545,3.5,1281721206
3776204,25695,74677,3.5,1271683072
3776205,25695,74696,4.5,1313236640
3776206,25695,74750,3.5,1276036198
3776207,25695,74789,3.5,1276110749
3776208,25695,74827,4.0,1294664938
3776209,25695,74916,3.5,1279317911
3776210,25695,76077,3.5,1279485660
3776211,25695,76091,4.0,1281880325
3776212,25695,76210,3.5,1276724382
3776213,25695,77328,4.0,1289691593
3776214,25695,77330,3.5,1289691598
3776215,25695,77353,4.5,1306701181
3776216,25695,77359,3.5,1289691605
3776217,25695,77455,4.0,1328454750
3776218,25695,77561,3.5,1285972217
3776219,25695,78039,4.0,1311530464
3776220,25695,78266,4.0,1287268362
3776221,25695,78469,4.0,1279468857
3776222,25695,78499,4.0,1289138335
3776223,25695,78574,4.0,1291158130
3776224,25695,79132,4.5,1281880249
3776225,25695,79357,5.0,1326638582
3776226,25695,79702,4.0,1289041735
3776227,25695,80219,4.0,1288611830
3776228,25695,80489,3.5,1294314803
3776229,25695,80906,4.0,1310930778
3776230,25695,81562,4.0,1306092739
3776231,25695,81591,4.0,1302898194
3776232,25695,81817,3.5,1299250363
3776233,25695,81845,4.5,1301512500
3776234,25695,82459,4.5,1342993842
3776235,25695,82527,4.5,1312534199
3776236,25695,83132,4.0,1321308694
3776237,25695,84116,4.0,1317412226
3776238,25695,85412,3.0,1306092798
3776239,25695,85414,3.5,1313222094
3776240,25695,86142,4.0,1306600840
3776241,25695,86295,3.5,1342993774
3776242,25695,86320,3.5,1332333692
3776243,25695,86332,3.5,1339089883
3776244,25695,87232,3.5,1310912826
3776245,25695,88118,3.5,1340554054
3776246,25695,88129,4.5,1327351099
3776247,25695,89745,4.0,1335695309
3776248,25695,89753,3.5,1345585182
3776249,25695,89804,4.0,1328454810
3776250,25695,89837,4.5,1330260990
3776251,25695,89904,4.0,1346108448
3776252,25695,90600,4.0,1345585137
3776253,25695,90866,4.0,1346108427
3776254,25695,91529,4.0,1356294849
3776255,25695,92259,4.5,1353240423
3776256,25695,92643,4.5,1348331724
3776257,25695,93721,4.0,1346189428
3776258,25695,93838,4.5,1356298250
3776259,25695,93840,4.0,1348346334
3776260,25695,94677,3.5,1353251232
3776261,25695,94864,4.0,1363599749
3776262,25695,94959,4.5,1349112512
3776263,25695,96304,4.5,1345585153
3776264,25695,96467,4.0,1363604719
3776265,25695,96610,3.5,1362323127
3776266,25695,97866,4.5,1362323826
3776267,25695,99114,4.5,1362323113
3776268,25696,19,3.0,1317229268
3776269,25696,24,4.0,1317177715
3776270,25696,104,3.5,1317231906
3776271,25696,110,1.0,1317236531
3776272,25696,181,3.5,1317230398
3776273,25696,231,1.5,1317229217
3776274,25696,253,4.0,1317231597
3776275,25696,260,3.5,1317179700
3776276,25696,316,4.0,1317230800
3776277,25696,318,4.5,1317227304
3776278,25696,337,1.5,1317231954
3776279,25696,344,4.0,1317229243
3776280,25696,356,1.5,1317236601
3776281,25696,364,4.0,1317231464
3776282,25696,367,4.5,1317231515
3776283,25696,377,4.0,1317231446
3776284,25696,480,4.0,1317230532
3776285,25696,500,5.0,1317231496
3776286,25696,520,3.5,1317945026
3776287,25696,588,4.5,1317231393
3776288,25696,595,4.5,1317231478
3776289,25696,608,2.0,1317236477
3776290,25696,616,5.0,1317177738
3776291,25696,736,4.5,1317230926
3776292,25696,780,4.0,1317179678
3776293,25696,802,4.0,1317231268
3776294,25696,830,3.5,1317177771
3776295,25696,899,2.5,1317945281
3776296,25696,919,4.5,1317231719
3776297,25696,1022,4.0,1317945153
3776298,25696,1035,4.5,1317945233
3776299,25696,1073,4.0,1317231565
3776300,25696,1196,4.5,1317230620
3776301,25696,1197,5.0,1317231528
3776302,25696,1210,4.0,1317179689
3776303,25696,1219,3.0,1317231911
3776304,25696,1225,4.0,1317179980
3776305,25696,1380,5.0,1317231316
3776306,25696,1393,1.0,1317231724
3776307,25696,1485,4.0,1317227841
3776308,25696,1527,4.0,1317230854
3776309,25696,1569,5.0,1317180527
3776310,25696,1580,4.5,1317230872
3776311,25696,1584,3.5,1317230744
3776312,25696,1593,3.5,1317181033
3776313,25696,1721,4.5,1317231495
3776314,25696,2081,4.0,1317945199
3776315,25696,2092,2.5,1317178337
3776316,25696,2096,5.0,1317177824
3776317,25696,2174,3.0,1317231810
3776318,25696,2302,4.0,1317227866
3776319,25696,2355,3.0,1317231798
3776320,25696,2500,2.0,1317178649
3776321,25696,2502,3.0,1317236449
3776322,25696,2571,4.0,1317179665
3776323,25696,2671,1.0,1317180553
3776324,25696,2683,3.5,1317231645
3776325,25696,2700,5.0,1317231965
3776326,25696,2747,4.0,1317178085
3776327,25696,2978,5.0,1317227723
3776328,25696,2987,3.5,1326080184
3776329,25696,3034,4.5,1317945012
3776330,25696,3052,4.0,1317236420
3776331,25696,3793,4.0,1317231630
3776332,25696,3948,2.5,1317227826
3776333,25696,4016,4.0,1317945066
3776334,25696,4238,4.5,1317178168
3776335,25696,4306,4.0,1317231557
3776336,25696,4321,4.0,1317177794
3776337,25696,4844,3.5,1317178229
3776338,25696,4963,5.0,1317229385
3776339,25696,5159,3.5,1317178669
3776340,25696,5418,4.0,1317231988
3776341,25696,5445,4.5,1317231131
3776342,25696,5459,3.0,1326080038
3776343,25696,5941,2.5,1317178678
3776344,25696,6155,4.5,1317179336
3776345,25696,6377,3.5,1317231802
3776346,25696,7163,5.0,1317231081
3776347,25696,7173,3.5,1317179225
3776348,25696,7293,4.0,1317180490
3776349,25696,7317,1.5,1317228852
3776350,25696,7346,2.0,1317228586
3776351,25696,7444,3.5,1317178150
3776352,25696,8361,4.0,1317230958
3776353,25696,8644,5.0,1317231022
3776354,25696,8665,4.5,1317232092
3776355,25696,8961,4.0,1317945609
3776356,25696,27611,4.5,1317230663
3776357,25696,31685,5.0,1317179355
3776358,25696,33493,4.5,1317230584
3776359,25696,33615,4.0,1317945085
3776360,25696,34162,4.5,1317227800
3776361,25696,40581,3.0,1317228739
3776362,25696,44004,4.0,1317179310
3776363,25696,45499,4.0,1317179104
3776364,25696,45722,3.5,1317181201
3776365,25696,45726,3.5,1326080216
3776366,25696,45732,3.5,1317179166
3776367,25696,49274,3.5,1317945675
3776368,25696,49278,4.0,1317231102
3776369,25696,50872,3.5,1317180315
3776370,25696,52245,4.5,1317236742
3776371,25696,53972,5.0,1317236119
3776372,25696,53996,3.5,1317236195
3776373,25696,54286,5.0,1317232083
3776374,25696,60069,4.5,1317180228
3776375,25696,60074,5.0,1317179124
3776376,25696,60126,4.0,1317236072
3776377,25696,61132,5.0,1317236034
3776378,25696,62439,4.5,1317227777
3776379,25696,63131,3.0,1317178468
3776380,25696,63859,3.5,1317945664
3776381,25696,66203,4.5,1326079446
3776382,25696,67087,5.0,1317227978
3776383,25696,67193,3.5,1317227608
3776384,25696,68319,4.0,1317178988
3776385,25696,68358,4.5,1317230570
3776386,25696,69122,5.0,1317227945
3776387,25696,69406,5.0,1317180448
3776388,25696,71264,3.5,1319064661
3776389,25696,72356,3.5,1319064817
3776390,25696,72378,3.5,1317230946
3776391,25696,72998,5.0,1317230549
3776392,25696,73015,4.0,1326079526
3776393,25696,76093,4.5,1317180283
3776394,25696,79091,3.0,1317945104
3776395,25696,80463,2.0,1317227357
3776396,25696,80549,5.0,1317228508
3776397,25696,81229,4.5,1317236095
3776398,25696,82461,4.5,1319064550
3776399,25696,83613,3.0,1326079987
3776400,25696,84374,3.5,1328327055
3776401,25696,84954,5.0,1317231182
3776402,25696,85056,3.5,1317179071
3776403,25696,85367,4.0,1317179247
3776404,25696,85414,4.5,1317231117
3776405,25696,86644,5.0,1317179891
3776406,25696,87232,4.0,1317178937
3776407,25696,87430,5.0,1317178968
3776408,25696,87520,0.5,1317179605
3776409,25696,88140,4.0,1317178910
3776410,25696,88785,4.5,1326079925
3776411,25696,89492,4.5,1326080117
3776412,25697,10,3.0,840482767
3776413,25697,19,4.0,840482906
3776414,25697,47,4.0,840482833
3776415,25697,110,5.0,840482804
3776416,25697,165,3.0,840482631
3776417,25697,185,4.0,840482767
3776418,25697,208,3.0,840482767
3776419,25697,253,5.0,840482767
3776420,25697,288,5.0,840482804
3776421,25697,292,4.0,840482700
3776422,25697,296,4.0,840482599
3776423,25697,329,4.0,840482700
3776424,25697,344,3.0,840482631
3776425,25697,356,3.0,840482804
3776426,25697,364,1.0,840482833
3776427,25697,367,5.0,840482906
3776428,25697,377,3.0,840482906
3776429,25697,410,4.0,840482833
3776430,25697,457,4.0,840482668
3776431,25697,480,3.0,840482804
3776432,25697,589,4.0,840482906
3776433,25697,590,3.0,840482599
3776434,25697,592,3.0,840482599
3776435,25697,593,4.0,840482668
3776436,25697,595,3.0,840482668
3776437,25698,70,4.5,1115559636
3776438,25698,104,3.5,1115559531
3776439,25698,165,4.0,1116861346
3776440,25698,260,4.5,1115559728
3776441,25698,370,4.5,1115559589
3776442,25698,589,5.0,1116799774
3776443,25698,653,4.0,1115559548
3776444,25698,673,4.0,1116799827
3776445,25698,780,4.5,1116799865
3776446,25698,786,4.0,1115559497
3776447,25698,1036,4.0,1116861333
3776448,25698,1196,5.0,1115559742
3776449,25698,1210,5.0,1115559721
3776450,25698,1240,4.5,1116799755
3776451,25698,1270,4.5,1116799747
3776452,25698,1370,4.0,1116861348
3776453,25698,1517,4.0,1115559527
3776454,25698,1527,4.5,1115559500
3776455,25698,1580,4.5,1116799915
3776456,25698,1917,4.5,1116861320
3776457,25698,1923,5.0,1115559507
3776458,25698,2012,3.5,1115559564
3776459,25698,2321,3.0,1115559626
3776460,25698,2571,5.0,1116799744
3776461,25698,2599,2.5,1115559578
3776462,25698,2628,2.0,1115559734
3776463,25698,3033,4.5,1116799805
3776464,25698,3176,3.5,1115559616
3776465,25698,3785,4.5,1116799884
3776466,25698,3793,4.0,1116799741
3776467,25698,3827,4.0,1116799830
3776468,25698,3994,2.0,1116861355
3776469,25698,4306,5.0,1115559535
3776470,25698,4388,3.5,1116799887
3776471,25698,5349,4.5,1115559644
3776472,25698,5378,2.5,1115559738
3776473,25698,5459,4.0,1116799916
3776474,25698,5952,5.0,1115559584
3776475,25698,6534,1.5,1116861293
3776476,25698,6537,4.5,1116799777
3776477,25698,6595,4.0,1116861431
3776478,25698,6874,4.5,1116861456
3776479,25698,6888,4.5,1116799890
3776480,25698,7438,4.0,1116861459
3776481,25698,8360,4.5,1116861259
3776482,25698,8636,4.5,1116799737
3776483,25698,8644,4.0,1116799929
3776484,25698,33493,4.5,1116799586
3776485,25699,260,3.5,1421162904
3776486,25699,293,4.5,1421163749
3776487,25699,589,4.5,1421163762
3776488,25699,741,4.5,1421163906
3776489,25699,1198,3.5,1421162903
3776490,25699,1200,4.5,1421163745
3776491,25699,1240,4.0,1421163782
3776492,25699,2028,2.0,1421163792
3776493,25699,2571,3.5,1421162906
3776494,25699,2959,3.5,1421163844
3776495,25699,3000,4.5,1421163889
3776496,25699,3147,3.0,1421163850
3776497,25699,3527,3.5,1421163839
3776498,25699,3949,4.0,1421163828
3776499,25699,5618,4.5,1421163879
3776500,25699,5971,4.5,1421163887
3776501,25699,7099,4.0,1421163890
3776502,25699,7153,3.0,1421162912
3776503,25699,26776,3.5,1421163912
3776504,25699,31658,4.0,1421163895
3776505,25699,45499,2.0,1421162927
3776506,25699,47610,2.0,1421162931
3776507,25699,56174,3.0,1421162920
3776508,25699,58559,4.0,1421162909
3776509,25699,59315,2.5,1421163787
3776510,25699,62336,4.0,1421163860
3776511,25699,68358,2.5,1421163799
3776512,25699,76093,3.5,1421163805
3776513,25699,79132,3.0,1421163754
3776514,25699,106762,4.5,1421163943
3776515,25699,109374,4.0,1421162947
3776516,25699,109487,3.0,1421162939
3776517,25699,111362,2.0,1421163834
3776518,25699,111759,3.5,1421162959
3776519,25699,112852,4.0,1421162956
3776520,25700,1,5.0,857980026
3776521,25700,3,5.0,857980093
3776522,25700,5,4.0,857980093
3776523,25700,6,3.0,857980093
3776524,25700,7,4.0,857980094
3776525,25700,32,4.0,857980026
3776526,25700,36,3.0,857980093
3776527,25700,62,5.0,857980027
3776528,25700,95,3.0,857980027
3776529,25700,104,5.0,857980161
3776530,25700,141,5.0,857980027
3776531,25700,260,5.0,857980161
3776532,25700,494,4.0,857980093
3776533,25700,648,4.0,857980026
3776534,25700,653,5.0,857980161
3776535,25700,708,1.0,857980160
3776536,25700,733,5.0,857980093
3776537,25700,736,4.0,857980026
3776538,25700,780,3.0,857980026
3776539,25700,784,3.0,857980161
3776540,25700,786,4.0,857980094
3776541,25700,788,4.0,857980161
3776542,25700,1073,5.0,857980093
3776543,25701,2601,4.0,935505691
3776544,25701,2671,5.0,935505163
3776545,25701,2672,3.0,935505457
3776546,25701,2673,5.0,935505277
3776547,25701,2674,5.0,935505365
3776548,25701,2675,4.0,935505365
3776549,25701,2676,3.0,935505365
3776550,25701,2677,5.0,935505163
3776551,25701,2679,2.0,935505365
3776552,25701,2680,3.0,935505365
3776553,25701,2682,3.0,935505277
3776554,25701,2683,5.0,935505457
3776555,25701,2686,4.0,935505561
3776556,25701,2688,3.0,935505622
3776557,25701,2689,5.0,935505277
3776558,25701,2690,3.0,935505163
3776559,25701,2691,3.0,935505277
3776560,25701,2694,4.0,935505622
3776561,25701,2695,2.0,935505457
3776562,25701,2696,2.0,935505457
3776563,25701,2698,2.0,935505622
3776564,25701,2700,5.0,935505561
3776565,25701,2701,5.0,935505736
3776566,25701,2702,3.0,935505457
3776567,25701,2703,3.0,935505365
3776568,25701,2705,3.0,935505277
3776569,25701,2706,3.0,935505163
3776570,25701,2707,4.0,935505622
3776571,25701,2709,5.0,935505691
3776572,25701,2710,3.0,935505561
3776573,25701,2711,5.0,935505277
3776574,25701,2712,5.0,935505277
3776575,25701,2713,4.0,935505691
3776576,25701,2714,5.0,935505277
3776577,25701,2718,3.0,935505691
3776578,25701,2724,5.0,935505691
3776579,25701,2725,3.0,935505277
3776580,25701,2759,4.0,935505622
3776581,25701,2762,4.0,935505163
3776582,25701,2763,3.0,935505365
3776583,25701,2765,3.0,935505622
3776584,25701,2766,4.0,935505791
3776585,25701,2768,5.0,935505736
3776586,25701,2770,4.0,935505561
3776587,25701,2771,2.0,935505457
3776588,25701,2772,4.0,935505163
3776589,25701,2773,5.0,935505791
3776590,25701,2774,3.0,935505277
3776591,25701,2776,4.0,935505163
3776592,25701,2805,4.0,935505561
3776593,25701,2806,1.0,935505561
3776594,25701,2809,3.0,935505736
3776595,25701,2811,3.0,935505561
3776596,25701,2813,2.0,935505736
3776597,25701,2825,2.0,935505736
3776598,25701,2827,5.0,935505622
3776599,25701,2828,5.0,935505691
3776600,25701,2830,4.0,935505736
3776601,25702,1,4.0,1104154346
3776602,25702,2,4.0,1104153926
3776603,25702,3,3.5,1104154701
3776604,25702,10,3.5,1104154660
3776605,25702,36,4.5,1104154578
3776606,25702,110,5.0,1104161228
3776607,25702,150,4.0,1104154279
3776608,25702,163,4.0,1104154574
3776609,25702,191,4.5,1104154986
3776610,25702,224,3.0,1104154620
3776611,25702,249,4.5,1104155011
3776612,25702,260,4.0,1104161231
3776613,25702,266,4.5,1104153930
3776614,25702,288,3.0,1104154650
3776615,25702,296,4.0,1104161218
3776616,25702,300,3.5,1104154585
3776617,25702,318,5.0,1104154299
3776618,25702,329,4.0,1104154612
3776619,25702,342,3.5,1104154600
3776620,25702,350,4.5,1104153881
3776621,25702,353,3.5,1104154633
3776622,25702,356,4.5,1104161214
3776623,25702,367,2.5,1104154606
3776624,25702,368,4.0,1104154005
3776625,25702,380,3.5,1104154332
3776626,25702,410,3.0,1104154581
3776627,25702,435,3.0,1104154550
3776628,25702,442,3.5,1104153989
3776629,25702,454,4.0,1104154491
3776630,25702,457,4.5,1104161197
3776631,25702,471,3.5,1104154541
3776632,25702,480,3.0,1104161211
3776633,25702,485,3.5,1104154558
3776634,25702,497,3.5,1104154506
3776635,25702,509,3.0,1104153934
3776636,25702,520,2.5,1104154520
3776637,25702,527,4.5,1104154340
3776638,25702,539,3.5,1104154497
3776639,25702,553,3.5,1104154518
3776640,25702,589,4.0,1104161235
3776641,25702,590,4.5,1104161208
3776642,25702,592,4.0,1104161204
3776643,25702,593,4.5,1104154313
3776644,25702,594,3.5,1104154012
3776645,25702,595,3.0,1104154502
3776646,25702,596,3.0,1104154494
3776647,25702,661,3.0,1104154554
3776648,25702,708,3.0,1104154023
3776649,25702,733,4.0,1104154535
3776650,25702,750,3.5,1104154528
3776651,25702,780,4.0,1104154288
3776652,25702,786,3.5,1104153897
3776653,25702,788,3.0,1104154459
3776654,25702,919,4.5,1104153953
3776655,25702,1079,4.0,1104154455
3776656,25702,1084,3.0,1104154407
3776657,25702,1094,1.5,1104154420
3776658,25702,1183,4.5,1104154468
3776659,25702,1213,4.0,1104153921
3776660,25702,1233,3.5,1104154483
3776661,25702,1307,4.0,1104153948
3776662,25702,1408,4.5,1104154436
3776663,25702,1527,3.5,1104153994
3776664,25702,1610,4.5,1104153997
3776665,25702,1625,4.5,1104154402
3776666,25702,1784,3.5,1104153976
3776667,25702,1923,2.5,1104154019
3776668,25702,1961,4.0,1104153940
3776669,25702,2115,4.5,1104154452
3776670,25702,2683,3.0,1104153984
3776671,25702,2762,4.5,1104154337
3776672,25702,2791,3.5,1104154309
3776673,25702,3101,4.0,1104154304
3776674,25702,3435,4.0,1104154815
3776675,25702,3479,4.0,1104154771
3776676,25702,3510,4.0,1104154836
3776677,25702,3578,4.0,1104154330
3776678,25702,3638,3.5,1104154840
3776679,25702,3698,3.5,1104154862
3776680,25702,3752,3.0,1104154797
3776681,25702,3791,4.0,1104154773
3776682,25702,3863,1.5,1104154853
3776683,25702,3948,3.0,1104154788
3776684,25702,3968,2.5,1104154784
3776685,25702,3977,2.5,1104154295
3776686,25702,3984,3.0,1104154827
3776687,25702,4022,4.0,1104154357
3776688,25702,4069,2.5,1104154781
3776689,25702,4084,3.0,1104154696
3776690,25702,4299,2.5,1104154684
3776691,25702,4343,2.5,1104154763
3776692,25702,4344,3.5,1104154747
3776693,25702,4369,3.0,1104154706
3776694,25702,4816,2.5,1104154672
3776695,25702,4848,4.0,1104154668
3776696,25702,5418,3.5,1104154692
3776697,25702,5673,3.0,1104154743
3776698,25702,5679,3.5,1104154723
3776699,25702,6218,3.0,1104154739
3776700,25702,6365,4.0,1104154753
3776701,25702,6378,3.5,1104154735
3776702,25703,5,4.0,959224062
3776703,25703,261,4.0,959223783
3776704,25703,265,5.0,959223757
3776705,25703,454,4.0,959223784
3776706,25703,809,2.0,958511618
3776707,25703,916,3.0,958511618
3776708,25703,1081,5.0,959223885
3776709,25703,1127,4.0,959223666
3776710,25703,1375,4.0,959223885
3776711,25703,1863,2.0,959224101
3776712,25703,1959,4.0,959223757
3776713,25703,2076,4.0,959223689
3776714,25703,2082,3.0,959224001
3776715,25703,2161,2.0,958511618
3776716,25703,2424,4.0,958511618
3776717,25703,2474,4.0,959223827
3776718,25703,2628,4.0,959224276
3776719,25703,2712,3.0,959223885
3776720,25703,2746,3.0,959223827
3776721,25703,2762,5.0,959223610
3776722,25703,2840,4.0,959223973
3776723,25703,2858,5.0,959224230
3776724,25703,2861,4.0,959223713
3776725,25703,2882,3.0,959224001
3776726,25703,2888,3.0,959224101
3776727,25703,2889,4.0,959223827
3776728,25703,2906,4.0,959224316
3776729,25703,2912,3.0,959223757
3776730,25703,2949,5.0,959223666
3776731,25703,2975,4.0,959223945
3776732,25703,2977,4.0,959224101
3776733,25703,3004,4.0,959224101
3776734,25703,3005,4.0,959223827
3776735,25703,3052,2.0,959223636
3776736,25703,3072,2.0,958511618
3776737,25703,3082,5.0,959223885
3776738,25703,3102,4.0,959223827
3776739,25703,3113,3.0,959224062
3776740,25703,3115,4.0,959223910
3776741,25703,3118,4.0,959223973
3776742,25703,3157,4.0,959224001
3776743,25703,3175,4.0,959224261
3776744,25703,3285,3.0,958511826
3776745,25703,3301,4.0,958511889
3776746,25703,3317,5.0,958511738
3776747,25703,3324,2.0,958511979
3776748,25703,3354,3.0,958511889
3776749,25703,3387,4.0,959223973
3776750,25703,3408,5.0,958511738
3776751,25703,3481,4.0,958511738
3776752,25703,3483,3.0,958511889
3776753,25703,3484,3.0,958511826
3776754,25703,3489,5.0,959224062
3776755,25703,3494,4.0,959223827
3776756,25703,3501,4.0,959223757
3776757,25703,3510,5.0,958511738
3776758,25703,3512,4.0,958511777
3776759,25703,3534,4.0,958511777
3776760,25703,3536,5.0,958511738
3776761,25703,3537,3.0,958511889
3776762,25703,3552,4.0,959223827
3776763,25703,3555,3.0,958511738
3776764,25703,3557,3.0,959224101
3776765,25703,3565,4.0,958512347
3776766,25703,3572,1.0,959224101
3776767,25703,3578,4.0,958511777
3776768,25703,3579,3.0,958511979
3776769,25703,3591,4.0,959223885
3776770,25703,3593,2.0,958511949
3776771,25703,3594,4.0,958511950
3776772,25703,3614,2.0,959223945
3776773,25703,3618,2.0,959223469
3776774,25703,3620,2.0,959223363
3776775,25703,3623,4.0,959223363
3776776,25703,3624,5.0,959223469
3776777,25703,3633,4.0,959223406
3776778,25703,3635,5.0,959223469
3776779,25703,3638,5.0,959223363
3776780,25703,3639,5.0,959223363
3776781,25703,3649,4.0,959223183
3776782,25703,3654,4.0,959223827
3776783,25703,3669,2.0,959223506
3776784,25703,3671,5.0,959223213
3776785,25703,3681,3.0,959223271
3776786,25703,3682,4.0,959223363
3776787,25703,3684,4.0,959223271
3776788,25703,3685,4.0,959223406
3776789,25703,3686,5.0,959223271
3776790,25703,3688,3.0,959223406
3776791,25703,3689,1.0,959223406
3776792,25703,3690,1.0,959223406
3776793,25703,3697,3.0,959223406
3776794,25703,3699,5.0,959223469
3776795,25703,3702,4.0,959223305
3776796,25703,3703,4.0,959223305
3776797,25703,3704,4.0,959223363
3776798,25703,3705,4.0,959223213
3776799,25703,3706,3.0,959223183
3776800,25703,3707,4.0,959223363
3776801,25704,1,5.0,956262153
3776802,25704,2,4.0,960949707
3776803,25704,5,3.0,960950833
3776804,25704,7,4.0,960950698
3776805,25704,11,5.0,956263260
3776806,25704,17,4.0,956262103
3776807,25704,19,3.0,956344837
3776808,25704,21,4.0,956333186
3776809,25704,24,2.0,956264311
3776810,25704,25,3.0,966658594
3776811,25704,36,3.0,966658531
3776812,25704,39,3.0,956262957
3776813,25704,42,3.0,956345600
3776814,25704,48,3.0,956332721
3776815,25704,50,5.0,956261964
3776816,25704,58,3.0,956262215
3776817,25704,62,5.0,966658922
3776818,25704,95,3.0,956345633
3776819,25704,104,5.0,956343176
3776820,25704,105,4.0,966659242
3776821,25704,126,2.0,960949643
3776822,25704,141,4.0,956263531
3776823,25704,144,5.0,956343283
3776824,25704,145,2.0,956263454
3776825,25704,150,4.0,956262460
3776826,25704,151,1.0,956262645
3776827,25704,153,4.0,956344383
3776828,25704,159,3.0,966659242
3776829,25704,160,2.0,956345690
3776830,25704,161,4.0,966658799
3776831,25704,164,3.0,956263915
3776832,25704,165,5.0,956263773
3776833,25704,171,3.0,966660236
3776834,25704,180,5.0,956333399
3776835,25704,182,2.0,956264559
3776836,25704,186,4.0,956344233
3776837,25704,193,1.0,966660511
3776838,25704,203,2.0,966660092
3776839,25704,216,2.0,956343525
3776840,25704,222,4.0,966658703
3776841,25704,223,5.0,956263171
3776842,25704,225,4.0,966659380
3776843,25704,230,4.0,956263501
3776844,25704,231,4.0,956264642
3776845,25704,232,5.0,956262720
3776846,25704,236,3.0,956343571
3776847,25704,237,2.0,956344000
3776848,25704,239,3.0,956332576
3776849,25704,246,5.0,956344966
3776850,25704,252,4.0,956343847
3776851,25704,253,1.0,966659421
3776852,25704,257,3.0,956263981
3776853,25704,260,4.0,956345046
3776854,25704,265,5.0,966658703
3776855,25704,266,3.0,966659330
3776856,25704,272,4.0,956262419
3776857,25704,278,3.0,956333267
3776858,25704,281,3.0,956264024
3776859,25704,292,2.0,956263260
3776860,25704,296,5.0,956261985
3776861,25704,299,5.0,956262720
3776862,25704,300,3.0,956262903
3776863,25704,317,4.0,956263749
3776864,25704,318,5.0,956261893
3776865,25704,333,4.0,956343406
3776866,25704,339,3.0,966659675
3776867,25704,342,3.0,956333112
3776868,25704,344,4.0,956264597
3776869,25704,345,3.0,956263223
3776870,25704,348,3.0,956333332
3776871,25704,349,4.0,956262553
3776872,25704,350,4.0,956263726
3776873,25704,351,3.0,956344325
3776874,25704,352,3.0,956344266
3776875,25704,356,5.0,956333146
3776876,25704,357,5.0,956263633
3776877,25704,364,4.0,956262376
3776878,25704,367,3.0,956264311
3776879,25704,368,3.0,956343176
3776880,25704,370,3.0,956344266
3776881,25704,371,3.0,956264497
3776882,25704,372,1.0,956264528
3776883,25704,376,3.0,956345432
3776884,25704,377,4.0,956262773
3776885,25704,378,4.0,956343949
3776886,25704,380,4.0,956263260
3776887,25704,382,1.0,966659761
3776888,25704,414,2.0,956264311
3776889,25704,415,3.0,956344685
3776890,25704,417,3.0,960950121
3776891,25704,429,2.0,956344900
3776892,25704,432,3.0,956344495
3776893,25704,434,4.0,956345568
3776894,25704,440,4.0,956262592
3776895,25704,454,4.0,956263135
3776896,25704,457,4.0,956262264
3776897,25704,466,3.0,956344344
3776898,25704,468,3.0,956263666
3776899,25704,475,4.0,956263325
3776900,25704,480,4.0,956263087
3776901,25704,481,1.0,956263856
3776902,25704,486,2.0,956343920
3776903,25704,491,2.0,956264434
3776904,25704,500,4.0,956264114
3776905,25704,508,4.0,956263171
3776906,25704,514,3.0,956263016
3776907,25704,515,3.0,966659138
3776908,25704,516,2.0,956264054
3776909,25704,520,2.0,966659821
3776910,25704,524,3.0,966659646
3776911,25704,527,4.0,956261930
3776912,25704,529,3.0,956262284
3776913,25704,534,3.0,966659266
3776914,25704,535,1.0,956263633
3776915,25704,539,5.0,956333399
3776916,25704,541,2.0,966660824
3776917,25704,542,4.0,960950918
3776918,25704,550,2.0,966659865
3776919,25704,555,4.0,956345316
3776920,25704,562,1.0,956262773
3776921,25704,585,4.0,956344070
3776922,25704,586,5.0,960949707
3776923,25704,587,4.0,956333161
3776924,25704,588,5.0,956262524
3776925,25704,589,4.0,956262176
3776926,25704,590,2.0,956262799
3776927,25704,592,5.0,956345223
3776928,25704,593,3.0,966658490
3776929,25704,594,3.0,960949512
3776930,25704,595,4.0,960949512
3776931,25704,596,3.0,956332437
3776932,25704,597,4.0,956263607
3776933,25704,608,5.0,956262055
3776934,25704,612,2.0,966660455
3776935,25704,616,3.0,960949540
3776936,25704,635,3.0,956332994
3776937,25704,647,3.0,956263857
3776938,25704,648,4.0,956264367
3776939,25704,673,3.0,956332704
3776940,25704,733,4.0,966659097
3776941,25704,736,2.0,956345432
3776942,25704,762,1.0,956344533
3776943,25704,765,3.0,956344266
3776944,25704,780,5.0,956345367
3776945,25704,783,4.0,960949731
3776946,25704,784,3.0,956344070
3776947,25704,785,3.0,956264468
3776948,25704,788,4.0,956344105
3776949,25704,802,4.0,966659463
3776950,25704,804,4.0,956343525
3776951,25704,805,5.0,956263223
3776952,25704,818,3.0,956344616
3776953,25704,830,3.0,956344518
3776954,25704,832,3.0,966659380
3776955,25704,858,4.0,956345046
3776956,25704,909,5.0,960950091
3776957,25704,915,4.0,956343327
3776958,25704,919,3.0,960949431
3776959,25704,921,2.0,956687033
3776960,25704,934,5.0,956333085
3776961,25704,946,2.0,956333033
3776962,25704,955,3.0,960950169
3776963,25704,968,3.0,956265619
3776964,25704,969,5.0,956345116
3776965,25704,1007,3.0,956344233
3776966,25704,1010,4.0,960949643
3776967,25704,1012,4.0,960949512
3776968,25704,1017,4.0,960949591
3776969,25704,1019,4.0,960949562
3776970,25704,1020,2.0,966659932
3776971,25704,1024,1.0,960949540
3776972,25704,1028,3.0,956333399
3776973,25704,1029,3.0,960949540
3776974,25704,1031,3.0,960949659
3776975,25704,1032,1.0,960949540
3776976,25704,1033,3.0,956332437
3776977,25704,1036,4.0,956345071
3776978,25704,1049,4.0,956345316
3776979,25704,1060,4.0,956262957
3776980,25704,1061,5.0,956263607
3776981,25704,1064,5.0,956332521
3776982,25704,1073,3.0,956333085
3776983,25704,1079,4.0,956332777
3776984,25704,1080,3.0,956333146
3776985,25704,1081,3.0,956333332
3776986,25704,1088,1.0,963025331
3776987,25704,1090,5.0,966660824
3776988,25704,1091,3.0,956344685
3776989,25704,1092,4.0,966659463
3776990,25704,1094,4.0,956263302
3776991,25704,1095,2.0,956263633
3776992,25704,1097,4.0,960949512
3776993,25704,1100,4.0,956345655
3776994,25704,1120,2.0,956264311
3776995,25704,1124,5.0,966661160
3776996,25704,1125,3.0,956343283
3776997,25704,1128,1.0,966661425
3776998,25704,1129,1.0,956345186
3776999,25704,1135,3.0,956343949
3777000,25704,1136,3.0,956332764
3777001,25704,1172,4.0,956332918
3777002,25704,1191,3.0,956264311
3777003,25704,1193,4.0,956260707
3777004,25704,1194,4.0,956343308
3777005,25704,1196,4.0,956345072
3777006,25704,1197,5.0,956332830
3777007,25704,1198,5.0,956345046
3777008,25704,1199,1.0,966660824
3777009,25704,1200,4.0,956345046
3777010,25704,1210,3.0,956260732
3777011,25704,1213,5.0,956262004
3777012,25704,1214,5.0,956345116
3777013,25704,1220,4.0,956333085
3777014,25704,1221,3.0,956345046
3777015,25704,1225,5.0,966660824
3777016,25704,1227,3.0,966661160
3777017,25704,1234,3.0,960949947
3777018,25704,1240,4.0,956345072
3777019,25704,1246,3.0,966661041
3777020,25704,1249,5.0,956263087
3777021,25704,1258,3.0,966660878
3777022,25704,1259,4.0,956332799
3777023,25704,1265,4.0,956262264
3777024,25704,1266,3.0,956262103
3777025,25704,1270,4.0,956260757
3777026,25704,1271,3.0,956263454
3777027,25704,1278,4.0,956332799
3777028,25704,1282,2.0,960949512
3777029,25704,1291,4.0,956345072
3777030,25704,1292,3.0,956343283
3777031,25704,1296,5.0,966661160
3777032,25704,1302,1.0,966660929
3777033,25704,1304,3.0,960949994
3777034,25704,1307,4.0,956332961
3777035,25704,1320,3.0,966659974
3777036,25704,1343,5.0,956263531
3777037,25704,1353,3.0,960950604
3777038,25704,1358,5.0,956262176
3777039,25704,1359,3.0,960949793
3777040,25704,1367,3.0,956344187
3777041,25704,1370,5.0,956263726
3777042,25704,1374,1.0,956345156
3777043,25704,1377,3.0,956343920
3777044,25704,1380,3.0,956343176
3777045,25704,1387,5.0,956345132
3777046,25704,1388,3.0,956345655
3777047,25704,1389,2.0,956345777
3777048,25704,1393,4.0,966658863
3777049,25704,1394,4.0,956332748
3777050,25704,1396,3.0,956262553
3777051,25704,1407,4.0,956263361
3777052,25704,1409,4.0,956344152
3777053,25704,1441,2.0,956344019
3777054,25704,1457,3.0,956344187
3777055,25704,1459,3.0,956264680
3777056,25704,1461,3.0,956344616
3777057,25704,1474,3.0,956344518
3777058,25704,1485,4.0,956264388
3777059,25704,1498,3.0,966659038
3777060,25704,1500,3.0,956332901
3777061,25704,1513,3.0,956265671
3777062,25704,1515,2.0,966660322
3777063,25704,1517,5.0,956262972
3777064,25704,1518,4.0,956264367
3777065,25704,1541,3.0,956264367
3777066,25704,1544,5.0,956345394
3777067,25704,1552,4.0,956345540
3777068,25704,1556,3.0,956345797
3777069,25704,1562,1.0,966660676
3777070,25704,1566,5.0,956263501
3777071,25704,1569,4.0,960950480
3777072,25704,1573,4.0,956263383
3777073,25704,1580,5.0,956333267
3777074,25704,1586,3.0,956345509
3777075,25704,1597,4.0,966659646
3777076,25704,1608,4.0,956263087
3777077,25704,1610,4.0,956262645
3777078,25704,1612,4.0,956344552
3777079,25704,1614,4.0,960950643
3777080,25704,1617,4.0,956265774
3777081,25704,1620,4.0,966659646
3777082,25704,1625,5.0,956262419
3777083,25704,1639,5.0,956260707
3777084,25704,1641,4.0,956262868
3777085,25704,1643,5.0,966658425
3777086,25704,1663,4.0,956333246
3777087,25704,1673,3.0,956262524
3777088,25704,1674,4.0,966661002
3777089,25704,1678,5.0,956262903
3777090,25704,1680,4.0,966659463
3777091,25704,1682,4.0,956262957
3777092,25704,1690,4.0,956345509
3777093,25704,1701,3.0,966659242
3777094,25704,1702,4.0,956344685
3777095,25704,1704,5.0,966658624
3777096,25704,1717,4.0,966659646
3777097,25704,1721,4.0,956260619
3777098,25704,1727,4.0,956264024
3777099,25704,1784,4.0,956262524
3777100,25704,1810,5.0,956263302
3777101,25704,1821,4.0,956343525
3777102,25704,1894,4.0,956344105
3777103,25704,1907,4.0,956264161
3777104,25704,1917,3.0,956345480
3777105,25704,1918,3.0,960950788
3777106,25704,1923,5.0,956333186
3777107,25704,1954,5.0,956345132
3777108,25704,1962,4.0,966661002
3777109,25704,1965,3.0,956343351
3777110,25704,1966,3.0,956262524
3777111,25704,1968,3.0,956333146
3777112,25704,1969,3.0,966661543
3777113,25704,1983,3.0,966661344
3777114,25704,1994,3.0,966660929
3777115,25704,2000,4.0,956333246
3777116,25704,2001,4.0,956343308
3777117,25704,2002,3.0,956343406
3777118,25704,2003,3.0,960950318
3777119,25704,2005,4.0,960949591
3777120,25704,2011,3.0,956333267
3777121,25704,2012,3.0,960950758
3777122,25704,2013,3.0,956265637
3777123,25704,2015,4.0,960949512
3777124,25704,2016,2.0,956344927
3777125,25704,2020,5.0,966660878
3777126,25704,2028,4.0,956262264
3777127,25704,2040,5.0,960949671
3777128,25704,2051,3.0,956343246
3777129,25704,2054,4.0,960949731
3777130,25704,2058,3.0,956262817
3777131,25704,2065,1.0,956333186
3777132,25704,2076,3.0,966661041
3777133,25704,2078,4.0,956332458
3777134,25704,2080,3.0,956332437
3777135,25704,2081,5.0,956332385
3777136,25704,2082,4.0,956344344
3777137,25704,2085,4.0,956332407
3777138,25704,2087,4.0,956332407
3777139,25704,2088,1.0,966661491
3777140,25704,2089,4.0,956332458
3777141,25704,2090,4.0,956332458
3777142,25704,2092,2.0,960949860
3777143,25704,2095,3.0,960950732
3777144,25704,2097,4.0,960949749
3777145,25704,2100,5.0,956333186
3777146,25704,2105,3.0,956345394
3777147,25704,2108,4.0,956263325
3777148,25704,2109,4.0,960950397
3777149,25704,2110,2.0,956344130
3777150,25704,2111,3.0,960950788
3777151,25704,2112,3.0,966659576
3777152,25704,2115,4.0,956345238
3777153,25704,2125,4.0,966658851
3777154,25704,2133,4.0,960950480
3777155,25704,2137,4.0,956332385
3777156,25704,2139,3.0,956332385
3777157,25704,2141,4.0,956332521
3777158,25704,2142,4.0,956332576
3777159,25704,2144,4.0,956333246
3777160,25704,2145,5.0,956343525
3777161,25704,2150,4.0,960950170
3777162,25704,2161,2.0,960949622
3777163,25704,2163,1.0,956344741
3777164,25704,2174,4.0,956333112
3777165,25704,2177,3.0,956343406
3777166,25704,2194,4.0,956345132
3777167,25704,2240,3.0,966661192
3777168,25704,2241,2.0,956344266
3777169,25704,2243,3.0,956332994
3777170,25704,2245,4.0,960950285
3777171,25704,2252,4.0,960950424
3777172,25704,2259,3.0,956344616
3777173,25704,2262,3.0,956343877
3777174,25704,2268,4.0,956262592
3777175,25704,2289,4.0,960949977
3777176,25704,2291,3.0,956262957
3777177,25704,2301,4.0,960950480
3777178,25704,2302,5.0,956263260
3777179,25704,2335,3.0,956344441
3777180,25704,2336,4.0,966658406
3777181,25704,2344,4.0,956345353
3777182,25704,2352,3.0,956332948
3777183,25704,2353,5.0,956263135
3777184,25704,2355,5.0,956265450
3777185,25704,2359,3.0,956262957
3777186,25704,2367,3.0,956345568
3777187,25704,2369,3.0,956344187
3777188,25704,2371,3.0,966661160
3777189,25704,2375,2.0,956344359
3777190,25704,2391,4.0,956262264
3777191,25704,2395,4.0,956265700
3777192,25704,2396,5.0,956262021
3777193,25704,2402,4.0,956345712
3777194,25704,2403,4.0,966661278
3777195,25704,2404,4.0,956345734
3777196,25704,2405,4.0,956345585
3777197,25704,2406,4.0,956333268
3777198,25704,2407,4.0,956333201
3777199,25704,2409,4.0,956345585
3777200,25704,2410,4.0,956345673
3777201,25704,2411,3.0,956345633
3777202,25704,2412,2.0,956345756
3777203,25704,2418,4.0,966661344
3777204,25704,2420,3.0,966661192
3777205,25704,2423,3.0,956332994
3777206,25704,2424,4.0,956264093
3777207,25704,2455,4.0,966661104
3777208,25704,2457,3.0,956343351
3777209,25704,2463,3.0,956333305
3777210,25704,2469,3.0,956344051
3777211,25704,2470,4.0,956343386
3777212,25704,2471,3.0,956344518
3777213,25704,2473,1.0,956344741
3777214,25704,2474,3.0,966661246
3777215,25704,2478,1.0,956344571
3777216,25704,2485,2.0,956265700
3777217,25704,2496,3.0,966659675
3777218,25704,2502,4.0,956263171
3777219,25704,2506,4.0,966659072
3777220,25704,2517,3.0,966661278
3777221,25704,2518,2.0,956333399
3777222,25704,2524,2.0,956345673
3777223,25704,2529,2.0,956345156
3777224,25704,2530,2.0,956345432
3777225,25704,2531,2.0,956345655
3777226,25704,2539,4.0,956343444
3777227,25704,2567,4.0,956263501
3777228,25704,2571,3.0,960949138
3777229,25704,2572,4.0,956265327
3777230,25704,2599,3.0,956265527
3777231,25704,2616,1.0,956345633
3777232,25704,2640,3.0,956345186
3777233,25704,2641,2.0,956345494
3777234,25704,2657,1.0,956343223
3777235,25704,2671,4.0,956265774
3777236,25704,2683,5.0,956265327
3777237,25704,2687,5.0,956332437
3777238,25704,2688,4.0,956264161
3777239,25704,2690,5.0,960950197
3777240,25704,2692,3.0,956261964
3777241,25704,2694,3.0,956343545
3777242,25704,2699,3.0,956264311
3777243,25704,2706,4.0,960949116
3777244,25704,2716,4.0,956265555
3777245,25704,2717,3.0,966661425
3777246,25704,2718,3.0,957993879
3777247,25704,2724,4.0,956265671
3777248,25704,2734,3.0,956265619
3777249,25704,2735,1.0,956344616
3777250,25704,2736,2.0,956333354
3777251,25704,2746,4.0,956343386
3777252,25704,2752,2.0,966661344
3777253,25704,2762,5.0,956262039
3777254,25704,2763,4.0,956265721
3777255,25704,2770,4.0,956263171
3777256,25704,2779,4.0,956343545
3777257,25704,2791,5.0,956332901
3777258,25704,2793,4.0,960950953
3777259,25704,2794,1.0,966661491
3777260,25704,2795,4.0,966660878
3777261,25704,2796,3.0,956344105
3777262,25704,2797,5.0,956332901
3777263,25704,2798,1.0,966660627
3777264,25704,2802,4.0,956345464
3777265,25704,2803,4.0,956263726
3777266,25704,2804,3.0,956332748
3777267,25704,2852,4.0,966660968
3777268,25704,2857,2.0,956332385
3777269,25704,2858,5.0,956261964
3777270,25704,2881,4.0,956265478
3777271,25704,2883,4.0,963025296
3777272,25704,2889,4.0,966659821
3777273,25704,2906,1.0,963025183
3777274,25704,2907,3.0,966660442
3777275,25704,2915,4.0,956332948
3777276,25704,2918,4.0,956332844
3777277,25704,2919,3.0,966660929
3777278,25704,2926,1.0,960950259
3777279,25704,2928,2.0,966661385
3777280,25704,2944,4.0,956345156
3777281,25704,2947,4.0,956345156
3777282,25704,2950,3.0,966661596
3777283,25704,2953,3.0,956344813
3777284,25704,2956,3.0,956345540
3777285,25704,2961,4.0,966660197
3777286,25704,2966,5.0,960949275
3777287,25704,2968,1.0,966661041
3777288,25704,2987,3.0,956265735
3777289,25704,2993,3.0,956345223
3777290,25704,2997,5.0,960949217
3777291,25704,3006,5.0,960949262
3777292,25704,3016,3.0,956265450
3777293,25704,3020,3.0,956263361
3777294,25704,3029,1.0,956345464
3777295,25704,3033,3.0,956343366
3777296,25704,3034,4.0,956332385
3777297,25704,3035,4.0,960950010
3777298,25704,3039,3.0,956333054
3777299,25704,3040,3.0,956333372
3777300,25704,3044,3.0,956263087
3777301,25704,3046,3.0,956262129
3777302,25704,3052,4.0,956262284
3777303,25704,3060,3.0,956263223
3777304,25704,3063,3.0,966660062
3777305,25704,3070,2.0,956343176
3777306,25704,3072,3.0,956333011
3777307,25704,3087,5.0,956260757
3777308,25704,3098,4.0,966660929
3777309,25704,3099,1.0,960950136
3777310,25704,3100,3.0,966658703
3777311,25704,3101,4.0,966661002
3777312,25704,3104,4.0,956333125
3777313,25704,3105,2.0,956262720
3777314,25704,3107,5.0,956263260
3777315,25704,3108,3.0,956263362
3777316,25704,3114,5.0,956265721
3777317,25704,3130,3.0,956344441
3777318,25704,3146,4.0,966660552
3777319,25704,3147,4.0,956262348
3777320,25704,3157,4.0,966659331
3777321,25704,3176,5.0,956265721
3777322,25704,3210,4.0,956332994
3777323,25704,3219,4.0,956265619
3777324,25704,3243,4.0,956344441
3777325,25704,3244,3.0,960950186
3777326,25704,3247,4.0,956343949
3777327,25704,3249,4.0,966659789
3777328,25704,3250,3.0,966658531
3777329,25704,3252,3.0,956263260
3777330,25704,3253,5.0,956333354
3777331,25704,3254,4.0,956264597
3777332,25704,3255,5.0,956333246
3777333,25704,3256,5.0,956263383
3777334,25704,3263,4.0,956343949
3777335,25704,3264,4.0,960950788
3777336,25704,3271,5.0,956263135
3777337,25704,3273,3.0,963025165
3777338,25704,3274,4.0,956345549
3777339,25704,3285,2.0,956261746
3777340,25704,3301,3.0,956261669
3777341,25704,3308,2.0,956343283
3777342,25704,3358,2.0,960950035
3777343,25704,3360,4.0,966660952
3777344,25704,3362,3.0,956333112
3777345,25704,3363,3.0,956333085
3777346,25704,3386,3.0,966658883
3777347,25704,3387,1.0,956344571
3777348,25704,3388,4.0,956344325
3777349,25704,3391,1.0,956344883
3777350,25704,3394,1.0,956344741
3777351,25704,3396,4.0,956332865
3777352,25704,3408,5.0,956261669
3777353,25704,3421,4.0,956333033
3777354,25704,3422,4.0,966661278
3777355,25704,3423,4.0,966661160
3777356,25704,3424,4.0,956332830
3777357,25704,3425,4.0,966659789
3777358,25704,3426,3.0,966659493
3777359,25704,3438,3.0,956345673
3777360,25704,3448,3.0,956333372
3777361,25704,3450,2.0,960950555
3777362,25704,3451,5.0,956343351
3777363,25704,3478,3.0,956264909
3777364,25704,3479,2.0,956265007
3777365,25704,3489,2.0,956264961
3777366,25704,3494,3.0,956265248
3777367,25704,3497,1.0,956343525
3777368,25704,3499,5.0,956262153
3777369,25704,3500,1.0,956265037
3777370,25704,3505,4.0,966661104
3777371,25704,3506,2.0,956265065
3777372,25704,3507,4.0,956265065
3777373,25704,3524,2.0,956265166
3777374,25704,3525,2.0,956344187
3777375,25704,3526,4.0,956265065
3777376,25704,3528,3.0,956265222
3777377,25704,3543,3.0,956264945
3777378,25704,3552,3.0,956264926
3777379,25704,3557,3.0,956265007
3777380,25704,3578,5.0,960949059
3777381,25704,3591,4.0,966661160
3777382,25704,3608,4.0,966660952
3777383,25704,3614,4.0,960950448
3777384,25704,3615,4.0,960949059
3777385,25704,3623,3.0,960949087
3777386,25704,3649,2.0,966661535
3777387,25704,3671,5.0,960950227
3777388,25704,3685,3.0,960950285
3777389,25704,3688,3.0,960950878
3777390,25704,3706,1.0,966661104
3777391,25704,3707,3.0,966661385
3777392,25704,3712,4.0,960950318
3777393,25704,3751,5.0,963025029
3777394,25704,3755,4.0,966658357
3777395,25704,3763,3.0,966661011
3777396,25704,3791,3.0,966661385
3777397,25704,3809,4.0,966658922
3777398,25704,3820,1.0,966658381
3777399,25704,3835,2.0,966659932
3777400,25704,3844,4.0,966661246
3777401,25704,5060,3.0,956332948
3777402,25705,190,4.0,955086553
3777403,25705,610,1.0,955086890
3777404,25705,1097,5.0,955086752
3777405,25705,1127,5.0,955086829
3777406,25705,1129,5.0,955086829
3777407,25705,1152,1.0,955086625
3777408,25705,1196,5.0,955086752
3777409,25705,1210,5.0,955086625
3777410,25705,1240,5.0,955086752
3777411,25705,1270,5.0,955086752
3777412,25705,1373,5.0,955086984
3777413,25705,1374,5.0,955086829
3777414,25705,1375,5.0,955086890
3777415,25705,1376,4.0,955086829
3777416,25705,1617,3.0,955086553
3777417,25705,1965,2.0,955086752
3777418,25705,2011,5.0,955086830
3777419,25705,2054,4.0,955086890
3777420,25705,2093,2.0,955086936
3777421,25705,2105,5.0,955086890
3777422,25705,2117,1.0,955086830
3777423,25705,2288,2.0,955086830
3777424,25705,2311,1.0,955086890
3777425,25705,2364,3.0,955086984
3777426,25705,2407,5.0,955086830
3777427,25705,2408,5.0,955086936
3777428,25705,2411,3.0,955086625
3777429,25705,2450,2.0,955086984
3777430,25705,2455,4.0,955086830
3777431,25705,2525,3.0,955086936
3777432,25705,2623,3.0,955086553
3777433,25705,2641,4.0,955086890
3777434,25705,2642,4.0,955086984
3777435,25705,2643,5.0,955086984
3777436,25705,2668,4.0,955086752
3777437,25705,2968,1.0,955086752
3777438,25705,2975,4.0,955086553
3777439,25705,2985,5.0,955086890
3777440,25705,3033,5.0,955086936
3777441,25705,3424,5.0,955086625
3777442,25705,3494,5.0,955086625
3777443,25705,3527,5.0,955086830
3777444,25705,4006,5.0,955086936
3777445,25706,31,4.0,1312149670
3777446,25706,44,1.0,1312149637
3777447,25706,345,1.5,1312149645
3777448,25706,355,2.0,1312149674
3777449,25706,515,5.0,1312149655
3777450,25706,529,5.0,1312149652
3777451,25706,673,3.5,1312149678
3777452,25706,762,4.5,1312149641
3777453,25706,899,3.0,1312149682
3777454,25706,913,3.0,1312149596
3777455,25706,1088,4.5,1312149648
3777456,25706,1204,2.0,1312149599
3777457,25706,1569,4.5,1312149686
3777458,25706,1722,3.0,1312149608
3777459,25706,2100,2.0,1312149611
3777460,25706,2890,3.5,1312149614
3777461,25706,3255,3.5,1312149664
3777462,25706,3911,4.0,1312149667
3777463,25706,4011,4.0,1312150723
3777464,25706,4226,3.5,1312150711
3777465,25706,6016,4.5,1312150557
3777466,25706,7981,4.0,1312150715
3777467,25706,48516,3.5,1312150719
3777468,25706,58559,4.0,1312150554
3777469,25707,5,2.0,1023826565
3777470,25707,31,3.0,1023827025
3777471,25707,57,3.0,1023825789
3777472,25707,69,3.0,1023827025
3777473,25707,102,1.0,1023826832
3777474,25707,110,3.0,1023825368
3777475,25707,158,2.0,1023826399
3777476,25707,261,4.0,1023826045
3777477,25707,344,3.0,1023826946
3777478,25707,356,5.0,1023826565
3777479,25707,367,3.0,1023826386
3777480,25707,377,3.0,1023825789
3777481,25707,539,4.0,1023826608
3777482,25707,552,3.0,1023826904
3777483,25707,569,3.0,1023826684
3777484,25707,590,4.0,1023826596
3777485,25707,595,4.0,1023826946
3777486,25707,596,4.0,1023826886
3777487,25707,605,3.0,1023826930
3777488,25707,608,3.0,1023826565
3777489,25707,609,3.0,1023825384
3777490,25707,648,3.0,1023826208
3777491,25707,700,2.0,1023826083
3777492,25707,724,2.0,1023826460
3777493,25707,780,4.0,1023826190
3777494,25707,788,2.0,1023826596
3777495,25707,804,4.0,1023826045
3777496,25707,902,4.0,1023827078
3777497,25707,919,5.0,1023826503
3777498,25707,920,4.0,1023825253
3777499,25707,1029,4.0,1023826190
3777500,25707,1097,1.0,1023825449
3777501,25707,1099,3.0,1023827078
3777502,25707,1197,3.0,1023825272
3777503,25707,1240,2.0,1023826297
3777504,25707,1271,4.0,1023825932
3777505,25707,1363,2.0,1023826749
3777506,25707,1409,2.0,1023826528
3777507,25707,1580,4.0,1023826768
3777508,25707,1654,2.0,1023825986
3777509,25707,1682,4.0,1023825820
3777510,25707,1717,1.0,1023825859
3777511,25707,1721,4.0,1023825789
3777512,25707,1732,4.0,1023825789
3777513,25707,1784,5.0,1023825945
3777514,25707,1804,2.0,1023825859
3777515,25707,1837,3.0,1023826425
3777516,25707,1917,3.0,1023826833
3777517,25707,1962,3.0,1023826874
3777518,25707,2003,1.0,1023826904
3777519,25707,2058,3.0,1023826978
3777520,25707,2145,3.0,1023826956
3777521,25707,2302,3.0,1023826259
3777522,25707,2398,4.0,1023826968
3777523,25707,2432,4.0,1023826341
3777524,25707,2478,4.0,1023826235
3777525,25707,2539,3.0,1023826208
3777526,25707,2546,4.0,1023826492
3777527,25707,2580,3.0,1023826083
3777528,25707,2639,2.0,1023826472
3777529,25707,2890,3.0,1023825326
3777530,25707,2918,5.0,1023826802
3777531,25707,2984,3.0,1023825986
3777532,25707,3052,3.0,1023825986
3777533,25707,3107,3.0,1023826698
3777534,25707,3114,4.0,1023825895
3777535,25707,3155,3.0,1023826565
3777536,25707,3173,3.0,1023825235
3777537,25707,3179,4.0,1023825449
3777538,25707,3247,4.0,1023825986
3777539,25707,3386,3.0,1023826584
3777540,25707,3418,4.0,1023826147
3777541,25707,3554,4.0,1023826399
3777542,25707,3623,3.0,1023826235
3777543,25707,3827,3.0,1023826749
3777544,25707,3844,5.0,1023825956
3777545,25707,3977,3.0,1023826642
3777546,25707,3988,3.0,1023826460
3777547,25707,4040,3.0,1023825820
3777548,25707,4067,4.0,1023826411
3777549,25707,4231,5.0,1023826190
3777550,25707,4356,3.0,1023825288
3777551,25707,4558,3.0,1023826768
3777552,25707,4639,4.0,1023825368
3777553,25707,4701,4.0,1023826007
3777554,25707,4776,4.0,1023825616
3777555,25707,4816,3.0,1023825652
3777556,25707,4867,3.0,1023825683
3777557,25707,4874,3.0,1023825591
3777558,25707,4880,4.0,1023825616
3777559,25707,4896,5.0,1023825695
3777560,25707,4958,3.0,1023825616
3777561,25707,4963,5.0,1023825616
3777562,25707,4969,4.0,1023826874
3777563,25707,4975,2.0,1023825616
3777564,25707,5102,4.0,1023825288
3777565,25707,5267,4.0,1023825547
3777566,25707,5324,4.0,1023825505
3777567,25707,5349,4.0,1023825505
3777568,25707,5400,4.0,1023825505
3777569,25708,16,4.0,1115842296
3777570,25708,19,4.0,1115843453
3777571,25708,104,3.5,1115842273
3777572,25708,260,4.5,1115843394
3777573,25708,316,4.5,1115843299
3777574,25708,317,2.5,1115842245
3777575,25708,329,4.0,1115843187
3777576,25708,442,4.0,1115842236
3777577,25708,473,3.5,1115843739
3777578,25708,516,3.0,1115843599
3777579,25708,524,3.5,1115843595
3777580,25708,608,3.5,1115842429
3777581,25708,902,4.0,1115842646
3777582,25708,903,4.5,1115842498
3777583,25708,904,4.5,1115842450
3777584,25708,908,5.0,1115842459
3777585,25708,1073,4.0,1115843436
3777586,25708,1206,4.0,1115842392
3777587,25708,1208,3.5,1115842259
3777588,25708,1219,5.0,1115842303
3777589,25708,1220,4.5,1115842267
3777590,25708,1240,3.5,1115843409
3777591,25708,1247,4.5,1115842539
3777592,25708,1253,5.0,1115843257
3777593,25708,1258,4.5,1115842308
3777594,25708,1291,4.5,1115843415
3777595,25708,1302,4.0,1115843422
3777596,25708,1333,4.5,1115842432
3777597,25708,1345,4.0,1115842597
3777598,25708,1356,5.0,1115843181
3777599,25708,1371,3.0,1115843163
3777600,25708,1372,4.0,1115843177
3777601,25708,1373,3.5,1115843166
3777602,25708,1374,4.0,1115842312
3777603,25708,1375,4.5,1115843172
3777604,25708,1376,5.0,1115843184
3777605,25708,1387,4.5,1115843417
3777606,25708,1394,3.5,1115843420
3777607,25708,1517,4.0,1115842263
3777608,25708,1544,3.5,1115843431
3777609,25708,1584,4.5,1115842228
3777610,25708,1610,3.5,1115842238
3777611,25708,1909,4.5,1115843378
3777612,25708,1917,3.5,1115842291
3777613,25708,2021,3.5,1115843272
3777614,25708,2144,2.5,1115843547
3777615,25708,2176,5.0,1115843693
3777616,25708,2186,4.0,1115842602
3777617,25708,2232,4.0,1115842608
3777618,25708,2253,3.5,1115843544
3777619,25708,2294,3.5,1115843537
3777620,25708,2302,3.5,1115843376
3777621,25708,2311,4.5,1115843541
3777622,25708,2315,1.5,1115843686
3777623,25708,2393,4.0,1115843159
3777624,25708,2424,3.5,1115843552
3777625,25708,2530,3.5,1115843523
3777626,25708,2532,3.5,1115843664
3777627,25708,2533,3.5,1115843527
3777628,25708,2599,4.0,1115842480
3777629,25708,2628,4.0,1115843391
3777630,25708,2657,3.5,1115843381
3777631,25708,2664,4.0,1115843509
3777632,25708,2683,4.0,1115843373
3777633,25708,2716,5.0,1115843812
3777634,25708,2717,4.5,1115843512
3777635,25708,2858,4.5,1115843385
3777636,25708,2953,3.0,1115843531
3777637,25708,2987,3.0,1115842252
3777638,25708,2990,2.5,1115843519
3777639,25708,2997,4.0,1115842436
3777640,25708,3174,3.5,1115843482
3777641,25708,3254,4.0,1115843494
3777642,25708,3354,3.5,1115843490
3777643,25708,3355,4.5,1115843650
3777644,25708,3408,3.5,1115843389
3777645,25708,3471,5.0,1115843397
3777646,25708,3671,3.5,1115843492
3777647,25708,3793,4.5,1115842281
3777648,25708,4017,3.5,1115842577
3777649,25708,4306,4.0,1115842276
3777650,25708,4308,4.5,1115842639
3777651,25708,4734,3.0,1115843446
3777652,25708,4878,5.0,1115842367
3777653,25708,4896,4.0,1115843400
3777654,25708,4979,5.0,1115842504
3777655,25708,5010,4.5,1115843456
3777656,25708,5383,3.5,1115843795
3777657,25708,5445,4.0,1115843371
3777658,25708,5459,4.0,1115843459
3777659,25708,5673,3.0,1115842560
3777660,25708,5872,3.5,1115843464
3777661,25708,5944,4.5,1115843174
3777662,25708,6239,3.5,1115843782
3777663,25708,6502,4.0,1115842424
3777664,25708,6537,4.5,1115843450
3777665,25708,6539,4.5,1115843471
3777666,25708,6711,4.5,1115842557
3777667,25708,7104,3.5,1115843765
3777668,25708,7841,5.0,1115842617
3777669,25708,7842,5.0,1115843275
3777670,25708,8340,3.5,1115842411
3777671,25708,8464,4.0,1115842370
3777672,25708,8880,3.0,1115843626
3777673,25709,12,4.0,1407178552
3777674,25709,47,3.5,1407179065
3777675,25709,110,4.0,1407179041
3777676,25709,111,4.0,1407178906
3777677,25709,527,5.0,1407178686
3777678,25709,541,4.0,1407178853
3777679,25709,589,5.0,1407179703
3777680,25709,593,5.0,1407178763
3777681,25709,608,4.5,1407178677
3777682,25709,750,4.0,1407178647
3777683,25709,778,3.0,1407179234
3777684,25709,924,4.0,1407179496
3777685,25709,1036,4.0,1407179648
3777686,25709,1080,4.5,1407179424
3777687,25709,1136,5.0,1407178657
3777688,25709,1193,4.0,1407178651
3777689,25709,1206,4.0,1407179278
3777690,25709,1207,4.0,1407178747
3777691,25709,1209,5.0,1407178873
3777692,25709,1210,5.0,1407179309
3777693,25709,1214,4.5,1407179075
3777694,25709,1222,5.0,1407179131
3777695,25709,1233,4.0,1407178882
3777696,25709,1235,5.0,1407178403
3777697,25709,1249,4.5,1407178387
3777698,25709,1270,4.5,1407180199
3777699,25709,1281,4.0,1407178992
3777700,25709,1283,4.5,1407178997
3777701,25709,1293,4.5,1407179400
3777702,25709,1356,5.0,1407178826
3777703,25709,1372,4.0,1407178315
3777704,25709,1374,4.0,1407178714
3777705,25709,1375,5.0,1407178305
3777706,25709,1569,4.5,1407178361
3777707,25709,1690,5.0,1407178318
3777708,25709,1704,5.0,1407179134
3777709,25709,1732,5.0,1407179583
3777710,25709,1961,4.0,1407180233
3777711,25709,2028,2.0,1407178964
3777712,25709,2193,3.0,1407178378
3777713,25709,2378,1.5,1407178477
3777714,25709,2407,3.0,1407178322
3777715,25709,2424,5.0,1407178324
3777716,25709,2571,5.0,1407178740
3777717,25709,2692,4.0,1407179147
3777718,25709,2762,4.5,1407179029
3777719,25709,2788,4.0,1407179296
3777720,25709,2959,5.0,1407178720
3777721,25709,2997,5.0,1407179500
3777722,25709,3000,5.0,1407178940
3777723,25709,3107,2.0,1407178408
3777724,25709,3147,4.5,1407179337
3777725,25709,3396,4.0,1407178435
3777726,25709,3462,4.0,1407178779
3777727,25709,3578,4.5,1407179525
3777728,25709,4008,4.0,1407178546
3777729,25709,4085,3.5,1407178355
3777730,25709,4226,4.5,1407178759
3777731,25709,4327,3.5,1407179670
3777732,25709,4878,5.0,1407179168
3777733,25709,4973,5.0,1407178725
3777734,25709,4995,4.0,1407179725
3777735,25709,5008,4.0,1407178807
3777736,25709,5971,4.0,1407178822
3777737,25709,6350,3.5,1407179011
3777738,25709,6867,5.0,1407179699
3777739,25709,7099,5.0,1407178917
3777740,25709,7153,1.5,1407178815
3777741,25709,8874,5.0,1407180237
3777742,25709,8961,4.0,1407180219
3777743,25709,26662,3.5,1407179533
3777744,25709,47491,5.0,1407179632
3777745,25709,48394,1.5,1407179059
3777746,25709,55247,5.0,1407179340
3777747,25709,57504,4.0,1407180279
3777748,25709,58559,4.0,1407178705
3777749,25709,59315,4.5,1407180160
3777750,25709,60069,4.0,1407179107
3777751,25709,64614,5.0,1407179249
3777752,25709,65514,4.0,1407179467
3777753,25709,68237,5.0,1407179184
3777754,25709,68954,4.0,1407179037
3777755,25709,74458,4.0,1407180243
3777756,25709,76093,2.5,1407179216
3777757,25709,79132,1.5,1407178771
3777758,25709,91529,4.0,1407179121
3777759,25709,104374,5.0,1407180188
3777760,25710,21,3.0,840203244
3777761,25710,165,3.0,840203135
3777762,25710,276,3.0,840203396
3777763,25710,288,5.0,840203201
3777764,25710,296,3.0,840203083
3777765,25710,300,4.0,840203212
3777766,25710,318,5.0,840203171
3777767,25710,337,3.0,840203306
3777768,25710,356,2.0,840203201
3777769,25710,364,3.0,840203212
3777770,25710,377,4.0,840203229
3777771,25710,380,4.0,840203083
3777772,25710,420,2.0,840203244
3777773,25710,454,4.0,840203201
3777774,25710,457,3.0,840203157
3777775,25710,480,5.0,840203201
3777776,25710,500,2.0,840203244
3777777,25710,508,3.0,840203349
3777778,25710,527,4.0,840203279
3777779,25710,539,3.0,840203279
3777780,25710,586,3.0,840203260
3777781,25710,587,3.0,840203260
3777782,25710,589,4.0,840203229
3777783,25710,590,5.0,840203083
3777784,25710,593,5.0,840203135
3777785,25710,597,3.0,840203279
3777786,25710,647,4.0,840203552
3777787,25711,110,5.0,837881931
3777788,25711,153,2.0,837881853
3777789,25711,160,3.0,837881981
3777790,25711,165,3.0,837881853
3777791,25711,225,4.0,837881965
3777792,25711,231,1.0,837881871
3777793,25711,296,5.0,837881827
3777794,25711,329,5.0,837881871
3777795,25711,339,3.0,837881906
3777796,25711,344,1.0,837881853
3777797,25711,349,3.0,837881853
3777798,25711,356,3.0,837881931
3777799,25711,367,4.0,837881965
3777800,25711,380,3.0,837881827
3777801,25711,410,4.0,837881931
3777802,25711,420,3.0,837881982
3777803,25711,454,4.0,837881946
3777804,25711,480,4.0,837881946
3777805,25711,589,3.0,837881982
3777806,25711,590,3.0,837881827
3777807,25711,592,3.0,837881827
3777808,25711,593,3.0,837881889
3777809,25712,1,5.0,1301872797
3777810,25712,39,5.0,1301872324
3777811,25712,296,4.5,1332193923
3777812,25712,318,4.5,1332193934
3777813,25712,339,5.0,1301872636
3777814,25712,364,5.0,1301873527
3777815,25712,539,2.5,1301872749
3777816,25712,597,5.0,1301872604
3777817,25712,613,4.0,1301871062
3777818,25712,750,5.0,1301873056
3777819,25712,783,5.0,1301873299
3777820,25712,838,5.0,1301872299
3777821,25712,902,4.5,1301870835
3777822,25712,1014,4.5,1301871203
3777823,25712,1088,5.0,1301872576
3777824,25712,1136,5.0,1301873427
3777825,25712,1183,4.5,1301872363
3777826,25712,1197,5.0,1301872889
3777827,25712,1307,3.5,1301874007
3777828,25712,1566,5.0,1301870945
3777829,25712,1923,3.5,1301873506
3777830,25712,2100,4.0,1301872663
3777831,25712,2183,4.0,1301871117
3777832,25712,2291,5.0,1301873500
3777833,25712,2346,5.0,1301871101
3777834,25712,2366,3.5,1301870887
3777835,25712,2399,3.5,1301871223
3777836,25712,2424,2.0,1301872725
3777837,25712,2572,5.0,1301872538
3777838,25712,2644,4.5,1301871137
3777839,25712,2671,3.5,1301873934
3777840,25712,2711,4.5,1301872493
3777841,25712,2962,5.0,1301872187
3777842,25712,3114,5.0,1301872807
3777843,25712,3948,3.5,1301873559
3777844,25712,4136,5.0,1301872504
3777845,25712,4246,5.0,1301872134
3777846,25712,4447,5.0,1301872828
3777847,25712,4468,5.0,1301872114
3777848,25712,4886,5.0,1301872897
3777849,25712,4896,5.0,1301873105
3777850,25712,4921,4.0,1301871500
3777851,25712,5299,5.0,1301872592
3777852,25712,5618,5.0,1301873352
3777853,25712,5804,2.5,1301871411
3777854,25712,5816,5.0,1301873090
3777855,25712,5971,5.0,1301873076
3777856,25712,6266,4.0,1301872139
3777857,25712,6531,4.5,1301872340
3777858,25712,6550,5.0,1301871197
3777859,25712,6942,5.0,1301873803
3777860,25712,7361,3.5,1301872943
3777861,25712,7669,5.0,1301872124
3777862,25712,8368,5.0,1301873110
3777863,25712,8383,4.5,1301872390
3777864,25712,26497,5.0,1301872272
3777865,25712,27765,5.0,1301873813
3777866,25712,33004,5.0,1301872980
3777867,25712,33166,4.0,1332194011
3777868,25712,36535,5.0,1301872854
3777869,25712,39183,5.0,1301872549
3777870,25712,39419,4.5,1301873833
3777871,25712,40815,5.0,1301873145
3777872,25712,46062,5.0,1301873002
3777873,25712,50872,5.0,1301873407
3777874,25712,50912,5.0,1301872923
3777875,25712,54001,5.0,1301873265
3777876,25712,54259,5.0,1301872623
3777877,25712,54686,4.0,1301873823
3777878,25712,58418,4.5,1301873838
3777879,25712,60069,5.0,1301873335
3777880,25712,63992,5.0,1301873038
3777881,25712,65230,4.5,1301871523
3777882,25712,66097,5.0,1301873673
3777883,25712,67788,4.5,1301871778
3777884,25712,68135,5.0,1301872564
3777885,25712,68954,5.0,1301872875
3777886,25712,69122,5.0,1301872910
3777887,25712,69406,5.0,1301872398
3777888,25712,69757,3.0,1301872028
3777889,25712,72407,5.0,1301873023
3777890,25712,74324,5.0,1301873067
3777891,25712,76251,5.0,1301872837
3777892,25712,78499,5.0,1301872802
3777893,25712,79132,5.0,1301873013
3777894,25712,80596,4.5,1301872424
3777895,25712,81834,5.0,1301873100
3777896,25712,81845,5.0,1301872109
3777897,25712,91658,4.5,1332193860
3777898,25713,24,2.5,1174450075
3777899,25713,230,1.5,1174450069
3777900,25713,247,3.0,1174450074
3777901,25713,468,4.0,1174450073
3777902,25713,724,2.0,1174450068
3777903,25713,838,4.0,1174450072
3777904,25713,914,1.5,1174450057
3777905,25713,1029,1.5,1174450070
3777906,25713,1047,1.5,1174450053
3777907,25713,1188,0.5,1174450079
3777908,25713,1231,1.5,1174450076
3777909,25713,1249,2.5,1174450052
3777910,25713,1267,1.0,1174450054
3777911,25713,2105,3.5,1174450064
3777912,25713,2278,4.0,1174450063
3777913,25713,2289,3.5,1174450061
3777914,25713,2336,2.0,1174450051
3777915,25713,2968,0.5,1174450080
3777916,25713,3072,5.0,1174450056
3777917,25713,3755,2.5,1174450059
3777918,25714,17,4.0,1292436232
3777919,25714,186,3.5,1292435941
3777920,25714,261,2.5,1292435965
3777921,25714,265,2.5,1292435955
3777922,25714,345,4.0,1292435968
3777923,25714,372,4.0,1292436002
3777924,25714,613,4.0,1292436261
3777925,25714,1088,2.0,1292435973
3777926,25714,1282,4.0,1292435935
3777927,25714,1345,3.5,1292436012
3777928,25714,1569,4.0,1292435982
3777929,25714,1968,4.5,1292436135
3777930,25714,2455,2.0,1292435987
3777931,25714,2657,4.0,1292435915
3777932,25714,2699,2.0,1292435894
3777933,25714,2858,4.0,1292436321
3777934,25714,3176,2.0,1292435918
3777935,25714,3418,1.5,1292435930
3777936,25714,3471,3.0,1292435910
3777937,25714,7179,2.5,1292436274
3777938,25714,7669,4.0,1292436212
3777939,25714,40629,4.5,1292436222
3777940,25714,56367,4.5,1292436123
3777941,25714,71518,4.0,1292436110
3777942,25714,78499,4.5,1292436328
3777943,25714,80549,4.0,1292436090
3777944,25715,1,4.0,1322662660
3777945,25715,185,4.0,1322662755
3777946,25715,318,4.0,1322662653
3777947,25715,648,4.0,1322662690
3777948,25715,780,4.5,1322662666
3777949,25715,1201,4.0,1322663039
3777950,25715,1270,4.5,1322662685
3777951,25715,1291,4.0,1324384831
3777952,25715,1475,3.5,1322329968
3777953,25715,1608,4.5,1322662977
3777954,25715,1676,3.5,1322662958
3777955,25715,1721,4.5,1322662708
3777956,25715,2011,5.0,1322662873
3777957,25715,2012,5.0,1322662844
3777958,25715,2054,3.5,1322662894
3777959,25715,2115,3.5,1322662847
3777960,25715,2363,0.5,1322329684
3777961,25715,2617,2.5,1322662907
3777962,25715,2662,3.5,1322329549
3777963,25715,2858,3.5,1322662681
3777964,25715,3082,4.0,1322329476
3777965,25715,3114,4.5,1322662815
3777966,25715,3243,1.0,1322329673
3777967,25715,3578,4.0,1324385091
3777968,25715,3623,3.5,1322662912
3777969,25715,3977,3.5,1322662916
3777970,25715,4306,4.5,1322662727
3777971,25715,4886,3.5,1324384868
3777972,25715,4896,4.5,1322662952
3777973,25715,4963,5.0,1322662836
3777974,25715,4995,4.0,1322662863
3777975,25715,5349,5.0,1322662825
3777976,25715,5816,4.0,1322663044
3777977,25715,6377,4.0,1324384858
3777978,25715,6539,4.5,1322662817
3777979,25715,6874,3.5,1322662878
3777980,25715,7376,5.0,1322330114
3777981,25715,7438,2.5,1322662927
3777982,25715,8360,4.0,1322663028
3777983,25715,8368,4.5,1324384908
3777984,25715,8636,4.5,1322662996
3777985,25715,8906,4.0,1322330379
3777986,25715,8961,4.5,1322662904
3777987,25715,33679,4.0,1322849574
3777988,25715,33794,4.5,1322662940
3777989,25715,40815,4.0,1324385027
3777990,25715,49272,4.5,1324385020
3777991,25715,50872,4.5,1324384877
3777992,25715,54001,4.0,1324385095
3777993,25715,58559,4.5,1322663036
3777994,25715,59315,5.0,1324384854
3777995,25715,59369,5.0,1324385031
3777996,25715,59784,5.0,1324385098
3777997,25715,62434,2.5,1322663582
3777998,25715,68358,4.0,1324384871
3777999,25715,68954,5.0,1324384835
3778000,25715,69644,4.5,1322849571
3778001,25715,70183,4.0,1322663599
3778002,25715,70293,4.0,1322663574
3778003,25715,70305,3.0,1322330637
3778004,25715,72011,5.0,1322663608
3778005,25715,72641,4.0,1324384888
3778006,25715,73319,5.0,1322330574
3778007,25715,75805,4.0,1322849578
3778008,25715,76093,4.0,1324384826
3778009,25715,76293,4.0,1322849566
3778010,25715,78469,5.0,1322663181
3778011,25715,78499,4.5,1324384819
3778012,25715,79091,5.0,1322329877
3778013,25715,80590,3.5,1322330426
3778014,25715,81537,4.5,1322663133
3778015,25715,81564,5.0,1322662628
3778016,25715,85885,5.0,1322330850
3778017,25715,86298,5.0,1322662619
3778018,25715,86911,4.5,1322330421
3778019,25715,87222,5.0,1322330564
3778020,25715,87232,4.5,1324384880
3778021,25715,87485,4.0,1322330476
3778022,25715,87869,4.5,1322662550
3778023,25715,88125,4.0,1324384847
3778024,25715,88140,4.0,1322330234
3778025,25715,88163,4.0,1325519610
3778026,25715,88405,4.0,1322663144
3778027,25715,91542,5.0,1325519533
3778028,25715,91630,5.0,1325519479
3778029,25716,1,3.0,851888734
3778030,25716,3,3.0,851888791
3778031,25716,5,3.0,851888791
3778032,25716,6,4.0,851888791
3778033,25716,9,3.0,851888859
3778034,25716,10,2.0,851891229
3778035,25716,12,1.0,851888902
3778036,25716,16,5.0,851894309
3778037,25716,18,3.0,851888946
3778038,25716,21,4.0,851891228
3778039,25716,22,3.0,851890594
3778040,25716,32,4.0,851888734
3778041,25716,36,5.0,851888791
3778042,25716,42,4.0,851894336
3778043,25716,44,1.0,851890974
3778044,25716,47,4.0,851889368
3778045,25716,50,5.0,851889370
3778046,25716,62,3.0,851888734
3778047,25716,65,2.0,851888902
3778048,25716,70,5.0,851890594
3778049,25716,81,3.0,851888990
3778050,25716,86,3.0,851888964
3778051,25716,89,3.0,851891228
3778052,25716,100,3.0,851888902
3778053,25716,104,4.0,851888825
3778054,25716,110,5.0,851889368
3778055,25716,111,5.0,851895589
3778056,25716,112,4.0,851888791
3778057,25716,147,4.0,851894055
3778058,25716,150,3.0,851889369
3778059,25716,163,3.0,851891123
3778060,25716,165,3.0,851890974
3778061,25716,168,4.0,851891260
3778062,25716,175,3.0,851894055
3778063,25716,198,4.0,851890974
3778064,25716,204,1.0,851891286
3778065,25716,208,3.0,851891402
3778066,25716,211,1.0,851895355
3778067,25716,235,1.0,851895666
3778068,25716,259,4.0,851894336
3778069,25716,260,5.0,851890973
3778070,25716,261,1.0,851895754
3778071,25716,288,4.0,851889370
3778072,25716,292,4.0,851894166
3778073,25716,296,3.0,851890618
3778074,25716,318,5.0,851889367
3778075,25716,349,2.0,851891228
3778076,25716,350,4.0,851895721
3778077,25716,353,5.0,851889369
3778078,25716,356,4.0,851955831
3778079,25716,428,5.0,851893025
3778080,25716,431,5.0,851894023
3778081,25716,442,2.0,851891354
3778082,25716,454,1.0,851895721
3778083,25716,457,4.0,851889369
3778084,25716,479,4.0,851891321
3778085,25716,480,4.0,851891174
3778086,25716,491,4.0,851894083
3778087,25716,494,3.0,851888791
3778088,25716,519,1.0,851891378
3778089,25716,532,1.0,851890651
3778090,25716,544,1.0,851891228
3778091,25716,552,3.0,851891228
3778092,25716,553,4.0,851889410
3778093,25716,555,5.0,851891123
3778094,25716,589,4.0,851891174
3778095,25716,590,4.0,851889368
3778096,25716,592,4.0,851891354
3778097,25716,608,2.0,851888791
3778098,25716,637,3.0,851888859
3778099,25716,648,2.0,851888734
3778100,25716,653,3.0,851888825
3778101,25716,662,3.0,851888990
3778102,25716,733,4.0,851888791
3778103,25716,736,3.0,851888734
3778104,25716,762,1.0,851888859
3778105,25716,780,2.0,851888734
3778106,25716,788,3.0,851888825
3778107,25716,799,4.0,851889019
3778108,25716,858,5.0,851891174
3778109,25716,891,1.0,851888990
3778110,25716,1047,1.0,851889039
3778111,25716,1061,5.0,851889019
3778112,25716,1073,3.0,851888824
3778113,25716,1101,4.0,851891122
3778114,25716,1127,3.0,851890618
3778115,25716,1196,5.0,851890973
3778116,25716,1200,4.0,851891123
3778117,25716,1208,5.0,851893025
3778118,25716,1210,5.0,851890973
3778119,25716,1213,4.0,851891123
3778120,25716,1215,3.0,851890686
3778121,25716,1221,4.0,851891174
3778122,25716,1222,4.0,851891228
3778123,25716,1228,5.0,851894309
3778124,25716,1240,5.0,851891174
3778125,25716,1242,5.0,851891173
3778126,25716,1246,5.0,851893025
3778127,25716,1258,5.0,851890651
3778128,25716,1263,4.0,851894023
3778129,25716,1268,3.0,851894166
3778130,25716,1302,4.0,851893026
3778131,25716,1321,1.0,851890686
3778132,25716,1327,1.0,851890734
3778133,25716,1330,1.0,851890734
3778134,25716,1339,3.0,851890686
3778135,25716,1343,3.0,851890651
3778136,25716,1356,4.0,851888902
3778137,25716,1370,4.0,851891261
3778138,25716,1373,4.0,851891354
3778139,25716,1377,3.0,851891354
3778140,25716,1378,5.0,851891261
3778141,25716,1379,5.0,851891321
3778142,25716,1385,4.0,851891286
3778143,25716,1387,3.0,851890714
3778144,25716,1391,2.0,851889058
3778145,25716,1396,4.0,851895355
3778146,25716,1409,4.0,851955698
3778147,25717,1,4.0,1394237974
3778148,25717,5,2.5,1394237838
3778149,25717,10,4.0,1394238165
3778150,25717,21,4.0,1411074095
3778151,25717,32,2.5,1394238014
3778152,25717,39,4.5,1411074047
3778153,25717,47,3.5,1394238039
3778154,25717,48,2.5,1394237842
3778155,25717,95,4.5,1411074099
3778156,25717,110,4.0,1394237971
3778157,25717,141,3.0,1411074087
3778158,25717,145,4.0,1394237864
3778159,25717,150,5.0,1394237979
3778160,25717,153,2.5,1394238079
3778161,25717,161,4.0,1394242428
3778162,25717,165,4.0,1394238076
3778163,25717,208,1.5,1394238199
3778164,25717,223,4.0,1394242976
3778165,25717,231,0.5,1394238114
3778166,25717,260,5.0,1394237968
3778167,25717,292,5.0,1411074038
3778168,25717,296,4.0,1411073955
3778169,25717,316,3.5,1394238118
3778170,25717,318,5.0,1394237962
3778171,25717,329,5.0,1394238195
3778172,25717,339,4.0,1411074112
3778173,25717,344,3.0,1394238043
3778174,25717,356,3.5,1394237959
3778175,25717,364,5.0,1394238061
3778176,25717,367,3.0,1394238102
3778177,25717,377,3.0,1394238046
3778178,25717,380,4.0,1394238018
3778179,25717,454,5.0,1411074053
3778180,25717,457,4.5,1411073968
3778181,25717,480,3.5,1394237965
3778182,25717,500,2.5,1394238100
3778183,25717,527,4.0,1411073971
3778184,25717,529,5.0,1394242334
3778185,25717,539,3.0,1394238188
3778186,25717,541,4.0,1411074019
3778187,25717,552,4.0,1394237819
3778188,25717,586,2.5,1394238202
3778189,25717,587,3.5,1394238181
3778190,25717,588,4.5,1394238028
3778191,25717,589,4.5,1394237977
3778192,25717,590,1.5,1394238010
3778193,25717,592,3.0,1394237997
3778194,25717,594,2.5,1394242993
3778195,25717,595,3.5,1394238073
3778196,25717,597,4.0,1394238120
3778197,25717,648,4.0,1394238057
3778198,25717,733,4.5,1411074000
3778199,25717,736,4.0,1394238082
3778200,25717,780,5.0,1394237990
3778201,25717,785,2.5,1394237881
3778202,25717,805,3.5,1394237869
3778203,25717,858,4.0,1394238260
3778204,25717,899,4.5,1394243679
3778205,25717,924,4.5,1411074080
3778206,25717,1036,4.0,1394244185
3778207,25717,1059,3.0,1394253111
3778208,25717,1073,3.5,1394238163
3778209,25717,1079,4.5,1394244002
3778210,25717,1097,3.0,1394238106
3778211,25717,1127,4.5,1394242814
3778212,25717,1136,5.0,1394238136
3778213,25717,1196,4.5,1394238025
3778214,25717,1197,5.0,1394238123
3778215,25717,1198,4.0,1394238031
3778216,25717,1207,3.0,1394244171
3778217,25717,1210,5.0,1394237987
3778218,25717,1214,3.5,1394238169
3778219,25717,1215,3.5,1394242651
3778220,25717,1220,4.0,1394242618
3778221,25717,1221,4.0,1394238256
3778222,25717,1225,4.5,1394244157
3778223,25717,1240,4.0,1411074004
3778224,25717,1246,4.5,1394242980
3778225,25717,1265,1.0,1394238141
3778226,25717,1267,4.5,1394242760
3778227,25717,1270,5.0,1411073985
3778228,25717,1276,3.5,1394244215
3778229,25717,1291,4.5,1394238157
3778230,25717,1356,4.0,1394238243
3778231,25717,1371,3.5,1394242398
3778232,25717,1372,5.0,1394237884
3778233,25717,1374,4.0,1394238246
3778234,25717,1375,4.0,1394238240
3778235,25717,1376,4.0,1394237824
3778236,25717,1393,3.5,1394252722
3778237,25717,1396,5.0,1394244464
3778238,25717,1527,4.5,1394238224
3778239,25717,1580,4.0,1394238093
3778240,25717,1610,4.5,1394244010
3778241,25717,1682,4.0,1411074109
3778242,25717,1690,2.5,1394237877
3778243,25717,1704,4.5,1394238220
3778244,25717,1721,2.0,1394238096
3778245,25717,1784,4.5,1394242849
3778246,25717,1863,2.5,1394244309
3778247,25717,1907,4.0,1394242757
3778248,25717,1923,4.5,1411074077
3778249,25717,1961,4.5,1411074045
3778250,25717,1968,3.5,1394242711
3778251,25717,2000,4.0,1394242443
3778252,25717,2005,4.0,1394242647
3778253,25717,2023,3.5,1394237887
3778254,25717,2028,3.5,1394243192
3778255,25717,2081,3.5,1394242856
3778256,25717,2115,4.5,1394242373
3778257,25717,2194,4.5,1394244132
3778258,25717,2231,5.0,1394242841
3778259,25717,2268,4.5,1394242982
3778260,25717,2321,3.0,1394237816
3778261,25717,2393,5.0,1394242391
3778262,25717,2396,3.0,1394242723
3778263,25717,2407,1.5,1394237891
3778264,25717,2424,2.0,1394237895
3778265,25717,2502,4.5,1394243055
3778266,25717,2571,4.0,1394238005
3778267,25717,2605,4.0,1395548537
3778268,25717,2628,2.5,1394238146
3778269,25717,2657,3.5,1394237827
3778270,25717,2683,4.5,1411074064
3778271,25717,2706,4.5,1411074115
3778272,25717,2716,4.5,1394238184
3778273,25717,2762,4.0,1394238065
3778274,25717,2763,5.0,1395548610
3778275,25717,2788,4.5,1394242419
3778276,25717,2791,3.0,1394244164
3778277,25717,2826,0.5,1394244257
3778278,25717,2916,3.5,1394243069
3778279,25717,2947,4.5,1394242834
3778280,25717,2948,4.0,1394243981
3778281,25717,2949,4.0,1394243971
3778282,25717,2959,4.0,1394238067
3778283,25717,3098,3.5,1394244527
3778284,25717,3114,3.5,1394244136
3778285,25717,3147,4.0,1394242923
3778286,25717,3175,5.0,1394237844
3778287,25717,3176,4.5,1394237835
3778288,25717,3252,4.5,1394244520
3778289,25717,3418,3.0,1394237861
3778290,25717,3421,3.0,1394242730
3778291,25717,3448,4.0,1394244501
3778292,25717,3578,4.5,1394238139
3778293,25717,3671,4.0,1394242368
3778294,25717,3793,4.0,1394238226
3778295,25717,3916,4.5,1394244546
3778296,25717,3996,3.5,1394243999
3778297,25717,4011,2.5,1394244083
3778298,25717,4085,4.0,1394243060
3778299,25717,4306,5.0,1394238130
3778300,25717,4886,3.5,1394242440
3778301,25717,4896,4.0,1394244551
3778302,25717,4901,4.0,1395548034
3778303,25717,4963,5.0,1394243028
3778304,25717,4993,3.5,1394238085
3778305,25717,4995,4.0,1394244212
3778306,25717,5010,4.5,1394244424
3778307,25717,5064,5.0,1394244417
3778308,25717,5152,3.0,1394253103
3778309,25717,5218,3.0,1394243946
3778310,25717,5349,3.5,1394244476
3778311,25717,5418,5.0,1394242796
3778312,25717,5445,5.0,1411074118
3778313,25717,5479,0.5,1394244304
3778314,25717,5609,2.5,1394253206
3778315,25717,5816,4.0,1394244332
3778316,25717,5903,4.5,1394244544
3778317,25717,5944,4.0,1394242393
3778318,25717,5952,4.0,1394243163
3778319,25717,6059,4.5,1395548562
3778320,25717,6333,4.5,1394244578
3778321,25717,6377,4.0,1394242853
3778322,25717,6378,5.0,1394244338
3778323,25717,6539,5.0,1394242737
3778324,25717,6807,3.5,1394242788
3778325,25717,7143,2.5,1394242838
3778326,25717,7153,4.0,1394238174
3778327,25717,7438,2.5,1394244221
3778328,25717,7502,3.5,1394238252
3778329,25717,8132,5.0,1394242773
3778330,25717,8360,3.0,1394242689
3778331,25717,8368,4.5,1394244587
3778332,25717,8636,3.5,1394244484
3778333,25717,8665,5.0,1394242741
3778334,25717,8874,4.0,1394243091
3778335,25717,8961,5.0,1394243101
3778336,25717,8970,3.5,1394252777
3778337,25717,8984,4.0,1395548448
3778338,25717,26614,5.0,1394244330
3778339,25717,27611,5.0,1394243002
3778340,25717,33794,5.0,1394242793
3778341,25717,34405,5.0,1394242633
3778342,25717,36529,3.5,1394242422
3778343,25717,40815,4.5,1394244491
3778344,25717,41566,3.5,1394252872
3778345,25717,44191,5.0,1394243030
3778346,25717,44195,3.0,1394244614
3778347,25717,44665,4.5,1394242966
3778348,25717,45722,4.0,1394252696
3778349,25717,46976,2.5,1394244584
3778350,25717,47610,4.5,1394244407
3778351,25717,48780,4.0,1394243187
3778352,25717,49272,4.5,1394242799
3778353,25717,49530,3.5,1395548117
3778354,25717,51255,4.5,1394242342
3778355,25717,51662,3.0,1394244327
3778356,25717,53125,4.0,1395548154
3778357,25717,53322,4.5,1395548496
3778358,25717,53972,4.5,1394244346
3778359,25717,53996,4.5,1394252738
3778360,25717,54001,4.5,1394252751
3778361,25717,54259,5.0,1394244354
3778362,25717,54286,5.0,1394242733
3778363,25717,54997,3.0,1395548341
3778364,25717,56367,2.5,1394242376
3778365,25717,58559,5.0,1394238285
3778366,25717,59315,5.0,1394242778
3778367,25717,59369,4.0,1394242583
3778368,25717,59784,4.0,1394244370
3778369,25717,60069,4.5,1394244558
3778370,25717,60684,2.5,1394242912
3778371,25717,63082,3.5,1394242339
3778372,25717,63113,4.0,1395548069
3778373,25717,64614,5.0,1394242436
3778374,25717,66934,5.0,1394243248
3778375,25717,68157,4.5,1394244046
3778376,25717,68358,5.0,1394243050
3778377,25717,68791,4.0,1395548078
3778378,25717,68954,4.0,1394244523
3778379,25717,69122,2.5,1394244430
3778380,25717,69844,4.5,1394244335
3778381,25717,70286,3.5,1394242534
3778382,25717,72998,4.5,1394242629
3778383,25717,73017,4.5,1394242585
3778384,25717,76093,4.5,1394242353
3778385,25717,76251,5.0,1394243009
3778386,25717,77561,4.5,1394244373
3778387,25717,78499,4.0,1394242365
3778388,25717,78637,3.5,1394253213
3778389,25717,79091,4.5,1394244575
3778390,25717,79132,4.0,1394243153
3778391,25717,79702,4.0,1411073888
3778392,25717,81229,4.0,1398567380
3778393,25717,81564,3.5,1394244530
3778394,25717,81834,4.5,1394244403
3778395,25717,81847,4.0,1394242817
3778396,25717,84954,5.0,1411073882
3778397,25717,85414,4.0,1394252836
3778398,25717,86332,4.5,1394244393
3778399,25717,87232,4.5,1394242602
3778400,25717,88125,5.0,1394242642
3778401,25717,88129,3.5,1398567083
3778402,25717,88140,4.5,1394244381
3778403,25717,88744,4.5,1394244461
3778404,25717,89492,3.0,1394243105
3778405,25717,89745,5.0,1394242600
3778406,25717,90717,3.5,1395548474
3778407,25717,90746,3.5,1398567391
3778408,25717,91500,5.0,1394244470
3778409,25717,91529,4.5,1394243022
3778410,25717,91542,5.0,1394244446
3778411,25717,91630,4.0,1394244473
3778412,25717,95167,4.0,1398567254
3778413,25717,95510,4.5,1394244398
3778414,25717,96079,4.0,1394242605
3778415,25717,97304,3.0,1394243073
3778416,25717,97913,4.5,1394243968
3778417,25717,98809,3.5,1394243006
3778418,25717,99114,4.5,1394242916
3778419,25717,102125,4.5,1394244410
3778420,25717,102445,5.0,1394244496
3778421,25717,102903,5.0,1395548409
3778422,25717,103042,4.0,1394252694
3778423,25717,103141,3.5,1395548063
3778424,25717,103228,4.0,1398567246
3778425,25717,103335,4.5,1394252717
3778426,25717,106072,4.0,1394252677
3778427,25717,106487,5.0,1394252571
3778428,25717,106489,4.5,1411073892
3778429,25717,106642,5.0,1411073813
3778430,25717,106696,4.0,1395548045
3778431,25717,108190,4.5,1398567172
3778432,25717,108932,4.5,1394238436
3778433,25717,110102,4.5,1398567162
3778434,25717,110553,4.5,1411073806
3778435,25717,111362,5.0,1411073897
3778436,25717,111759,4.0,1411073816
3778437,25718,1,4.0,1337168829
3778438,25718,10,4.0,1337174770
3778439,25718,50,5.0,1337169935
3778440,25718,110,5.0,1337168820
3778441,25718,145,4.0,1337159337
3778442,25718,150,3.5,1337168826
3778443,25718,165,5.0,1337173700
3778444,25718,256,3.0,1337161133
3778445,25718,260,5.0,1337168818
3778446,25718,261,4.0,1337160918
3778447,25718,296,5.0,1337168808
3778448,25718,318,5.0,1337168816
3778449,25718,355,2.5,1337161224
3778450,25718,356,5.0,1337168809
3778451,25718,376,4.0,1337159955
3778452,25718,457,5.0,1337169709
3778453,25718,480,5.0,1337168813
3778454,25718,527,5.0,1337169758
3778455,25718,541,4.0,1337169863
3778456,25718,589,5.0,1337168831
3778457,25718,592,4.0,1337168834
3778458,25718,593,5.0,1337168812
3778459,25718,648,5.0,1337169734
3778460,25718,780,5.0,1337161832
3778461,25718,785,5.0,1337160675
3778462,25718,805,5.0,1337159819
3778463,25718,858,5.0,1337169848
3778464,25718,1036,5.0,1337168970
3778465,25718,1059,3.5,1337160960
3778466,25718,1088,5.0,1337160651
3778467,25718,1090,5.0,1337169742
3778468,25718,1127,5.0,1337168941
3778469,25718,1200,5.0,1337169812
3778470,25718,1201,4.0,1337169948
3778471,25718,1204,3.5,1337169876
3778472,25718,1208,3.0,1337169939
3778473,25718,1210,5.0,1337168842
3778474,25718,1214,5.0,1337161915
3778475,25718,1215,3.5,1337173657
3778476,25718,1221,5.0,1337169850
3778477,25718,1225,5.0,1337168945
3778478,25718,1240,5.0,1337169765
3778479,25718,1262,5.0,1337169717
3778480,25718,1263,4.5,1337168969
3778481,25718,1265,4.0,1337169721
3778482,25718,1266,4.5,1337169782
3778483,25718,1270,5.0,1337168956
3778484,25718,1282,4.0,1337159502
3778485,25718,1291,5.0,1337169891
3778486,25718,1466,5.0,1337161188
3778487,25718,1569,4.0,1337161219
3778488,25718,1580,4.0,1337174781
3778489,25718,1597,4.5,1337160659
3778490,25718,1625,4.0,1337173707
3778491,25718,1690,5.0,1337160666
3778492,25718,1747,4.0,1337160679
3778493,25718,1784,4.0,1337173661
3778494,25718,1917,4.0,1337161818
3778495,25718,1994,3.0,1337169746
3778496,25718,2003,5.0,1337160669
3778497,25718,2005,4.0,1337173712
3778498,25718,2011,5.0,1337174389
3778499,25718,2028,5.0,1337169756
3778500,25718,2080,3.5,1337160980
3778501,25718,2115,5.0,1337173721
3778502,25718,2186,3.5,1337169839
3778503,25718,2194,4.5,1337169784
3778504,25718,2278,4.0,1337161009
3778505,25718,2571,5.0,1337161514
3778506,25718,2628,5.0,1337161843
3778507,25718,2762,5.0,1337169927
3778508,25718,2763,4.0,1337159249
3778509,25718,2890,5.0,1337159316
3778510,25718,3471,5.0,1337168965
3778511,25718,3527,3.5,1337169750
3778512,25718,3578,5.0,1337169713
3778513,25718,4022,5.0,1337173682
3778514,25718,4085,3.5,1337174393
3778515,25718,4223,3.5,1354177679
3778516,25718,4239,3.5,1337173671
3778517,25718,4262,5.0,1337169930
3778518,25718,4878,4.5,1337161926
3778519,25718,4963,4.5,1337174785
3778520,25718,5010,5.0,1337173667
3778521,25718,5064,5.0,1337173688
3778522,25718,5378,5.0,1337161583
3778523,25718,5445,5.0,1337174783
3778524,25718,5481,3.5,1337168951
3778525,25718,5502,3.0,1337161838
3778526,25718,5816,4.0,1337173716
3778527,25718,5989,5.0,1337173685
3778528,25718,6365,5.0,1337161538
3778529,25718,6537,5.0,1337161850
3778530,25718,6539,5.0,1337169739
3778531,25718,6541,4.5,1337161835
3778532,25718,6796,4.0,1354177662
3778533,25718,6934,5.0,1337161551
3778534,25718,7502,5.0,1337168958
3778535,25718,8132,5.0,1337174719
3778536,25718,8169,4.0,1337161765
3778537,25718,8361,4.0,1337161825
3778538,25718,8644,4.5,1337161827
3778539,25718,8665,5.0,1337173674
3778540,25718,8810,3.5,1337161813
3778541,25718,26614,5.0,1354177658
3778542,25718,33493,5.0,1337161848
3778543,25718,45499,4.5,1337161856
3778544,25718,45722,5.0,1337161600
3778545,25718,47610,5.0,1337174774
3778546,25718,49530,4.5,1337174396
3778547,25718,52722,3.5,1337161841
3778548,25718,53996,4.5,1337161852
3778549,25718,59615,5.0,1337161649
3778550,25718,60069,4.5,1337161911
3778551,25718,96610,4.5,1354177711
3778552,25719,29,5.0,941405398
3778553,25719,32,4.0,941405345
3778554,25719,34,5.0,941407298
3778555,25719,50,5.0,948264110
3778556,25719,101,3.0,976826488
3778557,25719,111,4.0,945137036
3778558,25719,112,5.0,941406681
3778559,25719,150,3.0,1094617887
3778560,25719,162,4.0,945138135
3778561,25719,193,2.0,1094618599
3778562,25719,242,2.0,1011471639
3778563,25719,296,5.0,941408976
3778564,25719,316,2.0,941405934
3778565,25719,318,5.0,948263767
3778566,25719,342,5.0,1054224815
3778567,25719,345,5.0,941408782
3778568,25719,348,5.0,941407201
3778569,25719,390,4.0,948264251
3778570,25719,527,5.0,948264518
3778571,25719,532,4.0,976826048
3778572,25719,538,5.0,941408914
3778573,25719,541,4.0,941405499
3778574,25719,549,4.0,945138135
3778575,25719,608,5.0,976826488
3778576,25719,665,5.0,1055112741
3778577,25719,714,5.0,941406712
3778578,25719,722,3.0,945137188
3778579,25719,728,3.0,941407298
3778580,25719,741,4.0,1053468900
3778581,25719,750,5.0,941405295
3778582,25719,778,4.5,1094618808
3778583,25719,903,4.0,948264505
3778584,25719,904,4.0,948264073
3778585,25719,920,4.0,948264317
3778586,25719,924,5.0,941405346
3778587,25719,968,2.0,976826186
3778588,25719,1077,4.0,941405346
3778589,25719,1079,5.0,941407263
3778590,25719,1080,4.5,1094619187
3778591,25719,1089,4.0,976826448
3778592,25719,1095,4.5,1094619594
3778593,25719,1136,5.0,941407230
3778594,25719,1148,5.0,941406819
3778595,25719,1151,5.0,1011475636
3778596,25719,1173,5.0,1053644008
3778597,25719,1175,4.5,1053450789
3778598,25719,1183,4.5,1053450445
3778599,25719,1185,5.0,976826892
3778600,25719,1188,3.0,948264379
3778601,25719,1193,4.0,1008460771
3778602,25719,1197,5.0,941406630
3778603,25719,1198,3.0,941406590
3778604,25719,1199,5.0,941405345
3778605,25719,1208,4.0,945137036
3778606,25719,1211,5.0,941406983
3778607,25719,1213,4.0,976826723
3778608,25719,1215,2.0,941405600
3778609,25719,1217,4.0,1055112827
3778610,25719,1220,5.0,941407298
3778611,25719,1223,4.0,945137188
3778612,25719,1230,4.0,948263955
3778613,25719,1235,4.0,945137550
3778614,25719,1248,4.0,1011471555
3778615,25719,1252,4.0,1011471463
3778616,25719,1261,2.0,945137188
3778617,25719,1265,4.0,948264349
3778618,25719,1270,3.0,941406478
3778619,25719,1274,3.0,976826971
3778620,25719,1278,5.0,941407263
3778621,25719,1281,5.0,941407230
3778622,25719,1282,4.5,1053450452
3778623,25719,1283,3.0,1011471033
3778624,25719,1288,5.0,941407263
3778625,25719,1307,5.0,948264379
3778626,25719,1391,2.0,941405727
3778627,25719,1396,5.0,941405563
3778628,25719,1449,5.0,941407330
3778629,25719,1527,3.0,941405462
3778630,25719,1554,5.0,941407712
3778631,25719,1573,2.0,941405563
3778632,25719,1580,3.0,941405563
3778633,25719,1635,5.0,976826610
3778634,25719,1639,4.0,941406983
3778635,25719,1641,4.0,941407263
3778636,25719,1643,4.0,941406994
3778637,25719,1649,4.5,1053450763
3778638,25719,1653,2.5,1053450934
3778639,25719,1676,4.0,941405692
3778640,25719,1699,4.5,1053450788
3778641,25719,1701,4.0,941407298
3778642,25719,1704,4.0,941407560
3778643,25719,1727,2.0,1011477024
3778644,25719,1748,4.0,941405499
3778645,25719,1784,3.0,941408852
3778646,25719,1858,4.0,945137296
3778647,25719,1897,2.0,941407027
3778648,25719,1917,1.0,941405658
3778649,25719,1921,5.0,941405398
3778650,25719,1923,4.5,1053450621
3778651,25719,1924,3.0,941405692
3778652,25719,1952,4.5,1094619598
3778653,25719,1967,5.0,941406884
3778654,25719,2009,4.0,1094618900
3778655,25719,2010,3.5,1094619092
3778656,25719,2019,5.0,1006576876
3778657,25719,2021,4.0,941405658
3778658,25719,2028,3.0,948263750
3778659,25719,2064,5.0,941407138
3778660,25719,2076,5.0,1006576876
3778661,25719,2108,4.0,941406956
3778662,25719,2109,4.0,945137613
3778663,25719,2150,4.5,1094619258
3778664,25719,2282,3.5,1053451403
3778665,25719,2291,5.0,941407056
3778666,25719,2321,3.0,1094618763
3778667,25719,2356,4.0,941409860
3778668,25719,2395,4.0,948265213
3778669,25719,2396,4.5,1053450651
3778670,25719,2541,2.0,945054920
3778671,25719,2542,4.0,1094618879
3778672,25719,2571,3.0,941405346
3778673,25719,2580,3.0,948265148
3778674,25719,2582,3.0,945055038
3778675,25719,2599,4.0,948263561
3778676,25719,2617,2.0,941409704
3778677,25719,2628,3.0,941405398
3778678,25719,2657,4.0,941405499
3778679,25719,2690,4.0,941407201
3778680,25719,2692,4.0,948263561
3778681,25719,2693,4.0,945054920
3778682,25719,2701,1.0,941406145
3778683,25719,2706,4.0,1053450569
3778684,25719,2709,3.5,1053450829
3778685,25719,2725,4.5,1053450806
3778686,25719,2774,2.0,941405069
3778687,25719,2836,3.0,941404994
3778688,25719,2857,5.0,941407679
3778689,25719,2858,5.0,941404868
3778690,25719,2859,4.0,945138135
3778691,25719,2871,3.0,1054224850
3778692,25719,2879,4.0,941409801
3778693,25719,2951,4.5,1053450839
3778694,25719,2959,5.0,948263409
3778695,25719,2968,5.0,941405658
3778696,25719,2970,4.0,1094677805
3778697,25719,2997,5.0,948263271
3778698,25719,3000,5.0,941404904
3778699,25719,3007,3.0,948263271
3778700,25719,3033,4.0,941406347
3778701,25719,3052,3.0,948263439
3778702,25719,3070,4.5,1094619240
3778703,25719,3081,2.0,948263439
3778704,25719,3108,5.0,948264429
3778705,25719,3145,4.0,1011477100
3778706,25719,3148,3.0,953495874
3778707,25719,3181,5.0,953495835
3778708,25719,3253,4.5,1094618842
3778709,25719,3328,4.5,1053450455
3778710,25719,3424,5.0,976826723
3778711,25719,3462,5.0,976826382
3778712,25719,3503,5.0,1053451395
3778713,25719,3521,5.0,1053469183
3778714,25719,3555,1.0,1011470795
3778715,25719,3624,2.0,1011470890
3778716,25719,3654,3.0,1094621012
3778717,25719,3671,5.0,1008460499
3778718,25719,3786,3.0,1006577597
3778719,25719,3793,3.0,1011470890
3778720,25719,3794,3.0,1006577597
3778721,25719,3910,4.0,976825180
3778722,25719,3911,3.0,976825180
3778723,25719,3925,4.0,976825997
3778724,25719,3996,5.0,1006576876
3778725,25719,4334,4.5,1053450844
3778726,25719,4378,4.5,1053450618
3778727,25719,4641,4.0,1008459581
3778728,25719,4642,4.5,1053450644
3778729,25719,4658,5.0,1008460065
3778730,25719,4711,5.0,1008460317
3778731,25719,4848,4.0,1008460177
3778732,25719,4865,2.0,1008459600
3778733,25719,4873,4.0,1053468896
3778734,25719,4973,5.0,1008459728
3778735,25719,4993,3.5,1053451362
3778736,25719,5153,4.5,1094618238
3778737,25719,5398,5.0,1053469227
3778738,25719,5417,4.0,1054224911
3778739,25719,5618,5.0,1053450245
3778740,25719,5686,5.0,1054224879
3778741,25719,5690,4.0,1095357867
3778742,25719,5945,2.5,1094618796
3778743,25719,5971,4.5,1053451308
3778744,25719,6104,4.0,1053451279
3778745,25719,6188,3.5,1053451028
3778746,25719,6296,4.0,1053450990
3778747,25719,6375,4.5,1053451673
3778748,25719,6440,3.5,1055113003
3778749,25719,6711,5.0,1101056342
3778750,25719,6867,3.5,1094618414
3778751,25719,7090,4.0,1101056372
3778752,25719,7206,4.0,1095357842
3778753,25719,7234,3.5,1094621008
3778754,25719,7373,3.0,1094618486
3778755,25719,7438,4.0,1094618422
3778756,25719,7460,4.0,1094619120
3778757,25719,7844,4.5,1094621241
3778758,25719,7925,3.5,1094619730
3778759,25719,8376,3.0,1094618336
3778760,25719,8622,4.0,1094618323
3778761,25719,8640,0.5,1094618381
3778762,25719,8781,4.0,1094618340
3778763,25719,8783,2.5,1094618355
3778764,25719,8874,3.5,1101056271
3778765,25719,8949,3.5,1101056276
3778766,25720,1,5.0,980527415
3778767,25720,24,4.0,980529831
3778768,25720,34,5.0,980527415
3778769,25720,110,5.0,980529069
3778770,25720,260,5.0,980528400
3778771,25720,265,3.0,980528270
3778772,25720,314,5.0,980529906
3778773,25720,356,5.0,980529215
3778774,25720,432,4.0,980529336
3778775,25720,457,4.0,980528905
3778776,25720,474,5.0,980528951
3778777,25720,497,5.0,980528331
3778778,25720,527,5.0,980529001
3778779,25720,531,5.0,980527415
3778780,25720,541,5.0,980527811
3778781,25720,551,2.0,980526393
3778782,25720,588,3.0,980526473
3778783,25720,590,5.0,980529276
3778784,25720,594,4.0,980526310
3778785,25720,595,4.0,980526310
3778786,25720,596,3.0,980527468
3778787,25720,608,3.0,980527587
3778788,25720,647,4.0,980529216
3778789,25720,648,3.0,980526117
3778790,25720,750,3.0,980528400
3778791,25720,858,5.0,980527562
3778792,25720,898,5.0,980528301
3778793,25720,899,5.0,980528160
3778794,25720,900,4.0,980528301
3778795,25720,902,4.0,980525779
3778796,25720,903,5.0,980527920
3778797,25720,904,5.0,980527920
3778798,25720,906,4.0,980528037
3778799,25720,908,5.0,980528798
3778800,25720,910,4.0,980527587
3778801,25720,912,5.0,980528160
3778802,25720,913,5.0,980527740
3778803,25720,914,4.0,980526393
3778804,25720,916,5.0,980528160
3778805,25720,918,4.0,980526238
3778806,25720,919,5.0,980526238
3778807,25720,920,5.0,980528243
3778808,25720,923,5.0,980527694
3778809,25720,924,5.0,980527943
3778810,25720,951,5.0,980527176
3778811,25720,961,4.0,980527176
3778812,25720,965,4.0,980528839
3778813,25720,969,4.0,980528212
3778814,25720,986,5.0,980527440
3778815,25720,1012,4.0,980527440
3778816,25720,1013,5.0,980527468
3778817,25720,1022,4.0,980526358
3778818,25720,1023,4.0,980527415
3778819,25720,1028,5.0,980526310
3778820,25720,1029,3.0,980526310
3778821,25720,1032,3.0,980526358
3778822,25720,1035,5.0,980526238
3778823,25720,1036,4.0,980528921
3778824,25720,1073,4.0,980527440
3778825,25720,1077,4.0,980528601
3778826,25720,1081,3.0,980526310
3778827,25720,1086,4.0,980527943
3778828,25720,1088,4.0,980526473
3778829,25720,1097,4.0,980527468
3778830,25720,1179,3.0,980527840
3778831,25720,1183,5.0,980529177
3778832,25720,1196,5.0,980528574
3778833,25720,1197,5.0,980528194
3778834,25720,1201,4.0,980529276
3778835,25720,1206,3.0,980528601
3778836,25720,1208,4.0,980529090
3778837,25720,1210,4.0,980525741
3778838,25720,1220,3.0,980526393
3778839,25720,1221,4.0,980527587
3778840,25720,1222,4.0,980529107
3778841,25720,1230,3.0,980528212
3778842,25720,1234,5.0,981594590
3778843,25720,1242,4.0,980529069
3778844,25720,1247,4.0,980528194
3778845,25720,1250,5.0,980527176
3778846,25720,1252,4.0,980527740
3778847,25720,1256,5.0,980529069
3778848,25720,1262,4.0,980529020
3778849,25720,1265,4.0,980528160
3778850,25720,1266,4.0,980529276
3778851,25720,1267,4.0,980527811
3778852,25720,1269,4.0,980527943
3778853,25720,1270,5.0,980528574
3778854,25720,1272,5.0,980529090
3778855,25720,1282,4.0,980526358
3778856,25720,1284,4.0,980527811
3778857,25720,1286,4.0,980527263
3778858,25720,1296,5.0,980528270
3778859,25720,1299,4.0,980529069
3778860,25720,1304,4.0,980529256
3778861,25720,1344,4.0,980527868
3778862,25720,1374,4.0,980528601
3778863,25720,1380,4.0,980526358
3778864,25720,1393,4.0,980528347
3778865,25720,1460,3.0,980528057
3778866,25720,1580,4.0,980528725
3778867,25720,1584,5.0,980528644
3778868,25720,1610,5.0,980528951
3778869,25720,1617,4.0,980527587
3778870,25720,1674,5.0,980528301
3778871,25720,1888,4.0,980527317
3778872,25720,1911,4.0,980529587
3778873,25720,1927,4.0,980529069
3778874,25720,1944,4.0,980527694
3778875,25720,1945,4.0,980527562
3778876,25720,1951,3.0,980526496
3778877,25720,1959,5.0,980526169
3778878,25720,1960,4.0,980529090
3778879,25720,1997,2.0,980526016
3778880,25720,2012,4.0,980529309
3778881,25720,2013,3.0,980529802
3778882,25720,2018,4.0,980527468
3778883,25720,2028,5.0,980529020
3778884,25720,2067,5.0,980528317
3778885,25720,2070,5.0,980529937
3778886,25720,2076,3.0,980527985
3778887,25720,2077,4.0,980527415
3778888,25720,2078,5.0,980527468
3778889,25720,2080,4.0,980526238
3778890,25720,2081,3.0,980526358
3778891,25720,2087,4.0,980526310
3778892,25720,2096,4.0,980526473
3778893,25720,2099,3.0,980526541
3778894,25720,2137,3.0,980527440
3778895,25720,2208,4.0,980527943
3778896,25720,2300,3.0,980526238
3778897,25720,2312,5.0,980527135
3778898,25720,2355,5.0,980529537
3778899,25720,2369,4.0,980529567
3778900,25720,2396,4.0,980528194
3778901,25720,2485,3.0,980529906
3778902,25720,2571,4.0,980528601
3778903,25720,2605,4.0,980529614
3778904,25720,2657,2.0,980526541
3778905,25720,2672,4.0,980529937
3778906,25720,2688,4.0,980529633
3778907,25720,2701,4.0,980529348
3778908,25720,2712,2.0,980529614
3778909,25720,2716,4.0,980529633
3778910,25720,2724,4.0,980529852
3778911,25720,2734,4.0,980529787
3778912,25720,2746,3.0,980527317
3778913,25720,2763,4.0,980529937
3778914,25720,2774,3.0,980528243
3778915,25720,2791,4.0,980527176
3778916,25720,2803,4.0,980525741
3778917,25720,2819,4.0,980528858
3778918,25720,2858,3.0,980527033
3778919,25720,2863,4.0,980526358
3778920,25720,2872,4.0,980528301
3778921,25720,2881,3.0,980529587
3778922,25720,2916,4.0,980528725
3778923,25720,2917,4.0,980528858
3778924,25720,2919,4.0,980528317
3778925,25720,2941,4.0,980526473
3778926,25720,2944,4.0,980529177
3778927,25720,2946,4.0,980526496
3778928,25720,2961,4.0,980529937
3778929,25720,2966,5.0,980525779
3778930,25720,2968,5.0,980528692
3778931,25720,2987,5.0,980527868
3778932,25720,3061,5.0,980526358
3778933,25720,3062,5.0,980529107
3778934,25720,3072,5.0,980525779
3778935,25720,3114,5.0,980527415
3778936,25720,3155,4.0,980529508
3778937,25720,3157,4.0,980529937
3778938,25720,3175,4.0,980529633
3778939,25720,3176,3.0,980528057
3778940,25720,3269,4.0,980528725
3778941,25720,3285,4.0,980529523
3778942,25720,3334,5.0,980527840
3778943,25720,3408,4.0,980529614
3778944,25720,3448,4.0,980529228
3778945,25720,3471,4.0,980528644
3778946,25720,3489,4.0,980525742
3778947,25720,3512,5.0,980526953
3778948,25720,3534,4.0,980529493
3778949,25720,3543,4.0,980529567
3778950,25720,3545,4.0,980529069
3778951,25720,3555,3.0,980527263
3778952,25720,3556,2.0,980526016
3778953,25720,3599,4.0,980526541
3778954,25720,3600,4.0,980526473
3778955,25720,3605,3.0,980526541
3778956,25720,3606,4.0,980526496
3778957,25720,3623,4.0,980529765
3778958,25720,3671,5.0,980529256
3778959,25720,3675,4.0,980526542
3778960,25720,3684,4.0,981859280
3778961,25720,3685,4.0,980528270
3778962,25720,3699,4.0,980528678
3778963,25720,3730,4.0,980527135
3778964,25720,3735,4.0,980527587
3778965,25720,3751,4.0,980526016
3778966,25720,3753,4.0,980526953
3778967,25720,3785,2.0,980526117
3778968,25720,3788,4.0,980528037
3778969,25720,3801,4.0,980527985
3778970,25720,3824,4.0,980526980
3778971,25720,3932,4.0,980528400
3778972,25720,4002,4.0,980527204
3778973,25720,4007,4.0,980527263
3778974,25720,4019,5.0,980526823
3778975,25720,4041,4.0,980527176
3778976,25720,4062,4.0,980527204
3778977,25720,4113,3.0,980525779
3778978,25720,4117,4.0,980527317
3778979,25720,5060,5.0,980529020
3778980,25721,1,4.5,1171744008
3778981,25721,32,4.0,1171743952
3778982,25721,50,4.0,1172914215
3778983,25721,52,3.0,1171743414
3778984,25721,105,2.5,1171743391
3778985,25721,110,3.5,1171743801
3778986,25721,165,3.0,1171743797
3778987,25721,260,4.0,1171743829
3778988,25721,296,4.0,1171744017
3778989,25721,318,4.0,1171743906
3778990,25721,355,1.0,1171743437
3778991,25721,356,3.5,1171743728
3778992,25721,457,3.5,1171743909
3778993,25721,480,3.5,1171744185
3778994,25721,527,4.5,1171744080
3778995,25721,590,3.0,1171743687
3778996,25721,593,3.5,1171743959
3778997,25721,608,4.0,1171744012
3778998,25721,648,4.0,1171743949
3778999,25721,733,3.5,1171744189
3779000,25721,750,4.0,1171744777
3779001,25721,780,1.5,1171744201
3779002,25721,858,4.5,1171743933
3779003,25721,910,4.0,1171743444
3779004,25721,913,4.0,1171743404
3779005,25721,914,1.0,1171743465
3779006,25721,1036,4.0,1171744131
3779007,25721,1136,4.0,1171744160
3779008,25721,1172,4.5,1172917037
3779009,25721,1197,5.0,1171744263
3779010,25721,1198,4.0,1171743726
3779011,25721,1206,4.0,1171744801
3779012,25721,1222,4.5,1171744747
3779013,25721,1244,4.0,1171743513
3779014,25721,1249,4.0,1171743455
3779015,25721,1270,4.0,1171744194
3779016,25721,1299,3.5,1171743507
3779017,25721,1393,4.0,1171744134
3779018,25721,1446,5.0,1171744544
3779019,25721,1610,3.5,1171744057
3779020,25721,1682,3.5,1171744831
3779021,25721,1721,2.5,1171743843
3779022,25721,1729,3.0,1171743441
3779023,25721,1784,4.5,1171744043
3779024,25721,1900,4.0,1172748607
3779025,25721,1921,4.0,1171743509
3779026,25721,2020,4.0,1171743500
3779027,25721,2161,3.0,1171743468
3779028,25721,2313,4.0,1171744804
3779029,25721,2324,4.0,1171744793
3779030,25721,2357,4.0,1172917019
3779031,25721,2427,4.5,1171745242
3779032,25721,2470,2.0,1171743395
3779033,25721,2542,4.0,1171743401
3779034,25721,2571,4.0,1171744084
3779035,25721,2628,2.0,1171743856
3779036,25721,2677,4.5,1171745346
3779037,25721,2762,4.0,1171743860
3779038,25721,2890,4.0,1171743407
3779039,25721,2997,3.5,1171743971
3779040,25721,3003,4.0,1171745317
3779041,25721,3083,4.0,1172917055
3779042,25721,3089,4.0,1171744768
3779043,25721,3114,4.0,1171743975
3779044,25721,3408,3.5,1171744268
3779045,25721,3578,4.0,1171743923
3779046,25721,3623,4.0,1171744115
3779047,25721,3897,3.0,1171743820
3779048,25721,3948,4.0,1171744220
3779049,25721,4034,4.5,1171743784
3779050,25721,4226,4.0,1171743708
3779051,25721,4235,4.5,1172748576
3779052,25721,4246,2.5,1171743431
3779053,25721,4306,5.0,1171744102
3779054,25721,4848,3.0,1171744827
3779055,25721,4886,4.5,1171743755
3779056,25721,4963,3.5,1171743774
3779057,25721,4967,4.0,1171744751
3779058,25721,4973,4.5,1171744163
3779059,25721,4993,4.0,1171743782
3779060,25721,5299,2.0,1171744257
3779061,25721,5349,2.5,1171743920
3779062,25721,5418,3.5,1171744869
3779063,25721,5445,4.0,1171743836
3779064,25721,5607,4.5,1172917006
3779065,25721,5618,4.5,1171745224
3779066,25721,5669,4.5,1171744076
3779067,25721,5890,4.5,1171745267
3779068,25721,5952,3.5,1171743711
3779069,25721,5989,3.5,1171743809
3779070,25721,6016,5.0,1171744710
3779071,25721,6218,2.5,1171744876
3779072,25721,6235,4.5,1172748611
3779073,25721,6365,2.0,1171743750
3779074,25721,6377,4.0,1171743745
3779075,25721,6502,4.0,1171744839
3779076,25721,6539,2.0,1171743675
3779077,25721,6620,4.0,1171744798
3779078,25721,6668,4.0,1172748598
3779079,25721,6711,4.0,1171743996
3779080,25721,6717,4.5,1171744653
3779081,25721,6874,4.5,1171743736
3779082,25721,7139,4.0,1171744764
3779083,25721,7438,4.5,1171743699
3779084,25721,8014,4.0,1171745378
3779085,25721,8360,4.5,1171743929
3779086,25721,8622,3.5,1171744073
3779087,25721,8645,4.0,1172917009
3779088,25721,8665,3.0,1171744870
3779089,25721,8873,5.0,1171745197
3779090,25721,8961,3.5,1171743690
3779091,25721,27803,4.5,1171744673
3779092,25721,27815,4.0,1172748583
3779093,25721,30749,4.0,1172748567
3779094,25721,32587,4.0,1171743913
3779095,25721,33166,4.0,1171744271
3779096,25721,33493,2.0,1171743758
3779097,25721,34018,4.5,1171743901
3779098,25721,46578,4.5,1171745281
3779099,25721,49272,3.5,1171744111
3779100,25722,5,3.5,1400726537
3779101,25722,158,1.0,1400726538
3779102,25722,168,1.5,1400726567
3779103,25722,196,1.5,1400726556
3779104,25722,225,3.5,1400726577
3779105,25722,236,4.0,1400726570
3779106,25722,342,2.5,1400726571
3779107,25722,552,4.5,1400726548
3779108,25722,1094,3.0,1400726573
3779109,25722,1242,2.0,1400726576
3779110,25722,1358,4.0,1400726550
3779111,25722,1396,3.5,1400726574
3779112,25722,1909,2.5,1400726562
3779113,25722,2001,5.0,1400726541
3779114,25722,2006,2.5,1400726533
3779115,25722,2321,3.0,1400726545
3779116,25722,2599,4.0,1400726552
3779117,25722,2890,4.0,1400726564
3779118,25722,3101,4.0,1400726566
3779119,25722,3175,2.5,1400726553
3779120,25723,1,4.0,1253140477
3779121,25723,36,3.0,1253141215
3779122,25723,44,3.0,1253144994
3779123,25723,47,5.0,1253138139
3779124,25723,70,4.0,1253142066
3779125,25723,104,3.0,1253141661
3779126,25723,145,4.0,1253142957
3779127,25723,170,4.0,1253142081
3779128,25723,173,3.0,1253142565
3779129,25723,180,3.0,1253145635
3779130,25723,196,3.0,1253142743
3779131,25723,223,4.0,1253141698
3779132,25723,230,3.0,1253143847
3779133,25723,235,3.0,1253141917
3779134,25723,247,4.0,1253137830
3779135,25723,253,5.0,1253141006
3779136,25723,256,3.0,1253145226
3779137,25723,288,5.0,1253141415
3779138,25723,292,4.0,1253141095
3779139,25723,293,5.0,1253141291
3779140,25723,296,5.0,1253139208
3779141,25723,316,3.0,1253141227
3779142,25723,344,4.0,1253140508
3779143,25723,353,3.0,1253142761
3779144,25723,356,4.0,1253138846
3779145,25723,367,4.0,1253140538
3779146,25723,410,4.0,1253142154
3779147,25723,480,4.0,1253139216
3779148,25723,500,4.0,1253140532
3779149,25723,546,3.0,1253143726
3779150,25723,551,5.0,1253139470
3779151,25723,555,4.0,1253142683
3779152,25723,586,4.0,1253141167
3779153,25723,589,4.0,1253140479
3779154,25723,593,5.0,1253138857
3779155,25723,616,3.0,1253145886
3779156,25723,661,2.0,1253137917
3779157,25723,714,3.0,1253137575
3779158,25723,750,4.0,1253139641
3779159,25723,778,4.0,1253141532
3779160,25723,780,3.0,1253140489
3779161,25723,891,3.0,1253136893
3779162,25723,924,4.0,1253142022
3779163,25723,968,4.0,1253136288
3779164,25723,1032,3.0,1253145669
3779165,25723,1037,3.0,1253145858
3779166,25723,1073,4.0,1253140565
3779167,25723,1076,5.0,1253138302
3779168,25723,1080,4.0,1253141361
3779169,25723,1089,4.0,1253141060
3779170,25723,1097,4.0,1253140698
3779171,25723,1136,3.0,1253142917
3779172,25723,1193,4.0,1253140748
3779173,25723,1197,5.0,1253140729
3779174,25723,1206,5.0,1253140409
3779175,25723,1208,1.0,1253138977
3779176,25723,1214,5.0,1253140755
3779177,25723,1215,4.0,1253142055
3779178,25723,1230,5.0,1253141688
3779179,25723,1237,5.0,1253138564
3779180,25723,1241,5.0,1253140029
3779181,25723,1249,4.0,1253145011
3779182,25723,1253,3.0,1253146862
3779183,25723,1255,3.0,1253142041
3779184,25723,1258,3.0,1253141295
3779185,25723,1261,5.0,1253140008
3779186,25723,1265,4.0,1253140569
3779187,25723,1270,4.0,1253138769
3779188,25723,1274,3.0,1253145612
3779189,25723,1298,4.0,1253139529
3779190,25723,1333,4.0,1253142795
3779191,25723,1345,4.0,1253140285
3779192,25723,1347,4.0,1253143878
3779193,25723,1348,4.0,1253136661
3779194,25723,1350,5.0,1253136498
3779195,25723,1367,3.0,1253145172
3779196,25723,1391,4.0,1253143618
3779197,25723,1405,3.0,1253137308
3779198,25723,1407,4.0,1253141391
3779199,25723,1502,5.0,1253147227
3779200,25723,1527,3.0,1253141164
3779201,25723,1580,4.0,1253138922
3779202,25723,1591,2.0,1253136505
3779203,25723,1608,3.0,1253141668
3779204,25723,1639,4.0,1253141564
3779205,25723,1644,3.0,1253143803
3779206,25723,1673,3.0,1253141799
3779207,25723,1676,4.0,1253141397
3779208,25723,1682,4.0,1253141144
3779209,25723,1721,3.0,1253138824
3779210,25723,1732,3.0,1253141267
3779211,25723,1762,3.0,1253137612
3779212,25723,1831,3.0,1253145119
3779213,25723,1884,2.0,1253145986
3779214,25723,1917,3.0,1253140825
3779215,25723,1924,4.0,1253142108
3779216,25723,1954,4.0,1253141646
3779217,25723,1965,3.0,1253145261
3779218,25723,1982,3.0,1253143015
3779219,25723,1991,5.0,1253136862
3779220,25723,1994,5.0,1253140331
3779221,25723,1997,5.0,1253141786
3779222,25723,2003,5.0,1253142626
3779223,25723,2005,5.0,1253142724
3779224,25723,2033,3.0,1253137362
3779225,25723,2054,4.0,1253141764
3779226,25723,2067,4.0,1253137633
3779227,25723,2068,5.0,1253140278
3779228,25723,2118,3.0,1253142470
3779229,25723,2122,5.0,1253136846
3779230,25723,2124,5.0,1253143854
3779231,25723,2131,5.0,1253144518
3779232,25723,2160,3.0,1253142450
3779233,25723,2161,4.0,1253143135
3779234,25723,2167,4.0,1253137378
3779235,25723,2174,5.0,1253141062
3779236,25723,2232,4.0,1253142061
3779237,25723,2273,3.0,1253144138
3779238,25723,2291,5.0,1253141316
3779239,25723,2313,3.0,1253145412
3779240,25723,2329,4.0,1253141124
3779241,25723,2420,3.0,1253144780
3779242,25723,2450,3.0,1253142126
3779243,25723,2459,4.0,1253147455
3779244,25723,2513,4.0,1253143794
3779245,25723,2528,3.0,1253145931
3779246,25723,2571,2.0,1253138781
3779247,25723,2580,3.0,1253144400
3779248,25723,2606,5.0,1253136970
3779249,25723,2616,3.0,1253145443
3779250,25723,2657,1.0,1253140123
3779251,25723,2662,3.0,1253142480
3779252,25723,2664,3.0,1253146214
3779253,25723,2676,4.0,1253137870
3779254,25723,2683,4.0,1253141088
3779255,25723,2694,3.0,1253144422
3779256,25723,2700,4.0,1253139549
3779257,25723,2701,3.0,1253142571
3779258,25723,2710,2.0,1253140822
3779259,25723,2716,4.0,1253138883
3779260,25723,2746,5.0,1253144678
3779261,25723,2762,3.0,1253142900
3779262,25723,2790,4.0,1253138347
3779263,25723,2826,3.0,1253144938
3779264,25723,2872,3.0,1253136413
3779265,25723,2901,3.0,1253142045
3779266,25723,2926,3.0,1253136683
3779267,25723,2953,3.0,1253145207
3779268,25723,2959,4.0,1253138888
3779269,25723,2985,4.0,1253141754
3779270,25723,3005,3.0,1253145292
3779271,25723,3018,4.0,1253140066
3779272,25723,3033,4.0,1253142589
3779273,25723,3052,4.0,1253141278
3779274,25723,3075,4.0,1253139914
3779275,25723,3081,4.0,1253141938
3779276,25723,3174,4.0,1253144387
3779277,25723,3253,4.0,1253141594
3779278,25723,3294,4.0,1253138684
3779279,25723,3328,2.0,1253146820
3779280,25723,3409,4.0,1253145829
3779281,25723,3499,3.0,1253142800
3779282,25723,3535,4.0,1253144129
3779283,25723,3551,3.0,1253143074
3779284,25723,3556,4.0,1253145122
3779285,25723,3566,4.0,1253138236
3779286,25723,3608,3.0,1253143591
3779287,25723,3693,5.0,1253141878
3779288,25723,3694,4.0,1253141886
3779289,25723,3695,4.0,1253141890
3779290,25723,3752,3.0,1253144117
3779291,25723,3785,3.0,1253142728
3779292,25723,3793,3.0,1253138798
3779293,25723,3837,3.0,1253142101
3779294,25723,3847,3.0,1253146985
3779295,25723,3949,3.0,1253141725
3779296,25723,3970,4.0,1253143814
3779297,25723,3988,3.0,1253136495
3779298,25723,3996,4.0,1253138813
3779299,25723,4011,5.0,1253153644
3779300,25723,4036,3.0,1253147347
3779301,25723,4069,2.0,1253146022
3779302,25723,4105,5.0,1253140059
3779303,25723,4148,4.0,1253142806
3779304,25723,4226,4.0,1253138892
3779305,25723,4239,4.0,1253137426
3779306,25723,4299,3.0,1253144954
3779307,25723,4306,4.0,1253138877
3779308,25723,4308,3.0,1253141922
3779309,25723,4344,3.0,1253144899
3779310,25723,4369,3.0,1253142837
3779311,25723,4422,5.0,1253142304
3779312,25723,4437,4.0,1253143865
3779313,25723,4545,3.0,1253146848
3779314,25723,4641,3.0,1253144733
3779315,25723,4701,3.0,1253144790
3779316,25723,4720,3.0,1253141781
3779317,25723,4734,4.0,1253142969
3779318,25723,4744,3.0,1253143797
3779319,25723,4753,2.0,1253147393
3779320,25723,4754,4.0,1253139073
3779321,25723,4794,5.0,1253140016
3779322,25723,4816,4.0,1253142683
3779323,25723,4833,4.0,1253137476
3779324,25723,4878,4.0,1253141270
3779325,25723,4886,4.0,1253138834
3779326,25723,4993,4.0,1253140558
3779327,25723,5002,4.0,1253137784
3779328,25723,5003,3.0,1253137792
3779329,25723,5041,3.0,1253137743
3779330,25723,5128,2.0,1253147397
3779331,25723,5146,3.0,1253140055
3779332,25723,5147,5.0,1253138572
3779333,25723,5201,4.0,1253144087
3779334,25723,5218,4.0,1253141350
3779335,25723,5219,4.0,1253145181
3779336,25723,5254,3.0,1253137384
3779337,25723,5266,4.0,1253142601
3779338,25723,5349,3.0,1253138777
3779339,25723,5366,4.0,1253138502
3779340,25723,5400,2.0,1253145388
3779341,25723,5418,2.0,1253140708
3779342,25723,5419,2.0,1253144024
3779343,25723,5444,3.0,1253145024
3779344,25723,5449,3.0,1253146101
3779345,25723,5463,3.0,1253146835
3779346,25723,5507,3.0,1253145026
3779347,25723,5630,4.0,1253144153
3779348,25723,5679,3.0,1253141367
3779349,25723,5797,3.0,1253138265
3779350,25723,5903,2.0,1253137701
3779351,25723,5909,4.0,1253146718
3779352,25723,5952,4.0,1253138868
3779353,25723,6016,4.0,1253141446
3779354,25723,6140,4.0,1253139966
3779355,25723,6242,4.0,1253140041
3779356,25723,6287,3.0,1253145245
3779357,25723,6301,3.0,1253143078
3779358,25723,6303,4.0,1253138228
3779359,25723,6365,2.0,1253139409
3779360,25723,6373,3.0,1253141639
3779361,25723,6539,5.0,1253138040
3779362,25723,6659,4.0,1253142063
3779363,25723,6754,4.0,1253138467
3779364,25723,6863,3.0,1253141718
3779365,25723,6872,2.0,1253144292
3779366,25723,6874,4.0,1253138828
3779367,25723,6934,2.0,1253139444
3779368,25723,6975,3.0,1253140049
3779369,25723,6979,3.0,1253142757
3779370,25723,6987,4.0,1253139283
3779371,25723,7001,4.0,1253139996
3779372,25723,7022,4.0,1253139936
3779373,25723,7115,4.0,1253138679
3779374,25723,7116,4.0,1253144437
3779375,25723,7147,3.0,1253140973
3779376,25723,7153,4.0,1253140772
3779377,25723,7228,3.0,1253142096
3779378,25723,7235,4.0,1253144473
3779379,25723,7318,3.0,1253145304
3779380,25723,7327,5.0,1253140963
3779381,25723,7328,5.0,1253144526
3779382,25723,7331,3.0,1253144537
3779383,25723,7360,3.0,1253145056
3779384,25723,7361,4.0,1253138915
3779385,25723,7373,3.0,1253142635
3779386,25723,7387,4.0,1253139929
3779387,25723,7438,4.0,1253138819
3779388,25723,7454,3.0,1253145310
3779389,25723,7493,5.0,1253138386
3779390,25723,7577,5.0,1253139490
3779391,25723,7820,5.0,1253140952
3779392,25723,7845,3.0,1253142119
3779393,25723,7928,4.0,1253144543
3779394,25723,7936,4.0,1253139656
3779395,25723,7937,5.0,1253138555
3779396,25723,7939,4.0,1253142360
3779397,25723,7940,4.0,1253142266
3779398,25723,7941,5.0,1253138545
3779399,25723,7942,5.0,1253144492
3779400,25723,7982,4.0,1253137217
3779401,25723,8142,3.0,1253146726
3779402,25723,8225,3.0,1253143838
3779403,25723,8258,4.0,1253141893
3779404,25723,8371,2.0,1253145825
3779405,25723,8405,3.0,1253139908
3779406,25723,8507,5.0,1253139894
3779407,25723,8581,4.0,1253138049
3779408,25723,8636,3.0,1253139420
3779409,25723,8644,3.0,1253141302
3779410,25723,8810,3.0,1253145429
3779411,25723,8861,3.0,1253147204
3779412,25723,8906,4.0,1253147265
3779413,25723,8957,3.0,1253142670
3779414,25723,8961,3.0,1253144588
3779415,25723,8972,3.0,1253145276
3779416,25723,8983,3.0,1253144917
3779417,25723,8985,4.0,1253137391
3779418,25723,26241,3.0,1253142318
3779419,25723,26248,3.0,1253147402
3779420,25723,26258,4.0,1253137690
3779421,25723,26523,3.0,1253141584
3779422,25723,26774,2.0,1253145480
3779423,25723,26915,4.0,1253141979
3779424,25723,27317,5.0,1253140022
3779425,25723,27441,3.0,1253142380
3779426,25723,27480,3.0,1253145602
3779427,25723,27563,3.0,1253139475
3779428,25723,27660,2.0,1253144983
3779429,25723,27773,4.0,1253144871
3779430,25723,27831,4.0,1253137927
3779431,25723,30745,3.0,1253146720
3779432,25723,30793,3.0,1253139357
3779433,25723,30850,4.0,1253138329
3779434,25723,31150,2.0,1253138106
3779435,25723,31410,4.0,1253143001
3779436,25723,31952,4.0,1253144620
3779437,25723,32587,4.0,1253141022
3779438,25723,33683,4.0,1253137844
3779439,25723,33896,4.0,1253138426
3779440,25723,34048,3.0,1253141445
3779441,25723,34155,4.0,1253144508
3779442,25723,37729,5.0,1253137532
3779443,25723,37741,2.0,1253144738
3779444,25723,37853,4.0,1253137883
3779445,25723,38097,3.0,1253139988
3779446,25723,42710,3.0,1253141249
3779447,25723,42738,4.0,1253138469
3779448,25723,44197,3.0,1253137732
3779449,25723,45662,3.0,1253138344
3779450,25723,45722,5.0,1253138038
3779451,25723,45728,4.0,1253145133
3779452,25723,47518,3.0,1253137233
3779453,25723,47810,3.0,1253144308
3779454,25723,48142,2.0,1253138245
3779455,25723,48304,3.0,1253145192
3779456,25723,48385,4.0,1253140799
3779457,25723,48394,4.0,1253137993
3779458,25723,50872,3.0,1253141050
3779459,25723,52668,4.0,1253137855
3779460,25723,52722,3.0,1253139434
3779461,25723,52973,3.0,1253139038
3779462,25723,53121,3.0,1253145875
3779463,25723,53125,5.0,1253138034
3779464,25723,53827,5.0,1253141238
3779465,25723,54259,3.0,1253142660
3779466,25723,54272,5.0,1253141080
3779467,25723,54286,2.0,1253136443
3779468,25723,54503,4.0,1253138168
3779469,25723,54648,3.0,1253143743
3779470,25723,54997,2.0,1253137147
3779471,25723,55247,5.0,1253137894
3779472,25723,55276,3.0,1253144827
3779473,25723,55282,3.0,1253137180
3779474,25723,55444,4.0,1253144623
3779475,25723,55820,4.0,1253140726
3779476,25723,55830,3.0,1253146164
3779477,25723,55955,3.0,1253137767
3779478,25723,55995,2.0,1253146132
3779479,25723,56079,3.0,1253143750
3779480,25723,56152,3.0,1253139536
3779481,25723,56171,3.0,1253145577
3779482,25723,56174,3.0,1253141152
3779483,25723,56251,4.0,1253146853
3779484,25723,56339,4.0,1253139999
3779485,25723,56367,4.0,1253140700
3779486,25723,56757,5.0,1253139524
3779487,25723,56775,3.0,1253145460
3779488,25723,57274,4.0,1253138092
3779489,25723,57368,3.0,1253142774
3779490,25723,57669,3.0,1253142643
3779491,25723,58025,3.0,1253145592
3779492,25723,58105,3.0,1253139384
3779493,25723,58295,4.0,1253145266
3779494,25723,58306,4.0,1253137949
3779495,25723,58559,4.0,1253136337
3779496,25723,58964,5.0,1253137203
3779497,25723,58998,3.0,1253142783
3779498,25723,59306,3.0,1253144338
3779499,25723,59315,3.0,1253140705
3779500,25723,59369,4.0,1253138188
3779501,25723,59501,3.0,1253138255
3779502,25723,59615,3.0,1253136837
3779503,25723,59784,4.0,1253139343
3779504,25723,59900,4.0,1253138510
3779505,25723,60040,3.0,1253142952
3779506,25723,60069,3.0,1253138873
3779507,25723,60072,3.0,1253144165
3779508,25723,60074,2.0,1253142576
3779509,25723,60126,3.0,1253145324
3779510,25723,60363,2.0,1253138529
3779511,25723,60647,4.0,1253138436
3779512,25723,60649,3.0,1253144033
3779513,25723,60753,3.0,1253143083
3779514,25723,60756,2.0,1253138159
3779515,25723,60950,4.0,1253138482
3779516,25723,61024,4.0,1253138020
3779517,25723,61132,3.0,1253142541
3779518,25723,61248,4.0,1253137599
3779519,25723,61250,2.0,1253138291
3779520,25723,61267,3.0,1253137754
3779521,25723,61323,3.0,1253136910
3779522,25723,61348,4.0,1253137624
3779523,25723,61350,2.0,1253137269
3779524,25723,61401,2.0,1253138361
3779525,25723,61465,3.0,1253137294
3779526,25723,62081,4.0,1253137666
3779527,25723,62265,4.0,1253138210
3779528,25723,62434,4.0,1253138519
3779529,25723,62956,4.0,1253137816
3779530,25723,62999,3.0,1253139378
3779531,25723,63033,3.0,1253137408
3779532,25723,63062,4.0,1253137471
3779533,25723,63113,4.0,1253138073
3779534,25723,63131,3.0,1253145686
3779535,25723,63479,4.0,1253138148
3779536,25723,63540,2.0,1253137346
3779537,25723,63859,3.0,1253139722
3779538,25723,63992,3.0,1253145586
3779539,25723,64037,4.0,1253138179
3779540,25723,64231,2.0,1253138061
3779541,25723,64497,3.0,1253139427
3779542,25723,64957,4.0,1253138277
3779543,25723,64969,3.0,1253145109
3779544,25723,65045,2.0,1253137249
3779545,25723,65088,3.0,1253137319
3779546,25723,65155,2.0,1253141415
3779547,25723,65567,4.0,1253138008
3779548,25723,65577,2.0,1253138377
3779549,25723,65682,4.0,1253138462
3779550,25723,65731,4.0,1253138220
3779551,25723,65817,3.0,1253137642
3779552,25723,65982,4.0,1253137982
3779553,25723,66240,1.0,1253137558
3779554,25723,66289,5.0,1253143560
3779555,25723,66304,3.0,1253146038
3779556,25723,66691,4.0,1253138413
3779557,25723,66808,3.0,1253137723
3779558,25723,67168,2.0,1253137544
3779559,25723,68963,3.0,1253137679
3779560,25723,69131,3.0,1253145846
3779561,25723,69275,3.0,1253137587
3779562,25723,69784,4.0,1253137026
3779563,25724,3,3.0,1129662295
3779564,25724,19,2.5,1129662530
3779565,25724,104,4.5,1129662299
3779566,25724,110,5.0,1129662512
3779567,25724,180,3.5,1129662972
3779568,25724,208,3.5,1129662540
3779569,25724,383,3.5,1129662695
3779570,25724,420,1.0,1129662316
3779571,25724,432,1.0,1129662348
3779572,25724,435,0.5,1129662346
3779573,25724,524,5.0,1129662906
3779574,25724,733,4.0,1129662955
3779575,25724,802,3.5,1129662550
3779576,25724,805,5.0,1129662946
3779577,25724,1101,5.0,1129662303
3779578,25724,1208,4.0,1129662279
3779579,25724,1266,3.0,1129662504
3779580,25724,1270,2.5,1129662968
3779581,25724,1304,3.0,1129662318
3779582,25724,1370,2.0,1129662516
3779583,25724,1393,4.5,1129662949
3779584,25724,1468,3.0,1129662824
3779585,25724,1479,3.5,1129662672
3779586,25724,1485,4.0,1129662353
3779587,25724,1517,3.0,1129662930
3779588,25724,1753,3.5,1129662811
3779589,25724,1797,4.5,1129663084
3779590,25724,1884,3.0,1129662657
3779591,25724,1917,3.0,1129662282
3779592,25724,2000,2.0,1129662901
3779593,25724,2012,3.5,1129662311
3779594,25724,2115,3.0,1129662326
3779595,25724,2125,3.0,1129662665
3779596,25724,2174,1.0,1129662286
3779597,25724,2268,4.0,1129662941
3779598,25724,2542,5.0,1129662490
3779599,25724,2605,3.0,1129662638
3779600,25724,2797,3.0,1129662289
3779601,25724,2959,3.5,1129662498
3779602,25724,3033,3.5,1129662509
3779603,25724,3247,0.5,1129662615
3779604,25724,3253,2.0,1129662927
3779605,25724,3256,4.0,1129662933
3779606,25724,3285,4.0,1129662622
3779607,25724,3444,0.5,1129662779
3779608,25724,3552,2.5,1129662602
3779609,25724,3686,3.0,1129662611
3779610,25724,3897,4.0,1129662341
3779611,25724,3916,4.5,1129662916
3779612,25724,3996,4.5,1129663264
3779613,25724,4085,2.0,1129662893
3779614,25724,4458,4.5,1129663069
3779615,25724,4459,4.0,1129663096
3779616,25724,4623,2.0,1129662882
3779617,25724,5103,1.0,1129662886
3779618,25724,5266,3.0,1129662591
3779619,25724,5283,3.5,1129662740
3779620,25724,5325,3.5,1129663135
3779621,25724,5378,3.0,1129662487
3779622,25724,5524,2.0,1129662722
3779623,25724,5630,4.0,1129662589
3779624,25724,5669,4.5,1129663110
3779625,25724,5782,3.5,1129663270
3779626,25724,5952,4.0,1129662333
3779627,25724,6016,5.0,1129663307
3779628,25724,6188,5.0,1129662575
3779629,25724,6333,4.0,1129662572
3779630,25724,6598,5.0,1129663090
3779631,25724,6754,4.0,1129662731
3779632,25724,6986,4.5,1129663287
3779633,25724,7090,4.0,1129663259
3779634,25724,7139,5.0,1129662727
3779635,25724,7451,2.0,1129662713
3779636,25724,8622,5.0,1129663121
3779637,25724,8636,4.5,1129662581
3779638,25724,27846,5.0,1129663116
3779639,25724,27882,4.0,1129663106
3779640,25725,1,4.0,856982284
3779641,25725,5,3.0,856982345
3779642,25725,7,4.0,856982345
3779643,25725,12,4.0,856982433
3779644,25725,58,3.0,856982375
3779645,25725,104,3.0,856982375
3779646,25725,107,3.0,856982413
3779647,25725,112,2.0,856982375
3779648,25725,141,4.0,856982284
3779649,25725,260,4.0,856982375
3779650,25725,605,3.0,856982740
3779651,25725,608,4.0,856982662
3779652,25725,609,3.0,856982456
3779653,25725,648,3.0,856982284
3779654,25725,663,4.0,856982521
3779655,25725,673,3.0,856982886
3779656,25725,694,2.0,856982521
3779657,25725,733,5.0,856982344
3779658,25725,736,4.0,856982284
3779659,25725,742,3.0,856982701
3779660,25725,743,4.0,856982413
3779661,25725,747,2.0,856982456
3779662,25725,780,2.0,856982284
3779663,25725,786,4.0,856982345
3779664,25725,798,3.0,856982740
3779665,25725,799,2.0,856982612
3779666,25725,802,4.0,856982413
3779667,25725,810,1.0,856982521
3779668,25725,832,3.0,856982662
3779669,25725,833,1.0,856982795
3779670,25725,840,3.0,856983230
3779671,25725,866,2.0,856982740
3779672,25725,892,4.0,856982701
3779673,25725,893,3.0,856982941
3779674,25725,981,3.0,856982941
3779675,25725,993,3.0,856982941
3779676,25725,1004,3.0,856982886
3779677,25725,1034,3.0,856983230
3779678,25725,1040,3.0,856982886
3779679,25725,1041,2.0,856982740
3779680,25725,1043,3.0,856982835
3779681,25725,1046,3.0,856982834
3779682,25725,1052,4.0,856982994
3779683,25725,1056,3.0,856982941
3779684,25725,1057,3.0,856982886
3779685,25725,1059,4.0,856982521
3779686,25725,1073,4.0,856982345
3779687,25725,1111,4.0,856982835
3779688,25725,1112,2.0,856983037
3779689,25725,1113,2.0,856982740
3779690,25725,1117,3.0,856982941
3779691,25725,1120,4.0,856982740
3779692,25725,1144,3.0,856982994
3779693,25725,1147,3.0,856983230
3779694,25725,1167,2.0,856982795
3779695,25725,1183,3.0,856982662
3779696,25725,1353,3.0,856982701
3779697,25725,1355,3.0,856982941
3779698,25725,1356,4.0,856982662
3779699,25725,1357,3.0,856982662
3779700,25725,1359,3.0,856982886
3779701,25725,1363,4.0,856982834
3779702,25725,1365,4.0,856982835
3779703,25725,1366,3.0,856982795
3779704,25725,1390,3.0,856982740
3779705,25725,1391,3.0,856982701
3779706,25725,1393,4.0,856982662
3779707,25725,1398,3.0,856982941
3779708,25725,1399,3.0,856982835
3779709,25725,1401,3.0,856982740
3779710,25725,1405,3.0,856982701
3779711,25725,1409,3.0,856982701
3779712,25725,1410,2.0,856982886
3779713,25725,1411,3.0,856982662
3779714,25725,1416,5.0,856982740
3779715,25725,1417,3.0,856982994
3779716,25725,1420,3.0,856982994
3779717,25725,1425,4.0,856982834
3779718,25725,1427,3.0,856983037
3779719,25725,1429,1.0,856982740
3779720,25725,1432,3.0,856982835
3779721,25725,1437,3.0,856983230
3779722,25725,1438,4.0,856982886
3779723,25725,1457,3.0,856982941
3779724,25725,1461,3.0,856983230
3779725,25725,1464,2.0,856983230
3779726,25725,1465,3.0,856983230
3779727,25725,4424,3.0,856982795
3779728,25726,2,4.0,836739671
3779729,25726,5,3.0,836740353
3779730,25726,9,3.0,836741411
3779731,25726,10,3.0,836739291
3779732,25726,15,3.0,836741125
3779733,25726,19,4.0,836739394
3779734,25726,23,3.0,836740751
3779735,25726,31,4.0,836739947
3779736,25726,44,3.0,836739790
3779737,25726,47,4.0,836739328
3779738,25726,60,4.0,836740639
3779739,25726,110,5.0,836739329
3779740,25726,122,3.0,836740751
3779741,25726,145,5.0,836740192
3779742,25726,150,3.0,836738737
3779743,25726,153,5.0,836738772
3779744,25726,158,4.0,836739758
3779745,25726,161,4.0,836738936
3779746,25726,164,2.0,836741377
3779747,25726,165,3.0,836738772
3779748,25726,169,2.0,836740639
3779749,25726,170,3.0,836740639
3779750,25726,172,3.0,836739758
3779751,25726,173,2.0,836739545
3779752,25726,174,3.0,836741019
3779753,25726,181,2.0,836740251
3779754,25726,191,2.0,836741643
3779755,25726,196,4.0,836739611
3779756,25726,198,4.0,836740702
3779757,25726,204,2.0,836739721
3779758,25726,208,3.0,836739291
3779759,25726,216,5.0,836740411
3779760,25726,223,4.0,836739983
3779761,25726,225,3.0,836739394
3779762,25726,231,5.0,836738887
3779763,25726,234,2.0,836740354
3779764,25726,249,1.0,836740702
3779765,25726,252,3.0,836739611
3779766,25726,253,4.0,836739291
3779767,25726,256,3.0,836739790
3779768,25726,262,2.0,836741125
3779769,25726,267,4.0,836740841
3779770,25726,276,3.0,836740017
3779771,25726,277,3.0,836739983
3779772,25726,280,4.0,836740303
3779773,25726,288,2.0,836739328
3779774,25726,289,3.0,836740920
3779775,25726,292,4.0,836738936
3779776,25726,296,4.0,836738739
3779777,25726,305,2.0,836740354
3779778,25726,306,1.0,836740841
3779779,25726,307,1.0,836740920
3779780,25726,308,1.0,836740962
3779781,25726,315,2.0,836739490
3779782,25726,317,4.0,836739394
3779783,25726,318,4.0,836738887
3779784,25726,332,3.0,836741729
3779785,25726,333,4.0,836739890
3779786,25726,338,4.0,836740538
3779787,25726,339,3.0,836738936
3779788,25726,344,5.0,836738772
3779789,25726,349,3.0,836738772
3779790,25726,350,3.0,836739721
3779791,25726,351,3.0,836740921
3779792,25726,353,4.0,836740017
3779793,25726,355,4.0,836740138
3779794,25726,356,4.0,836739456
3779795,25726,361,3.0,836741377
3779796,25726,362,3.0,836740841
3779797,25726,364,4.0,836739423
3779798,25726,366,3.0,836741643
3779799,25726,367,5.0,836739490
3779800,25726,368,4.0,836740354
3779801,25726,370,4.0,836740538
3779802,25726,371,5.0,836740841
3779803,25726,374,3.0,836741324
3779804,25726,376,3.0,836740538
3779805,25726,377,4.0,836739671
3779806,25726,380,4.0,836738740
3779807,25726,382,3.0,836741729
3779808,25726,383,2.0,836740962
3779809,25726,410,4.0,836739328
3779810,25726,413,4.0,836740303
3779811,25726,415,3.0,836741172
3779812,25726,419,3.0,836741212
3779813,25726,420,3.0,836739424
3779814,25726,426,3.0,836741172
3779815,25726,431,2.0,836740354
3779816,25726,432,3.0,836739490
3779817,25726,434,3.0,836738936
3779818,25726,435,4.0,836739490
3779819,25726,442,4.0,836739839
3779820,25726,454,3.0,836739424
3779821,25726,455,3.0,836741125
3779822,25726,457,4.0,836739291
3779823,25726,466,3.0,836740702
3779824,25726,474,3.0,836740054
3779825,25726,475,3.0,836741058
3779826,25726,477,3.0,836740411
3779827,25726,480,5.0,836739490
3779828,25726,485,4.0,836740475
3779829,25726,491,3.0,836740751
3779830,25726,497,1.0,836740303
3779831,25726,500,4.0,836739758
3779832,25726,508,4.0,836740138
3779833,25726,519,3.0,836741518
3779834,25726,520,3.0,836740702
3779835,25726,524,4.0,836741728
3779836,25726,527,3.0,836739790
3779837,25726,532,4.0,836741212
3779838,25726,533,2.0,836741474
3779839,25726,535,1.0,836741643
3779840,25726,539,3.0,836739839
3779841,25726,540,3.0,836741058
3779842,25726,543,4.0,836741212
3779843,25726,546,3.0,836741473
3779844,25726,551,4.0,836739983
3779845,25726,552,3.0,836740251
3779846,25726,553,3.0,836739545
3779847,25726,555,3.0,836739839
3779848,25726,585,4.0,836740104
3779849,25726,586,4.0,836739945
3779850,25726,587,4.0,836739890
3779851,25726,588,3.0,836738772
3779852,25726,589,5.0,836739545
3779853,25726,590,3.0,836738736
3779854,25726,592,4.0,836738735
3779855,25726,593,3.0,836738936
3779856,25726,594,3.0,836740639
3779857,25726,596,3.0,836741172
3779858,25726,597,3.0,836739889
3779859,25726,648,4.0,836740475
3779860,25726,736,4.0,836740192
3779861,25727,260,5.0,1337223326
3779862,25727,296,5.0,1337223467
3779863,25727,345,5.0,1337193069
3779864,25727,355,0.5,1337193116
3779865,25727,527,5.0,1337223150
3779866,25727,541,5.0,1337223389
3779867,25727,593,5.0,1337223355
3779868,25727,750,5.0,1337222770
3779869,25727,800,5.0,1337223632
3779870,25727,898,5.0,1337223086
3779871,25727,899,5.0,1337193096
3779872,25727,903,4.5,1337223242
3779873,25727,904,5.0,1337223115
3779874,25727,905,3.5,1337222903
3779875,25727,908,4.5,1337223046
3779876,25727,909,4.5,1337222680
3779877,25727,910,5.0,1337193026
3779878,25727,911,5.0,1337222732
3779879,25727,912,5.0,1337222727
3779880,25727,913,4.5,1337222997
3779881,25727,914,5.0,1337223018
3779882,25727,915,4.5,1337223134
3779883,25727,916,5.0,1337223127
3779884,25727,919,5.0,1337223261
3779885,25727,920,5.0,1337222800
3779886,25727,922,5.0,1337223193
3779887,25727,923,5.0,1337222740
3779888,25727,926,5.0,1337222667
3779889,25727,930,4.0,1337223070
3779890,25727,933,5.0,1337223212
3779891,25727,936,5.0,1337223031
3779892,25727,945,5.0,1337223229
3779893,25727,950,5.0,1337223202
3779894,25727,951,4.0,1337222913
3779895,25727,953,3.5,1337222886
3779896,25727,954,4.5,1337223014
3779897,25727,955,5.0,1337222712
3779898,25727,965,5.0,1337222647
3779899,25727,969,5.0,1337222661
3779900,25727,1028,5.0,1337223272
3779901,25727,1059,5.0,1337193079
3779902,25727,1086,4.0,1337222758
3779903,25727,1088,5.0,1337193031
3779904,25727,1104,5.0,1337223183
3779905,25727,1136,4.5,1337223400
3779906,25727,1147,4.5,1337223423
3779907,25727,1172,5.0,1337223446
3779908,25727,1193,5.0,1337223498
3779909,25727,1196,5.0,1337223368
3779910,25727,1198,5.0,1337223104
3779911,25727,1201,5.0,1337223532
3779912,25727,1203,5.0,1337222643
3779913,25727,1204,5.0,1337222988
3779914,25727,1207,5.0,1337223216
3779915,25727,1209,5.0,1337223494
3779916,25727,1212,5.0,1337223206
3779917,25727,1217,4.0,1337223350
3779918,25727,1219,4.5,1337223097
3779919,25727,1225,5.0,1337222670
3779920,25727,1230,4.0,1337222675
3779921,25727,1231,3.5,1337223122
3779922,25727,1233,5.0,1337223505
3779923,25727,1234,5.0,1337223167
3779924,25727,1237,5.0,1337223551
3779925,25727,1244,4.5,1337223007
3779926,25727,1247,5.0,1337222805
3779927,25727,1250,5.0,1337222709
3779928,25727,1252,5.0,1337222736
3779929,25727,1254,4.5,1337223236
3779930,25727,1262,5.0,1337222819
3779931,25727,1267,5.0,1337223002
3779932,25727,1269,4.0,1337222686
3779933,25727,1276,5.0,1337222754
3779934,25727,1278,5.0,1337223256
3779935,25727,1283,4.0,1337222917
3779936,25727,1284,4.0,1337222704
3779937,25727,1285,3.0,1337193058
3779938,25727,1293,5.0,1337193083
3779939,25727,1299,4.5,1337223626
3779940,25727,1304,5.0,1337222723
3779941,25727,1339,3.0,1337193104
3779942,25727,1466,2.0,1337193106
3779943,25727,1569,2.5,1337193112
3779944,25727,1597,5.0,1337193034
3779945,25727,1690,5.0,1337193039
3779946,25727,1747,3.0,1337193054
3779947,25727,1939,5.0,1337222692
3779948,25727,1944,5.0,1337222785
3779949,25727,1945,5.0,1337223074
3779950,25727,1949,5.0,1337223479
3779951,25727,1950,3.5,1337222859
3779952,25727,2003,4.0,1337193045
3779953,25727,2080,4.0,1337193087
3779954,25727,2186,4.5,1337223178
3779955,25727,2300,5.0,1337223092
3779956,25727,2313,3.5,1337222780
3779957,25727,2324,4.0,1337223331
3779958,25727,2329,4.5,1337223429
3779959,25727,2412,3.5,1337224268
3779960,25727,2571,5.0,1337223340
3779961,25727,2731,5.0,1337222652
3779962,25727,2858,4.0,1337223359
3779963,25727,2937,5.0,1337223078
3779964,25727,2959,4.0,1337223307
3779965,25727,3088,3.5,1337222923
3779966,25727,3089,4.0,1337222700
3779967,25727,3095,4.5,1337222933
3779968,25727,3196,4.0,1337223162
3779969,25727,3334,4.0,1337222958
3779970,25727,3435,4.0,1337222764
3779971,25727,3468,5.0,1337222853
3779972,25727,3469,5.0,1337223536
3779973,25727,3504,4.5,1337223025
3779974,25727,3593,0.5,1337223688
3779975,25727,3730,4.0,1337222749
3779976,25727,4226,5.0,1337223345
3779977,25727,4397,4.0,1337224428
3779978,25727,4432,4.0,1337223587
3779979,25727,4973,4.5,1337223296
3779980,25727,4993,5.0,1337223454
3779981,25727,5008,5.0,1337223251
3779982,25727,5147,4.5,1337223600
3779983,25727,5291,3.5,1337223109
3779984,25727,5675,3.0,1337223745
3779985,25727,5952,5.0,1337223542
3779986,25727,6016,4.5,1337223275
3779987,25727,7153,5.0,1337223464
3779988,25727,7361,4.0,1337223513
3779989,25727,7502,5.0,1337223268
3779990,25727,8228,5.0,1337223638
3779991,25727,27793,3.5,1337223947
3779992,25727,48516,4.5,1337223561
3779993,25727,57532,1.5,1337223720
3779994,25727,77658,4.5,1337223286
3779995,25727,79132,5.0,1337223312
3779996,25727,89745,5.0,1337223406
3779997,25728,1,4.0,859561402
3779998,25728,3,3.0,859561455
3779999,25728,5,3.0,859561455
